0.5 1870332
1.0 1870300
1.5 1870300
2.0 1870300
2.5 1870300
3.0 1870300
3.5 1870300
4.0 1870300
4.5 1870300
5.0 1870300
5.5 1870300
6.0 1870268
6.5 1870268
7.0 1870268
7.5 1870268
8.0 1870268
8.5 1870300
9.0 1870300
9.5 1870300
10.0 1870300
10.5 1870268
11.0 1870268
11.5 1870268
12.0 1870268
12.5 1870268
13.0 1870268
13.5 1870268
14.0 1870268
14.5 1870268
15.0 1870300
15.5 1870300
16.0 1870300
16.5 1870300
17.0 1870300
17.5 1870300
18.0 1870300
18.5 1870300
19.0 1870300
19.5 1870300
20.0 1870300
20.5 1870300
21.0 1870268
21.5 1870268
22.0 1870268
22.5 1870300
23.0 1870300
23.5 1870300
24.0 1870300
24.5 1870268
25.0 1870268
25.5 1870268
26.0 1870268
26.5 1870268
27.0 1870268
27.5 1870268
28.0 1870268
28.5 1870268
29.0 1870236
29.5 1870236
30.0 1876348
30.5 1876916
31.0 1877612
31.5 1878276
32.0 1877876
32.5 1878144
33.0 1877908
33.5 1877828
34.0 1877956
34.5 1878080
35.0 1878152
35.5 1877916
36.0 1878044
36.5 1877580
37.0 1878328
37.5 1877660
38.0 1877444
38.5 1877396
39.0 1877948
39.5 1877820
40.0 1877876
40.5 1877924
41.0 1877828
41.5 1877688
42.0 1877516
42.5 1877576
43.0 1877972
43.5 1877716
44.0 1877624
44.5 1877844
45.0 1877840
45.5 1877524
46.0 1877808
46.5 1877936
47.0 1877760
47.5 1878060
48.0 1877792
48.5 1877888
49.0 1877952
49.5 1877920
50.0 1877976
50.5 1877960
51.0 1877976
51.5 1877676
52.0 1872308
52.5 1871828
53.0 1871828
53.5 1871828
54.0 1871828
54.5 1871828
55.0 1871828
55.5 1871828
56.0 1871888
56.5 1871856
57.0 1871856
57.5 1871856
58.0 1871856
58.5 1871856
59.0 1871856
59.5 1871856
60.0 1871856
60.5 1871856
61.0 1871824
61.5 1871824
62.0 1871824
62.5 1871824
63.0 1871856
63.5 1871856
64.0 1871856
64.5 1871856
65.0 1871856
65.5 1871856
66.0 1871824
66.5 1871824
67.0 1871824
67.5 1871824
68.0 1871824
68.5 1871824
69.0 1871824
69.5 1871824
70.0 1871824
70.5 1871824
71.0 1871856
71.5 1871856
72.0 1871856
72.5 1871856
73.0 1871856
73.5 1871856
74.0 1871856
74.5 1871856
75.0 1877884
75.5 1877932
76.0 1878104
76.5 1877860
77.0 1877860
77.5 1877748
78.0 1877780
78.5 1877608
79.0 1877688
79.5 1877812
80.0 1877884
80.5 1878012
81.0 1877852
81.5 1877640
82.0 1877680
82.5 1877884
83.0 1877884
83.5 1877900
84.0 1878088
84.5 1877728
85.0 1877912
85.5 1878244
86.0 1877912
86.5 1877928
87.0 1877928
87.5 1878512
88.0 1878164
88.5 1877960
89.0 1877976
89.5 1877848
90.0 1878076
90.5 1878380
91.0 1877808
91.5 1877920
92.0 1878124
92.5 1877984
93.0 1878300
93.5 1877840
94.0 1878204
94.5 1877432
95.0 1877632
95.5 1877728
96.0 1877744
96.5 1877632
97.0 1872104
97.5 1872136
98.0 1872136
98.5 1872136
99.0 1872104
99.5 1872104
100.0 1872104
100.5 1872104
101.0 1872104
101.5 1872104
102.0 1872104
102.5 1872104
103.0 1872072
103.6 1872072
104.1 1872072
104.6 1872072
105.1 1872136
105.6 1872136
106.1 1872136
106.7 1872136
107.2 1872136
107.7 1872136
108.2 1872104
108.7 1872104
109.2 1872104
109.7 1872104
110.2 1872104
110.7 1872104
111.2 1872104
111.7 1872104
112.2 1872104
112.7 1872136
113.2 1872136
113.7 1872136
114.2 1872136
114.7 1872136
115.2 1872136
115.7 1872136
116.2 1872136
116.7 1872136
117.2 1872104
117.7 1872104
118.2 1872104
118.7 1872104
119.2 1872104
119.7 1872104
120.2 1877796
120.7 1877656
121.2 1877828
121.7 1878192
122.2 1878032
122.7 1877952
123.2 1878176
123.7 1877672
124.2 1877876
124.7 1877972
125.2 1877760
125.7 1878120
126.2 1878040
126.7 1878056
127.2 1877804
127.7 1877740
128.2 1878216
128.7 1877752
129.2 1878208
129.7 1877812
130.2 1877940
130.7 1878196
131.2 1878224
131.7 1878160
132.2 1878128
132.7 1878176
133.2 1878208
133.7 1877796
134.2 1878128
134.7 1878332
135.2 1877704
135.7 1877828
136.2 1877828
136.7 1877680
137.2 1878176
137.7 1877860
138.2 1877892
138.7 1877608
139.2 1877800
139.7 1877828
140.2 1877808
140.7 1878000
141.2 1878000
141.7 1878064
142.2 1873108
142.7 1871984
143.2 1871984
143.7 1871984
144.2 1872016
144.7 1872016
145.2 1872016
145.7 1872016
146.2 1872008
146.7 1872008
147.2 1872008
147.7 1872008
148.2 1872008
148.7 1871976
149.2 1871976
149.7 1871976
150.2 1871976
150.7 1871976
151.2 1872008
151.7 1872008
152.2 1872008
152.7 1872008
153.2 1872008
153.7 1872008
154.2 1872008
154.7 1871976
155.2 1871976
155.7 1871976
156.2 1871976
156.7 1871976
157.2 1871976
157.7 1871976
158.2 1872008
158.7 1872008
159.2 1872008
159.7 1872008
160.2 1872008
160.7 1872008
161.2 1872008
161.7 1872008
162.2 1872008
162.7 1872008
163.2 1872008
163.7 1872008
164.2 1871976
164.7 1871976
165.2 1877952
165.7 1877612
166.2 1877752
166.7 1877644
167.2 1877060
167.7 1877280
168.2 1877280
168.7 1877312
169.2 1877660
169.7 1877532
170.2 1877684
170.7 1877208
171.2 1877448
171.7 1877808
172.2 1878204
172.7 1877792
173.2 1877952
173.7 1877672
174.2 1878272
174.7 1877864
175.2 1878172
175.7 1877732
176.2 1877864
176.7 1877644
177.2 1877960
177.7 1877768
178.2 1877344
178.7 1877360
179.2 1877596
179.7 1877392
180.2 1877248
180.7 1876836
181.2 1877140
181.7 1877804
182.2 1878168
182.7 1877912
183.2 1877864
183.7 1878244
184.2 1878052
184.7 1877944
185.2 1878096
185.7 1877812
186.2 1878096
186.7 1877764
187.2 1878412
187.7 1878096
188.2 1874016
188.7 1872108
189.2 1872108
189.7 1872108
190.2 1872068
190.7 1872068
191.2 1872068
191.7 1872068
192.2 1872068
192.7 1872100
193.2 1872100
193.7 1872100
194.2 1872068
194.7 1872068
195.2 1872068
195.7 1872068
196.2 1872068
196.7 1872068
197.2 1872068
197.7 1872068
198.2 1872068
198.7 1872036
199.2 1872100
199.7 1872100
200.2 1872100
200.7 1872100
201.2 1872100
201.7 1872100
202.2 1872100
202.7 1872100
203.2 1872100
203.7 1872100
204.2 1872068
204.7 1872068
205.2 1872068
205.7 1872068
206.2 1872068
206.7 1872100
207.2 1872100
207.7 1872100
208.2 1872068
208.7 1872068
209.2 1872068
209.7 1872068
210.2 1878176
210.7 1878080
211.2 1877968
211.7 1878292
212.2 1878104
212.7 1877868
213.2 1877820
213.7 1877600
214.2 1877648
214.7 1877740
215.2 1877808
215.7 1878376
216.2 1878092
216.7 1877856
217.2 1877700
217.7 1878060
218.2 1877840
218.7 1878140
219.2 1877840
219.7 1877700
220.2 1877640
220.7 1877532
221.2 1877452
221.7 1877024
222.2 1876992
222.7 1876928
223.2 1877104
223.7 1877592
224.2 1877560
224.7 1877528
225.2 1877508
225.7 1877700
226.2 1877952
226.7 1877540
227.2 1877744
227.7 1877872
228.2 1877776
228.7 1878108
229.2 1877888
229.7 1877824
230.2 1878556
230.7 1877896
231.2 1878256
231.7 1877724
232.2 1877580
232.7 1877436
233.2 1871440
233.8 1871440
234.3 1871440
234.8 1871440
235.3 1871436
235.8 1871436
236.3 1871468
236.8 1871468
237.3 1871468
237.8 1871468
238.3 1871468
238.8 1871468
239.3 1871468
239.8 1871468
240.3 1871468
240.8 1871436
241.3 1871436
241.8 1871436
242.4 1871436
242.9 1871436
243.4 1871436
243.9 1871468
244.4 1871468
244.9 1871468
245.4 1871436
245.9 1871436
246.4 1871436
246.9 1871436
247.5 1871436
248.0 1871436
248.5 1871436
249.0 1871436
249.5 1871436
250.0 1871436
250.5 1871404
251.0 1871404
251.5 1871468
252.0 1871468
252.5 1871468
253.0 1871468
253.5 1871468
254.1 1871468
254.6 1871468
255.1 1877568
255.6 1877632
256.1 1878012
256.6 1877360
257.1 1877600
257.6 1877552
258.1 1877880
258.6 1877740
259.1 1878088
259.6 1877928
260.1 1877936
260.6 1878016
261.1 1878112
261.6 1878000
262.1 1878016
262.6 1878048
263.1 1878048
263.6 1878240
264.1 1877732
264.6 1877352
265.1 1877492
265.6 1877680
266.1 1878044
266.6 1877728
267.1 1878028
267.6 1877824
268.1 1878156
268.6 1877996
269.1 1877916
269.6 1877932
270.1 1878072
270.6 1877676
271.1 1877768
271.6 1878104
272.1 1878008
272.6 1878040
273.1 1878104
273.6 1878008
274.1 1877772
274.6 1877756
275.1 1877848
275.6 1877768
276.1 1877860
276.6 1877120
277.1 1877596
277.6 1877736
278.1 1874324
278.6 1872024
279.1 1872024
279.6 1871992
280.1 1871992
280.6 1871988
281.1 1871988
281.6 1871988
282.1 1871988
282.6 1871988
283.1 1871988
283.7 1871988
284.2 1871988
284.7 1872020
285.2 1872020
285.7 1872020
286.2 1872020
286.7 1872020
287.3 1872020
287.8 1872020
288.3 1872020
288.8 1872020
289.3 1872020
289.8 1871988
290.3 1871988
290.8 1871988
291.3 1871988
291.8 1872020
292.3 1872020
292.8 1872020
293.3 1872020
293.8 1871988
294.3 1871988
294.8 1871988
295.3 1871988
295.9 1871988
296.4 1871988
296.9 1871988
297.4 1871988
297.9 1871988
298.4 1871988
298.9 1871956
299.4 1872020
299.9 1878044
300.4 1878152
300.9 1878152
301.4 1878072
301.9 1878356
302.4 1878008
302.9 1878040
303.4 1877708
303.9 1877584
304.4 1877220
304.9 1877204
305.4 1877000
305.9 1876984
306.4 1877268
306.9 1877124
307.4 1877268
307.9 1877048
308.4 1876764
308.9 1877048
309.4 1877956
309.9 1877820
310.4 1877932
310.9 1877936
311.4 1878460
311.9 1878160
312.4 1878048
312.9 1878048
313.4 1878144
313.9 1878192
314.4 1877968
314.9 1877948
315.4 1877772
315.9 1877976
316.4 1877584
316.9 1878088
317.4 1877756
317.9 1877932
318.4 1877788
318.9 1877724
319.4 1877756
319.9 1877796
320.4 1877844
320.9 1877860
321.4 1878080
321.9 1877812
322.4 1878064
322.9 1877828
323.4 1872312
323.9 1872312
324.4 1872312
324.9 1872312
325.5 1872304
326.0 1872272
326.5 1872272
327.0 1872272
327.5 1872272
328.0 1872272
328.6 1872272
329.1 1872272
329.6 1872272
330.1 1872272
330.6 1872272
331.1 1872304
331.6 1872304
332.1 1872304
332.6 1872304
333.2 1872304
333.7 1872304
334.2 1872304
334.7 1872304
335.3 1872304
335.8 1872272
336.3 1872272
336.8 1872272
337.3 1872272
337.8 1872272
338.3 1872272
338.8 1872304
339.3 1872304
339.8 1872304
340.3 1872304
340.8 1872272
341.3 1872272
341.8 1872272
342.3 1872272
342.8 1872272
343.3 1872272
343.9 1872272
344.4 1872272
344.9 1877920
345.4 1877800
345.9 1877780
346.4 1877764
346.9 1878168
347.4 1878116
347.9 1878024
348.4 1877756
348.9 1877976
349.4 1878436
349.9 1878052
350.4 1878052
350.9 1877940
351.4 1878020
351.9 1878004
352.4 1878240
352.9 1878208
353.4 1878084
353.9 1878192
354.4 1878240
354.9 1878348
355.4 1877952
355.9 1878032
356.4 1878016
356.9 1877904
357.4 1877952
357.9 1878268
358.4 1877984
358.9 1878000
359.4 1878588
359.9 1877996
360.4 1878060
360.9 1877840
361.4 1878184
361.9 1877760
362.4 1877776
362.9 1877648
363.4 1877712
363.9 1878092
364.4 1878028
364.9 1878320
365.4 1877988
365.9 1878020
366.4 1877972
366.9 1876260
367.4 1872048
367.9 1872048
368.4 1872048
368.9 1872048
369.4 1872048
369.9 1872048
370.4 1872048
370.9 1872044
371.4 1872044
371.9 1872012
372.4 1872012
372.9 1872012
373.4 1872012
373.9 1872012
374.5 1872012
375.0 1872044
375.5 1872044
376.0 1872044
376.5 1872044
377.0 1872012
377.5 1872012
378.0 1872012
378.5 1872012
379.0 1872012
379.5 1872012
380.0 1872012
380.5 1872012
381.0 1872012
381.5 1871980
382.0 1872044
382.5 1872044
383.0 1872044
383.6 1872044
384.1 1872044
384.6 1872044
385.1 1872044
385.6 1872044
386.1 1872012
386.6 1872012
387.1 1872012
387.6 1872012
388.1 1872012
388.6 1872012
389.1 1872012
389.6 1874188
390.1 1877620
390.6 1877876
391.1 1877456
391.6 1877912
392.1 1877472
392.6 1877504
393.1 1877804
393.6 1878088
394.1 1877944
394.6 1877972
395.1 1878428
395.6 1878492
396.1 1878212
396.6 1878100
397.1 1878068
397.6 1878052
398.1 1878432
398.6 1877844
399.1 1877796
399.6 1877884
400.1 1878092
400.6 1878028
401.1 1877648
401.6 1878232
402.1 1877916
402.6 1877540
403.1 1877632
403.6 1877792
404.1 1877556
404.6 1877912
405.1 1877408
405.6 1877488
406.1 1877724
406.6 1877644
407.1 1878276
407.6 1877864
408.1 1877944
408.6 1878008
409.1 1878276
409.6 1877660
410.1 1877624
410.6 1877736
411.1 1878068
411.6 1878384
412.2 1872076
412.7 1872076
413.2 1872076
413.7 1872076
414.2 1872076
414.7 1872044
415.2 1872044
415.7 1872044
416.2 1872036
416.7 1872036
417.2 1872036
417.7 1872068
418.3 1872068
418.8 1872068
419.3 1872036
419.8 1872036
420.3 1872036
420.8 1872036
421.3 1872036
421.8 1872036
422.3 1872036
422.8 1872036
423.3 1872036
423.8 1872004
424.3 1872004
424.8 1872004
425.3 1872068
425.8 1872068
426.3 1872068
426.8 1872068
427.3 1872068
427.8 1872068
428.3 1872068
428.8 1872068
429.3 1872036
429.8 1872036
430.3 1872036
430.8 1872036
431.3 1872036
431.8 1872036
432.4 1872068
432.9 1872068
433.4 1872068
433.9 1872068
434.4 1872036
434.9 1878068
435.4 1878020
435.9 1878208
436.4 1877576
436.9 1877932
437.4 1878392
437.9 1877772
438.4 1877712
438.9 1877696
439.4 1878124
439.9 1877932
440.4 1877792
440.9 1877728
441.4 1877868
441.9 1878200
442.4 1877900
442.9 1877868
443.4 1877948
443.9 1877996
444.4 1877996
444.9 1877380
445.4 1877760
445.9 1877964
446.4 1878328
446.9 1877948
447.4 1877948
447.9 1877916
448.4 1878296
448.9 1877900
449.4 1877932
449.9 1877860
450.4 1877796
450.9 1878224
451.4 1877516
451.9 1878192
452.4 1878240
452.9 1877796
453.4 1878100
453.9 1878020
454.4 1877972
454.9 1877952
455.4 1877684
455.9 1877840
456.4 1877872
456.9 1877808
457.4 1871852
457.9 1871852
458.4 1871852
458.9 1871852
459.4 1871852
459.9 1871848
460.4 1871848
460.9 1871848
461.5 1871816
462.0 1871880
462.5 1871880
463.0 1871880
463.5 1871880
464.0 1871880
464.5 1871880
465.0 1871880
465.5 1871880
466.1 1871880
466.6 1871880
467.1 1871848
467.6 1871848
468.1 1871848
468.7 1871848
469.2 1871848
469.7 1871848
470.2 1871848
470.7 1871848
471.2 1871848
471.8 1871848
472.3 1871848
472.8 1871848
473.3 1871848
473.8 1871848
474.3 1871848
474.8 1871848
475.3 1871816
475.8 1871816
476.4 1871816
476.9 1871816
477.4 1871880
477.9 1871880
478.4 1871880
478.9 1871880
479.4 1871880
479.9 1877804
480.4 1877584
480.9 1877648
481.4 1877664
481.9 1877680
482.4 1877444
482.9 1877728
483.4 1878016
483.9 1877484
484.4 1877896
484.9 1877760
485.4 1878504
485.9 1878604
486.4 1878368
486.9 1877956
487.4 1877924
487.9 1878036
488.4 1877908
488.9 1878052
489.4 1878036
489.9 1877652
490.4 1878004
490.9 1878240
491.4 1878208
491.9 1878288
492.4 1878304
492.9 1878020
493.4 1878240
493.9 1878024
494.4 1878224
494.9 1878352
495.4 1878108
495.9 1878216
496.4 1877868
496.9 1878248
497.4 1878344
497.9 1877980
498.4 1878672
498.9 1878076
499.4 1877808
499.9 1877624
500.4 1877736
500.9 1877656
501.4 1877764
501.9 1871816
502.4 1871816
502.9 1871816
503.4 1871848
503.9 1871848
504.4 1871848
504.9 1871848
505.4 1871840
505.9 1871840
506.4 1871840
506.9 1871840
507.4 1871840
507.9 1871808
508.4 1871808
508.9 1871808
509.4 1871808
510.0 1871808
510.5 1871808
511.0 1871840
511.5 1871840
512.0 1871840
512.5 1871840
513.0 1871808
513.5 1871808
514.0 1871808
514.5 1871808
515.0 1871808
515.5 1871808
516.0 1871808
516.5 1871808
517.0 1871808
517.5 1871808
518.0 1871808
518.5 1871840
519.1 1871840
519.7 1871840
520.2 1871840
520.8 1871840
521.3 1871840
521.8 1871840
522.3 1871840
522.8 1871840
523.3 1871840
523.8 1871808
524.3 1871808
524.8 1877456
525.3 1877712
525.8 1877256
526.3 1877064
526.8 1877000
527.3 1877364
527.8 1877552
528.3 1877616
528.8 1877728
529.3 1877408
529.8 1877608
530.3 1877372
530.8 1878564
531.3 1878328
531.8 1877940
532.3 1877688
532.8 1878044
533.3 1877932
533.8 1877868
534.3 1877932
534.8 1877844
535.3 1877576
535.8 1877940
536.3 1878096
536.8 1877860
537.3 1877940
537.8 1878192
538.3 1877860
538.8 1877892
539.3 1877844
539.8 1877652
540.3 1878284
540.8 1877824
541.3 1878376
541.8 1877840
542.3 1877480
542.8 1877304
543.3 1877132
543.8 1877020
544.3 1877256
544.8 1876996
545.3 1877676
545.8 1877548
546.3 1877548
546.8 1873332
547.3 1871704
547.8 1871704
548.3 1871704
548.8 1871704
549.3 1871704
549.8 1871704
550.3 1871700
550.8 1871700
551.3 1871668
551.8 1871668
552.3 1871668
552.8 1871668
553.4 1871668
553.9 1871668
554.4 1871700
554.9 1871700
555.4 1871668
555.9 1871668
556.4 1871668
556.9 1871668
557.4 1871668
557.9 1871668
558.4 1871668
558.9 1871668
559.4 1871668
560.0 1871636
560.5 1871636
561.0 1871636
561.5 1871636
562.0 1871636
562.5 1871636
563.0 1871700
563.5 1871700
564.1 1871700
564.6 1871700
565.1 1871668
565.6 1871668
566.1 1871668
566.6 1871668
567.1 1871668
567.6 1871668
568.1 1871668
568.6 1871668
569.1 1871668
569.6 1873604
570.1 1877548
570.6 1877388
571.1 1877292
571.6 1877340
572.1 1877404
572.6 1877452
573.1 1877308
573.6 1877388
574.1 1877324
574.6 1877336
575.1 1877336
575.6 1877368
576.1 1877556
576.6 1877732
577.1 1877960
577.6 1877832
578.1 1877928
578.6 1878024
579.1 1878308
579.6 1878092
580.1 1878220
580.6 1878076
581.1 1878140
581.6 1878188
582.1 1878156
582.6 1877808
583.1 1877976
583.6 1877516
584.1 1878148
584.6 1878132
585.1 1877956
585.6 1877796
586.1 1878240
586.6 1877624
587.1 1877832
587.6 1878240
588.1 1877892
588.6 1878080
589.1 1877952
589.6 1878032
590.1 1877920
590.6 1877496
591.1 1876944
591.6 1877700
592.1 1871632
592.6 1871632
593.1 1871600
593.6 1871600
594.1 1871600
594.6 1871600
595.1 1871600
595.6 1871592
596.1 1871592
596.7 1871592
597.2 1871592
597.7 1871560
598.2 1871624
598.7 1871624
599.2 1871624
599.7 1871624
600.2 1871624
600.7 1871624
601.3 1871624
601.8 1871624
602.3 1871592
602.8 1871592
603.3 1871592
603.8 1871592
604.3 1871592
604.8 1871592
605.3 1871624
605.8 1871624
606.3 1871624
606.8 1871624
607.3 1871624
607.8 1871592
608.3 1871592
608.8 1871592
609.3 1871592
609.8 1871592
610.3 1871592
610.8 1871592
611.3 1871592
611.8 1871560
612.4 1871560
612.9 1871624
613.4 1871624
613.9 1871624
614.4 1871624
614.9 1877480
615.4 1877540
615.9 1877856
616.4 1877840
616.9 1877716
617.4 1877980
617.9 1877824
618.4 1878756
618.9 1878188
619.4 1878124
619.9 1878216
620.4 1877756
620.9 1878152
621.4 1878416
621.9 1878168
622.4 1877868
622.9 1878148
623.4 1878088
623.9 1878120
624.4 1877600
624.9 1877296
625.4 1877724
625.9 1877724
626.4 1877644
626.9 1877328
627.4 1877312
627.9 1877376
628.4 1877296
628.9 1877376
629.4 1877768
629.9 1877904
630.4 1877840
630.9 1877824
631.4 1877776
631.9 1877904
632.4 1877384
632.9 1877288
633.4 1877744
633.9 1878220
634.4 1878124
634.9 1877804
635.4 1877944
635.9 1878072
636.4 1878104
636.9 1871704
637.4 1871704
637.9 1871704
638.4 1871704
638.9 1871736
639.4 1871704
639.9 1871704
640.4 1871704
640.9 1871700
641.4 1871700
641.9 1871700
642.4 1871700
642.9 1871700
643.4 1871700
643.9 1871668
644.4 1871668
644.9 1871668
645.4 1871668
645.9 1871732
646.4 1871732
646.9 1871732
647.4 1871732
647.9 1871732
648.4 1871700
648.9 1871700
649.4 1871700
649.9 1871700
650.4 1871700
650.9 1871700
651.4 1871700
651.9 1871700
652.4 1871700
652.9 1871764
653.4 1871732
653.9 1871732
654.4 1871732
654.9 1871732
655.4 1871732
655.9 1871732
656.4 1871732
656.9 1871732
657.4 1871732
657.9 1871700
658.4 1871700
658.9 1871700
659.4 1871700
659.9 1877280
660.4 1876840
660.9 1876668
661.4 1876240
661.9 1876776
662.4 1877408
662.9 1877236
663.4 1876872
663.9 1877060
664.4 1877204
664.9 1876908
665.4 1876944
665.9 1876468
666.4 1876944
666.9 1876992
667.4 1876516
667.9 1876628
668.4 1876644
668.9 1876564
669.4 1876468
669.9 1876576
670.4 1876608
670.9 1876736
671.4 1876420
671.9 1876484
672.4 1876496
672.9 1877004
673.4 1876828
673.9 1877396
674.4 1876972
674.9 1876696
675.4 1877060
675.9 1877008
676.4 1876896
676.9 1876500
677.4 1876328
677.9 1876720
678.4 1876892
678.9 1877132
679.4 1876972
679.9 1876904
680.4 1877188
680.9 1876872
681.4 1876892
681.9 1874900
682.4 1870812
682.9 1870876
683.4 1870876
683.9 1870876
684.5 1870876
685.0 1870876
685.5 1870876
686.0 1870844
686.5 1870844
687.0 1870844
687.5 1870844
688.0 1870844
688.5 1870844
689.0 1870844
689.5 1870844
690.0 1870844
690.5 1870844
691.0 1870876
691.5 1870876
692.0 1870876
692.5 1870876
693.0 1870876
693.5 1870876
694.0 1870876
694.6 1870876
695.1 1870876
695.7 1870844
696.2 1870844
696.7 1870844
697.2 1870844
697.7 1870876
698.2 1870876
698.7 1870876
699.2 1870876
699.7 1870876
700.2 1870844
700.7 1870844
701.2 1870844
701.7 1870844
702.3 1870844
702.8 1870844
703.3 1870844
703.8 1870844
704.3 1870844
704.8 1870812
705.3 1876760
705.8 1876996
706.3 1877116
706.8 1877052
707.3 1876848
707.8 1876896
708.3 1876624
708.8 1876484
709.3 1876564
709.8 1877288
710.3 1876732
710.8 1876780
711.3 1876700
711.8 1876732
712.3 1876732
712.8 1876700
713.3 1877000
713.8 1877032
714.3 1877048
714.8 1876732
715.3 1876996
715.8 1876792
716.3 1876884
716.8 1877124
717.3 1877140
717.8 1877060
718.3 1876996
718.8 1877028
719.3 1876824
719.8 1876460
720.3 1876896
720.8 1876928
721.3 1877004
721.8 1877148
722.3 1877116
722.8 1876784
723.3 1876832
723.8 1877116
724.3 1877020
724.8 1877164
725.3 1876876
725.8 1876496
726.3 1876688
726.8 1876208
727.3 1876716
727.8 1870964
728.3 1870964
728.9 1870932
729.4 1870932
729.9 1870932
730.4 1870932
730.9 1870932
731.4 1870932
731.9 1870932
732.4 1870932
732.9 1870932
733.4 1870932
733.9 1870932
734.4 1870932
735.0 1870932
735.5 1870964
736.0 1870964
736.5 1870964
737.0 1870964
737.5 1870964
738.0 1870964
738.5 1870964
739.0 1870932
739.5 1870932
740.0 1870932
740.5 1870932
741.0 1870932
741.5 1870932
742.1 1870964
742.6 1870932
743.1 1870932
743.6 1870932
744.1 1870932
744.6 1870932
745.1 1870932
745.6 1870932
746.2 1870932
746.7 1870932
747.2 1870932
747.7 1870900
748.2 1870900
748.8 1870900
749.3 1870964
749.8 1877572
750.3 1876740
750.8 1876708
751.3 1876268
751.8 1876660
752.3 1877124
752.8 1877040
753.3 1877104
753.8 1876820
754.3 1876788
754.8 1876796
755.3 1877176
755.8 1876636
756.3 1876716
756.8 1876384
757.3 1876512
757.8 1877204
758.3 1876828
758.8 1876668
759.3 1876780
759.8 1876920
760.3 1877060
760.8 1877132
761.3 1876924
761.8 1876988
762.3 1876892
762.8 1876988
763.3 1877004
763.8 1876892
764.3 1877036
764.8 1877112
765.3 1876796
765.8 1876764
766.3 1876860
766.8 1877016
767.3 1876668
767.8 1875860
768.3 1876340
768.8 1876072
769.3 1876024
769.8 1876796
770.3 1876748
770.8 1876528
771.3 1876700
771.8 1876700
772.3 1870716
772.8 1870716
773.3 1870716
773.8 1870716
774.3 1870716
774.8 1870716
775.3 1870712
775.8 1870680
776.3 1870680
776.8 1870680
777.3 1870744
777.8 1870744
778.3 1870744
778.8 1870744
779.3 1870744
779.8 1870744
780.3 1870744
780.8 1870744
781.3 1870712
781.8 1870712
782.3 1870712
782.8 1870712
783.3 1870712
783.8 1870712
784.3 1870712
784.8 1870712
785.5 1870712
786.0 1870744
786.5 1870744
787.0 1870744
787.5 1870744
788.0 1870744
788.5 1870744
789.0 1870744
789.5 1870744
790.0 1870712
790.5 1870712
791.0 1870712
791.5 1870712
792.0 1870712
792.5 1870712
793.0 1870712
793.5 1870744
794.1 1870744
794.6 1870744
795.1 1876492
795.6 1876492
796.1 1876476
796.6 1876020
797.1 1875972
797.6 1876580
798.1 1876312
798.6 1876312
799.1 1876532
799.6 1876468
800.1 1877056
800.6 1876836
801.1 1876836
801.6 1876756
802.1 1876724
802.6 1876660
803.1 1876692
803.6 1876724
804.1 1877072
804.6 1876928
805.1 1876656
805.6 1876688
806.1 1876752
806.6 1876672
807.1 1876880
807.6 1877164
808.1 1876752
808.6 1876924
809.1 1877052
809.6 1876940
810.1 1876684
810.6 1876560
811.1 1876464
811.6 1876512
812.1 1876528
812.6 1876716
813.1 1876544
813.6 1876860
814.1 1876764
814.6 1877000
815.1 1876536
815.6 1876612
816.1 1876812
816.6 1876692
817.1 1872796
817.6 1870948
818.1 1870948
818.6 1870948
819.1 1870948
819.6 1870916
820.1 1870912
820.6 1870912
821.1 1870944
821.6 1870944
822.1 1870944
822.6 1870944
823.1 1870912
823.6 1870912
824.1 1870912
824.6 1870912
825.1 1870912
825.6 1870912
826.1 1870912
826.6 1870912
827.1 1870912
827.6 1870880
828.1 1870944
828.6 1870944
829.1 1870944
829.6 1870944
830.1 1870944
830.6 1870944
831.1 1870944
831.6 1870944
832.1 1870944
832.6 1870912
833.1 1870912
833.6 1870912
834.1 1870912
834.6 1870912
835.1 1870912
835.6 1870944
836.1 1870944
836.6 1870944
837.1 1870912
837.6 1870912
838.1 1870912
838.6 1870912
839.1 1870912
839.6 1870912
840.1 1877068
840.6 1876860
841.1 1876924
841.6 1876892
842.1 1876804
842.6 1876760
843.1 1876888
843.6 1876588
844.1 1876304
844.6 1876224
845.1 1876036
845.6 1876868
846.1 1876512
846.6 1876544
847.1 1876876
847.6 1877112
848.1 1877032
848.6 1876984
849.1 1876920
849.6 1877016
850.1 1876968
850.6 1876932
851.1 1877012
851.6 1876804
852.1 1876676
852.6 1876692
853.1 1877072
853.6 1876644
854.1 1876852
854.6 1876692
855.1 1876684
855.6 1876796
856.1 1876560
856.6 1877140
857.1 1876984
857.6 1877064
858.1 1877420
858.6 1876984
859.1 1876764
859.6 1877176
860.1 1876876
860.6 1876668
861.1 1876952
861.6 1877204
862.1 1871276
862.6 1871012
863.1 1871012
863.6 1871012
864.1 1871012
864.6 1870980
865.1 1870980
865.6 1870976
866.1 1870976
866.6 1870976
867.1 1870976
867.6 1870976
868.1 1870976
868.6 1871008
869.1 1870976
869.6 1870976
870.1 1870976
870.6 1870976
871.1 1870976
871.6 1870976
872.1 1870976
872.6 1870976
873.1 1870976
873.6 1870944
874.1 1870944
874.6 1870944
875.1 1870944
875.7 1871008
876.2 1871008
876.7 1871004
877.2 1871004
877.7 1871004
878.2 1870972
878.7 1870972
879.2 1870972
879.7 1870972
880.2 1870972
880.7 1870972
881.2 1870972
881.7 1870972
882.2 1870972
882.7 1871036
883.2 1871004
883.7 1871004
884.2 1871004
884.7 1871004
885.2 1877480
885.7 1876976
886.2 1876772
886.7 1876928
887.2 1877088
887.7 1876912
888.2 1876740
888.7 1876440
889.2 1877008
889.7 1876960
890.2 1876856
890.7 1876556
891.2 1876480
891.7 1876448
892.2 1876732
892.7 1876936
893.2 1877096
893.7 1876952
894.2 1876904
894.7 1876872
895.2 1876988
895.7 1876972
896.2 1876828
896.7 1876828
897.2 1876732
897.7 1876748
898.2 1876904
898.7 1876572
899.2 1877000
899.7 1876748
900.2 1876912
900.7 1876768
901.2 1877040
901.7 1876912
902.2 1876644
902.7 1876992
903.2 1876896
903.7 1876724
904.2 1876112
904.7 1875872
905.2 1876344
905.7 1876136
906.2 1876516
906.7 1876452
907.2 1874292
907.7 1870560
908.2 1870560
908.7 1870560
909.3 1870560
909.8 1870560
910.3 1870560
910.8 1870552
911.3 1870520
911.9 1870520
912.4 1870520
912.9 1870520
913.4 1870584
913.9 1870584
914.4 1870584
914.9 1870584
915.4 1870584
915.9 1870584
916.4 1870584
916.9 1870552
917.4 1870552
917.9 1870552
918.4 1870552
918.9 1870552
919.4 1870552
919.9 1870552
920.4 1870552
920.9 1870584
921.4 1870584
921.9 1870584
922.4 1870584
922.9 1870584
923.4 1870584
923.9 1870584
924.4 1870584
924.9 1870584
925.4 1870552
925.9 1870552
926.4 1870552
926.9 1870552
927.4 1870552
927.9 1870584
928.4 1870584
928.9 1870584
929.5 1870584
930.0 1876064
930.5 1876256
931.0 1876032
931.5 1876176
932.0 1876524
932.5 1877020
933.0 1876812
933.5 1876892
934.0 1876844
934.5 1876704
935.0 1876720
935.5 1877004
936.0 1875884
936.5 1876468
937.0 1876500
937.5 1876972
938.0 1877020
938.5 1876576
939.0 1876844
939.5 1877380
940.0 1876844
940.5 1876940
941.0 1876828
941.5 1876924
942.0 1876924
942.5 1876832
943.0 1876796
943.5 1877116
944.0 1876400
944.5 1876232
945.0 1876444
945.5 1876444
946.0 1876632
946.5 1876584
947.0 1876648
947.5 1876584
948.0 1876900
948.5 1876884
949.0 1876568
949.5 1876680
950.0 1876608
950.5 1876624
951.0 1877372
951.5 1876836
952.0 1870924
952.5 1870860
953.0 1870860
953.5 1870860
954.0 1870860
954.5 1870860
955.0 1870828
955.5 1870828
956.0 1870860
956.5 1870860
957.0 1870860
957.5 1870860
958.1 1870860
958.6 1870828
959.1 1870828
959.6 1870828
960.1 1870828
960.6 1870828
961.1 1870828
961.7 1870828
962.2 1870828
962.7 1870828
963.2 1870828
963.7 1870860
964.2 1870860
964.8 1870860
965.3 1870860
965.8 1870860
966.3 1870860
966.8 1870860
967.3 1870860
967.8 1870828
968.4 1870828
968.9 1870828
969.4 1870828
969.9 1870828
970.4 1870828
970.9 1870828
971.4 1870860
971.9 1870860
972.4 1870860
972.9 1870828
973.4 1870828
973.9 1870828
974.4 1870828
974.9 1876736
975.4 1876876
975.9 1876884
976.4 1876772
976.9 1876916
977.4 1876820
977.9 1876696
978.4 1876852
978.9 1877404
979.4 1876948
979.9 1876724
980.4 1876708
980.9 1876660
981.4 1876848
981.9 1876692
982.4 1876508
982.9 1877204
983.4 1876556
983.9 1876412
984.4 1877300
984.9 1876388
985.4 1876844
985.9 1876908
986.4 1877004
986.9 1877644
987.4 1876808
987.9 1877032
988.4 1876744
988.9 1876852
989.4 1877888
989.9 1877548
990.4 1877180
990.9 1877436
991.4 1876916
991.9 1876900
992.4 1876852
992.9 1876852
993.4 1876852
993.9 1876836
994.4 1876964
994.9 1877156
995.4 1877216
995.9 1876964
996.4 1876900
996.9 1876836
997.4 1871108
997.9 1871108
998.4 1871108
998.9 1871108
999.4 1871108
999.9 1871140
1000.4 1871140
1000.9 1871140
1001.4 1871140
1001.9 1871108
1002.4 1871108
1003.0 1871108
1003.5 1871108
1004.0 1871108
1004.5 1871108
1005.0 1871108
1005.5 1871108
1006.0 1871108
1006.5 1871140
1007.0 1871140
1007.5 1871140
1008.0 1871140
1008.5 1871140
1009.0 1871140
1009.5 1871140
1010.0 1871140
1010.5 1871140
1011.0 1871108
1011.5 1871108
1012.0 1871108
1012.5 1871108
1013.0 1871108
1013.5 1871140
1014.0 1871140
1014.5 1871140
1015.1 1871140
1015.6 1871140
1016.1 1871108
1016.6 1871108
1017.1 1871108
1017.6 1871108
1018.1 1871108
1018.6 1871108
1019.1 1871108
1019.6 1874032
1020.1 1876664
1020.6 1877264
1021.1 1876364
1021.6 1876696
1022.1 1876476
1022.6 1876680
1023.1 1876744
1023.6 1876836
1024.1 1877044
1024.6 1876560
1025.1 1877100
1025.6 1876972
1026.1 1876956
1026.6 1876908
1027.1 1876972
1027.6 1876988
1028.1 1877004
1028.6 1876956
1029.1 1877020
1029.6 1876608
1030.1 1876512
1030.6 1876276
1031.1 1875896
1031.6 1876352
1032.1 1876700
1032.6 1877000
1033.1 1877236
1033.6 1876716
1034.1 1877252
1034.6 1877348
1035.1 1877080
1035.6 1876952
1036.1 1877092
1036.6 1877316
1037.1 1876984
1037.6 1876952
1038.1 1877220
1038.6 1877000
1039.1 1877048
1039.6 1877544
1040.1 1877024
1040.6 1876912
1041.1 1876944
1041.6 1876488
1042.1 1871724
1042.6 1871028
1043.1 1870996
1043.7 1870996
1044.2 1870996
1044.7 1870996
1045.2 1871060
1045.7 1871056
1046.2 1871056
1046.7 1871056
1047.2 1871056
1047.8 1871056
1048.3 1871024
1048.8 1871024
1049.3 1871024
1049.9 1871024
1050.4 1871024
1050.9 1871024
1051.4 1871024
1052.2 1871024
1052.7 1871024
1053.2 1871056
1053.7 1871056
1054.2 1871056
1054.7 1871056
1055.2 1871056
1055.7 1871056
1056.2 1871056
1056.7 1871056
1057.2 1871056
1057.7 1871056
1058.2 1871024
1058.7 1871024
1059.2 1871024
1059.7 1871024
1060.2 1871056
1060.7 1871056
1061.2 1871056
1061.7 1871056
1062.2 1871024
1062.7 1871024
1063.2 1871024
1063.7 1871024
1064.2 1871024
1064.7 1877812
1065.2 1876908
1065.7 1876860
1066.2 1876544
1066.7 1876624
1067.2 1876592
1067.7 1876560
1068.2 1876340
1068.7 1876404
1069.2 1876468
1069.7 1876436
1070.2 1876420
1070.7 1876688
1071.2 1876608
1071.7 1876580
1072.2 1877160
1072.7 1876828
1073.2 1876908
1073.7 1876924
1074.2 1876704
1074.7 1877484
1075.2 1877040
1075.7 1876868
1076.2 1876836
1076.7 1877468
1077.2 1876756
1077.7 1877136
1078.2 1877276
1078.7 1876600
1079.2 1876600
1079.7 1875832
1080.2 1876484
1080.7 1876688
1081.2 1876276
1081.7 1876704
1082.2 1876704
1082.7 1876308
1083.2 1876640
1083.7 1876576
1084.2 1877160
1084.7 1877192
1085.2 1876732
1085.7 1876892
1086.2 1876704
1086.7 1876924
1087.2 1877128
1087.7 1877160
1088.2 1871008
1088.7 1870912
1089.2 1870912
1089.7 1870912
1090.2 1870912
1090.7 1870912
1091.2 1870912
1091.8 1870912
1092.3 1870912
1092.8 1870912
1093.3 1870912
1093.8 1870880
1094.3 1870880
1094.8 1870944
1095.3 1870944
1095.8 1870944
1096.3 1870944
1096.9 1870944
1097.4 1870944
1097.9 1870944
1098.4 1870912
1098.9 1870912
1099.4 1870912
1099.9 1870912
1100.4 1870912
1100.9 1870912
1101.5 1870912
1102.0 1870912
1102.5 1870976
1103.0 1870944
1103.6 1870944
1104.1 1870944
1104.6 1870944
1105.1 1870944
1105.6 1870944
1106.1 1870944
1106.6 1870944
1107.1 1870944
1107.6 1870912
1108.1 1870912
1108.6 1870912
1109.2 1870912
1109.7 1874912
1110.2 1876836
1110.7 1876908
1111.2 1877240
1111.7 1876480
1112.2 1876844
1112.7 1876924
1113.2 1876388
1113.7 1876292
1114.2 1876452
1114.7 1877120
1115.2 1876916
1115.7 1876932
1116.2 1876868
1116.7 1877136
1117.2 1876948
1117.7 1877040
1118.2 1877028
1118.7 1877104
1119.2 1877296
1119.7 1876616
1120.2 1876600
1120.7 1877120
1121.2 1876536
1121.7 1876412
1122.2 1876508
1122.7 1876524
1123.2 1877028
1123.7 1876900
1124.2 1876820
1124.7 1876776
1125.2 1876772
1125.7 1877072
1126.2 1876804
1126.7 1876948
1127.2 1877104
1127.7 1877184
1128.2 1876884
1128.7 1876616
1129.2 1876648
1129.7 1876788
1130.2 1876612
1130.7 1877228
1131.2 1876976
1131.7 1876912
1132.2 1877116
1132.7 1876960
1133.2 1877008
1133.7 1870764
1134.2 1870764
1134.7 1870764
1135.2 1870756
1135.7 1870724
1136.2 1870724
1136.7 1870724
1137.2 1870724
1137.7 1870724
1138.2 1870724
1138.7 1870724
1139.2 1870724
1139.7 1870724
1140.2 1870724
1140.8 1870756
1141.3 1870756
1141.8 1870756
1142.3 1870756
1142.8 1870756
1143.3 1870756
1143.8 1870756
1144.3 1870756
1144.8 1870724
1145.3 1870724
1145.8 1870724
1146.3 1870724
1146.8 1870724
1147.3 1870756
1147.8 1870756
1148.3 1870756
1148.9 1870756
1149.4 1870756
1149.9 1870724
1150.4 1870724
1150.9 1870724
1151.4 1870724
1151.9 1870724
1152.5 1870724
1153.0 1870724
1153.5 1870724
1154.0 1870724
1154.5 1870756
1155.0 1876652
1155.5 1877064
1156.0 1877140
1156.5 1876872
1157.0 1876776
1157.5 1876904
1158.0 1876856
1158.5 1876888
1159.0 1876984
1159.5 1877032
1160.0 1877120
1160.5 1877136
1161.0 1876472
1161.5 1877148
1162.0 1877012
1162.5 1876696
1163.0 1876648
1163.5 1876460
1164.0 1876932
1164.5 1876980
1165.0 1876880
1165.5 1876896
1166.0 1876312
1166.5 1876296
1167.0 1876312
1167.5 1876456
1168.0 1876960
1168.5 1876784
1169.0 1876596
1169.5 1876628
1170.0 1876668
1170.5 1876572
1171.0 1876760
1171.5 1876508
1172.0 1876556
1172.5 1876684
1173.0 1877032
1173.5 1876872
1174.0 1876840
1174.5 1877076
1175.0 1877120
1175.5 1876648
1176.0 1876536
1176.5 1876348
1177.0 1876208
1177.5 1876176
1178.0 1876380
1178.5 1870200
1179.0 1870200
1179.5 1870200
1180.0 1870200
1180.5 1870196
1181.0 1870196
1181.5 1870196
1182.0 1870196
1182.5 1870196
1183.0 1870196
1183.5 1870196
1184.0 1870196
1184.5 1870196
1185.0 1870196
1185.5 1870196
1186.0 1870196
1186.5 1870196
1187.0 1870196
1187.5 1870164
1188.0 1870164
1188.5 1870228
1189.0 1870228
1189.6 1870228
1190.2 1870228
1190.7 1870228
1191.2 1870228
1191.7 1870228
1192.2 1870196
1192.7 1870196
1193.3 1870196
1193.8 1870196
1194.3 1870196
1194.8 1870196
1195.3 1870196
1195.8 1870196
1196.3 1870260
1196.8 1870228
1197.3 1870228
1197.8 1870228
1198.3 1870228
1198.8 1870228
1199.3 1870228
1199.8 1876604
1200.3 1876240
1200.8 1876004
1201.3 1876100
1201.8 1875800
1202.3 1875924
1202.8 1876776
1203.3 1876728
1203.8 1876588
1204.3 1877156
1204.8 1876672
1205.3 1876784
1205.8 1876672
1206.3 1876216
1206.8 1876644
1207.3 1876296
1207.8 1876180
1208.3 1875972
1208.8 1876636
1209.3 1877280
1209.8 1876840
1210.3 1877172
1210.8 1876808
1211.3 1876996
1211.8 1877092
1212.3 1876824
1212.8 1876304
1213.3 1876400
1213.8 1876540
1214.3 1875816
1214.8 1876524
1215.3 1877060
1215.8 1876952
1216.3 1876792
1216.8 1876336
1217.3 1876304
1217.8 1877276
1218.3 1877296
1218.8 1876964
1219.3 1876848
1219.8 1876704
1220.3 1876688
1220.8 1876848
1221.3 1876848
1221.8 1876880
1222.3 1876752
1222.8 1877336
1223.3 1870812
1223.8 1870812
1224.3 1870812
1224.9 1870812
1225.8 1870836
1227.3 1870836
1228.8 1870836
1229.3 1870836
1229.8 1870836
1230.3 1870836
1230.8 1870836
1231.3 1870836
1232.4 1870836
1235.9 1870804
1238.2 1870804
1238.7 1870804
1239.4 1870804
1239.9 1870804
1240.4 1870804
1240.9 1870836
1241.4 1870836
1242.4 1870804
1242.9 1870804
1243.4 1870804
1243.9 1870804
1244.4 1870804
1244.9 1870804
1245.4 1876792
1245.9 1876824
1246.4 1876888
1246.9 1876872
1247.4 1876792
1247.9 1876964
1248.4 1877212
1248.9 1876816
1249.4 1877020
1249.9 1876736
1250.4 1877164
1250.9 1877192
1251.4 1877368
1251.9 1877400
1252.4 1876872
1252.9 1877100
1253.4 1876988
1253.9 1876912
1254.4 1877008
1254.9 1876944
1255.4 1876564
1255.9 1876580
1256.4 1876864
1256.9 1876720
1257.4 1876864
1257.9 1876660
1258.4 1876848
1258.9 1876880
1259.4 1876928
1259.9 1877084
1260.4 1876872
1260.9 1877140
1261.4 1876856
1261.9 1877028
1262.4 1877144
1262.9 1877076
1263.4 1877076
1263.9 1877060
1264.4 1876808
1264.9 1876916
1265.4 1876760
1265.9 1877092
1266.4 1877124
1266.9 1877124
1267.4 1876808
1267.9 1877264
1268.4 1872992
1268.9 1871080
1270.9 1871044
1271.4 1871044
1271.9 1871044
1273.9 1871044
1274.4 1871044
1274.9 1871044
1275.4 1871044
1275.9 1871044
1276.4 1871044
1277.3 1871076
1279.0 1871076
1280.5 1871076
1281.0 1871076
1281.6 1871076
1284.5 1871076
1285.0 1871076
1285.5 1871076
1286.3 1871076
1287.1 1871044
1288.2 1871044
1288.9 1871044
1289.5 1871044
1290.0 1876876
1290.5 1877144
1291.0 1876968
1291.5 1876748
1292.0 1877000
1292.5 1876860
1293.0 1877112
1293.5 1877192
1294.0 1876480
1294.5 1877296
1295.0 1876828
1295.5 1876404
1296.0 1876356
1296.5 1876608
1297.0 1876640
1297.5 1876416
1298.0 1876752
1298.5 1876764
1299.0 1876892
1299.5 1877428
1300.0 1876836
1300.5 1876836
1301.0 1876772
1301.5 1876964
1302.0 1876868
1302.5 1876868
1303.0 1876804
1303.5 1876724
1304.0 1876744
1304.5 1876412
1305.0 1876328
1305.5 1876500
1306.0 1876816
1306.5 1877100
1307.0 1876800
1307.5 1876768
1308.0 1876596
1308.5 1876328
1309.0 1876184
1309.5 1876264
1310.0 1876372
1310.5 1876292
1311.0 1876340
1311.5 1876340
1312.0 1876340
1312.5 1876308
1313.0 1875944
1313.5 1870084
1314.0 1870084
1314.9 1870084
1315.4 1870084
1315.9 1870076
1316.4 1870076
1316.9 1870044
1317.6 1870044
1318.1 1870044
1319.8 1870044
1321.3 1870044
1322.0 1870044
1322.9 1870108
1323.4 1870076
1324.8 1870076
1325.3 1870076
1325.8 1870076
1326.3 1870076
1326.8 1870076
1327.3 1870076
1327.8 1870076
1328.4 1870076
1328.9 1870044
1329.4 1870044
1329.9 1870044
1330.4 1870044
1331.2 1870076
1331.7 1870076
1332.6 1870076
1333.1 1870076
1334.5 1870076
1335.0 1875764
1335.5 1876364
1336.0 1876048
1336.5 1876284
1337.0 1876932
1337.5 1876284
1338.0 1876412
1338.5 1876884
1339.0 1876836
1339.5 1876788
1340.0 1876528
1340.5 1876500
1341.0 1876784
1341.5 1876688
1342.0 1876672
1342.5 1876452
1343.0 1876564
1343.5 1876580
1344.0 1876784
1344.5 1876752
1345.0 1876732
1345.5 1876716
1346.0 1876368
1346.5 1876512
1347.0 1876764
1347.5 1876748
1348.0 1877160
1348.5 1877032
1349.0 1877012
1349.5 1876552
1350.0 1876984
1350.5 1876808
1351.0 1877112
1351.5 1877032
1352.0 1876796
1352.5 1877000
1353.0 1876416
1353.5 1876464
1354.0 1876608
1354.5 1876384
1355.0 1876780
1355.5 1876668
1356.0 1876652
1356.5 1877172
1357.0 1870696
1358.9 1870696
1359.7 1870696
1361.3 1870696
1362.5 1870664
1363.2 1870664
1363.9 1870664
1365.2 1870664
1367.2 1870696
1368.7 1870696
1370.5 1870696
1371.0 1870696
1372.7 1870664
1375.4 1870664
1376.5 1870664
1377.0 1870664
1379.5 1870664
1380.0 1876836
1380.5 1876708
1381.0 1876884
1381.5 1876472
1382.0 1876584
1382.5 1876472
1383.0 1876488
1383.5 1877136
1384.0 1877356
1384.5 1876832
1385.0 1876732
1385.5 1876860
1386.0 1876576
1386.5 1876952
1387.0 1877124
1387.5 1876412
1388.0 1877080
1388.5 1876968
1389.0 1877092
1389.5 1876764
1390.0 1877092
1390.5 1876884
1391.0 1877028
1391.5 1876948
1392.0 1876508
1392.5 1876272
1393.0 1876176
1393.5 1875972
1394.0 1876668
1394.5 1876128
1395.0 1876468
1395.5 1876516
1396.0 1876404
1396.5 1876420
1397.0 1876640
1397.5 1876704
1398.0 1876672
1398.5 1876752
1399.0 1876644
1399.5 1876044
1400.0 1876168
1400.5 1876088
1401.0 1876736
1401.5 1876264
1402.0 1870256
1402.5 1870256
1403.0 1870256
1403.6 1870256
1404.5 1870224
1405.0 1870224
1405.5 1870224
1407.0 1870224
1407.5 1870224
1409.3 1870224
1409.8 1870256
1411.9 1870224
1413.9 1870224
1415.9 1870224
1416.4 1870224
1417.4 1870224
1418.1 1870224
1418.7 1870224
1419.2 1870224
1419.7 1870224
1420.4 1870224
1421.9 1870192
1424.0 1870192
1424.5 1870256
1425.0 1875996
1425.5 1876184
1426.0 1875980
1426.5 1875980
1427.0 1875996
1427.5 1876248
1428.0 1876280
1428.5 1876184
1429.0 1876184
1429.5 1876184
1430.0 1876288
1430.5 1876144
1431.0 1876540
1431.5 1876460
1432.0 1876476
1432.5 1876412
1433.0 1876776
1433.5 1876600
1434.0 1877000
1434.5 1876632
1435.0 1876720
1435.5 1876800
1436.0 1876404
1436.5 1876704
1437.0 1876924
1437.5 1876956
1438.0 1876404
1438.5 1876484
1439.0 1876592
1439.5 1876672
1440.0 1876972
1440.5 1877020
1441.0 1876940
1441.5 1876924
1442.0 1876656
1442.5 1876564
1443.0 1877584
1443.5 1877068
1444.0 1876704
1444.5 1876956
1445.0 1876596
1445.5 1876964
1446.0 1877052
1446.5 1877164
1447.0 1870532
1447.5 1870532
1448.6 1870532
1449.4 1870532
1449.9 1870532
1450.5 1870532
1451.5 1870596
1452.0 1870564
1453.6 1870564
1454.1 1870564
1456.1 1870564
1456.6 1870564
1457.4 1870564
1457.9 1870564
1459.3 1870564
1460.0 1870564
1460.5 1870532
1461.2 1870532
1465.2 1870532
1467.1 1870564
1467.6 1870564
1468.3 1870564
1468.8 1870564
1469.5 1870564
1470.0 1876476
1470.5 1876412
1471.0 1876616
1471.5 1876712
1472.0 1876900
1472.5 1876616
1473.0 1876712
1473.5 1876632
1474.0 1876788
1474.5 1876680
1475.0 1877040
1475.5 1876880
1476.0 1876896
1476.5 1876896
1477.0 1877072
1477.5 1876864
1478.0 1876976
1478.5 1877088
1479.0 1877260
1479.5 1876756
1480.0 1876668
1480.5 1876684
1481.0 1876732
1481.5 1876540
1482.0 1876620
1482.5 1876764
1483.0 1876780
1483.5 1876748
1484.0 1876684
1484.5 1876748
1485.0 1877112
1485.5 1876872
1486.0 1877364
1486.5 1876856
1487.0 1876920
1487.5 1876940
1488.0 1876780
1488.5 1877108
1489.0 1877032
1489.5 1876700
1490.0 1876748
1490.5 1876924
1491.0 1877048
1491.5 1877912
1492.0 1876480
1492.5 1870640
1493.0 1870672
1494.3 1870672
1496.3 1870632
1497.5 1870632
1499.1 1870632
1500.2 1870632
1500.8 1870632
1501.3 1870632
1502.8 1870632
1503.3 1870632
1505.9 1870600
1507.2 1870600
1507.7 1870600
1508.2 1870664
1508.7 1870664
1509.2 1870664
1509.9 1870664
1510.4 1870664
1514.5 1870632
1515.0 1876588
1515.5 1876588
1516.0 1876856
1516.5 1876952
1517.0 1877188
1517.5 1877172
1518.0 1876920
1518.5 1877124
1519.0 1876872
1519.5 1876984
1520.0 1876928
1520.5 1876816
1521.0 1876992
1521.5 1876660
1522.0 1876596
1522.5 1876676
1523.0 1876628
1523.5 1876468
1524.0 1876992
1524.5 1877036
1525.0 1876928
1525.5 1876392
1526.0 1876172
1526.5 1876440
1527.0 1876408
1527.5 1876708
1528.0 1876364
1528.5 1876820
1529.0 1876644
1529.5 1877560
1530.0 1876652
1530.5 1876872
1531.0 1876904
1531.5 1876888
1532.0 1876872
1532.5 1876808
1533.0 1877268
1533.5 1876792
1534.0 1876668
1534.5 1876952
1535.0 1876836
1535.5 1876756
1536.0 1876996
1536.5 1876852
1537.0 1870588
1537.5 1870556
1538.0 1870556
1539.8 1870556
1540.3 1870556
1543.1 1870552
1543.6 1870584
1544.1 1870584
1546.1 1870552
1547.0 1870552
1547.5 1870552
1549.0 1870552
1550.2 1870552
1550.7 1870552
1551.6 1870552
1553.6 1870552
1554.2 1870552
1554.7 1870520
1555.2 1870520
1556.0 1870520
1556.5 1870584
1557.1 1870584
1557.7 1870584
1558.2 1870584
1558.7 1870584
1559.5 1870584
1560.0 1877024
1560.5 1876896
1561.0 1877372
1561.5 1876804
1562.0 1876440
1562.5 1877072
1563.0 1877228
1563.5 1877088
1564.0 1876896
1564.5 1877232
1565.0 1876620
1565.5 1876464
1566.0 1877292
1566.5 1877080
1567.0 1876936
1567.5 1877016
1568.0 1876984
1568.5 1877220
1569.0 1877172
1569.5 1876936
1570.0 1877120
1570.5 1876992
1571.0 1876532
1571.5 1876788
1572.0 1877040
1572.5 1877372
1573.0 1876928
1573.5 1876912
1574.0 1876880
1574.5 1876784
1575.0 1876672
1575.5 1876800
1576.0 1876928
1576.5 1877324
1577.0 1876992
1577.5 1876976
1578.0 1876536
1578.5 1877196
1579.0 1876836
1579.5 1876988
1580.0 1876960
1580.5 1876992
1581.0 1877040
1581.5 1877432
1582.0 1871028
1583.2 1870996
1585.0 1870996
1585.7 1870988
1586.4 1870988
1589.1 1870988
1590.1 1871020
1590.8 1871020
1591.5 1871020
1593.0 1870988
1593.7 1870988
1594.6 1870988
1596.5 1870988
1597.0 1870988
1597.5 1870988
1598.9 1870988
1599.4 1870988
1599.9 1870988
1600.4 1870956
1600.9 1870956
1603.6 1871020
1604.5 1871020
1605.0 1876984
1605.5 1876936
1606.0 1876888
1606.5 1876888
1607.0 1876904
1607.5 1877000
1608.0 1876968
1608.5 1876352
1609.0 1876196
1609.5 1877360
1610.0 1877204
1610.5 1876824
1611.0 1876872
1611.5 1877204
1612.0 1877532
1612.5 1877032
1613.0 1876808
1613.5 1877108
1614.0 1877000
1614.5 1876964
1615.0 1876888
1615.5 1877204
1616.0 1876952
1616.5 1876824
1617.0 1877032
1617.5 1877284
1618.0 1876824
1618.5 1876840
1619.0 1876952
1619.5 1876776
1620.0 1876752
1620.5 1877164
1621.0 1876896
1621.5 1876880
1622.0 1876928
1622.5 1876628
1623.0 1876896
1623.5 1876752
1624.0 1876992
1624.5 1876880
1625.0 1876536
1625.5 1876156
1626.0 1876000
1626.5 1876376
1627.0 1870204
1628.8 1870204
1629.9 1870268
1630.4 1870268
1632.4 1870264
1632.9 1870264
1634.3 1870264
1635.2 1870232
1637.0 1870232
1637.7 1870232
1638.4 1870232
1638.9 1870232
1639.4 1870232
1643.1 1870232
1644.1 1870232
1645.1 1870264
1646.6 1870264
1647.1 1870264
1647.6 1870264
1648.2 1870264
1649.5 1870264
1650.0 1876880
1650.5 1876988
1651.0 1877240
1651.5 1876956
1652.0 1876624
1652.5 1876972
1653.0 1877004
1653.5 1876672
1654.0 1876972
1654.5 1877176
1655.0 1877136
1655.5 1877028
1656.0 1876964
1656.5 1877056
1657.0 1876996
1657.5 1876492
1658.0 1876112
1658.5 1876380
1659.0 1876396
1659.5 1876396
1660.0 1876644
1660.5 1877116
1661.0 1876944
1661.5 1876960
1662.0 1876864
1662.5 1876928
1663.0 1876864
1663.5 1877244
1664.0 1877072
1664.5 1877008
1665.0 1877000
1665.5 1877216
1666.0 1876916
1666.5 1876960
1667.0 1876632
1667.5 1876980
1668.0 1876868
1668.5 1876996
1669.0 1876932
1669.5 1876900
1670.0 1876560
1670.5 1876892
1671.0 1876608
1671.5 1876780
1672.0 1870808
1672.5 1870808
1673.0 1870808
1673.7 1870808
1675.0 1870808
1675.5 1870808
1676.0 1870776
1676.5 1870776
1677.0 1870776
1677.7 1870776
1678.5 1870840
1679.0 1870840
1679.8 1870840
1681.1 1870840
1681.6 1870840
1682.4 1870808
1683.4 1870808
1685.9 1870808
1686.4 1870808
1688.4 1870808
1688.9 1870808
1691.2 1870808
1691.7 1870872
1693.5 1870840
1694.5 1870840
1695.0 1876788
1695.5 1876980
1696.0 1876964
1696.5 1877024
1697.0 1876868
1697.5 1877120
1698.0 1876584
1698.5 1876520
1699.0 1877120
1699.5 1876772
1700.0 1876820
1700.5 1877340
1701.0 1877276
1701.5 1876772
1702.0 1876724
1702.5 1876948
1703.0 1877184
1703.5 1877012
1704.0 1876804
1704.5 1877008
1705.0 1876732
1705.5 1876908
1706.0 1876796
1706.5 1876780
1707.0 1876764
1707.5 1876908
1708.0 1876892
1708.5 1876844
1709.0 1876884
1709.5 1876932
1710.0 1876804
1710.5 1877136
1711.0 1876820
1711.5 1877184
1712.0 1876804
1712.5 1876996
1713.0 1876648
1713.5 1876900
1714.0 1876772
1714.5 1876456
1715.0 1876852
1715.5 1876724
1716.0 1876568
1716.5 1876660
1717.0 1870540
1718.8 1870508
1722.4 1870500
1726.0 1870532
1726.5 1870532
1727.0 1870532
1728.8 1870532
1729.3 1870532
1735.1 1872680
1735.6 1873220
1736.1 1873964
1736.6 1878504
1737.1 1885348
1738.9 1847976
1739.4 1847924
1739.9 1848684
1740.4 1856112
1740.9 1861452
1741.4 1863152
1741.9 1865700
1742.4 1869132
1742.9 1871060
1743.4 1873076
1743.9 1875556
1744.4 1879620
1744.9 1859916
1745.4 1862820
1745.9 1866032
1746.4 1869484
1746.9 1872968
1747.4 1876820
1747.9 1880484
1748.4 1874060
1748.9 1876108
1749.4 1867584
1749.9 1868856
1750.4 1873648
1750.9 1878852
1751.4 1879772
1751.9 1864296
1752.4 1866380
1752.9 1872764
1753.4 1878536
1753.9 1874236
1754.4 1876452
1754.9 1870368
1755.4 1861168
1755.9 1863844
1756.4 1867392
1756.9 1873852
1757.4 1876704
1757.9 1869404
1758.4 1861188
1758.9 1864220
1759.4 1867396
1759.9 1869384
1760.4 1874960
1760.9 1878548
1761.4 1857520
1761.9 1858232
1762.4 1861868
1762.9 1867900
1763.4 1872684
1763.9 1876168
1764.4 1876392
1764.9 1878120
1765.4 1880640
1765.9 1882200
1766.4 1883776
1766.9 1881940
1767.4 1874220
1767.9 1866432
1768.4 1863212
1768.9 1866168
1769.4 1867808
1769.9 1871128
1770.4 1872968
1770.9 1875624
1771.4 1878572
1771.9 1867168
1772.4 1862276
1772.9 1862696
1773.4 1863292
1773.9 1863136
1774.4 1862196
1774.9 1863960
1775.4 1864464
1775.9 1866740
1776.4 1869268
1776.9 1870788
1777.4 1870756
1777.9 1870756
1778.4 1870724
1778.9 1870788
1779.4 1870788
1779.9 1870788
1780.4 1870788
1780.9 1871516
1781.4 1874680
1781.9 1879040
1782.4 1877244
1782.9 1868696
1783.4 1864076
1783.9 1866788
1784.4 1869420
1784.9 1873364
1785.4 1875628
1785.9 1878836
1786.4 1880880
1786.9 1877736
1787.4 1875432
1787.9 1874940
1788.4 1880088
1788.9 1881180
1789.4 1879500
1789.9 1879792
1790.4 1879860
1790.9 1880532
1791.4 1873740
1791.9 1875556
1792.4 1878352
1792.9 1880012
1793.4 1879400
1793.9 1881136
1794.4 1876984
1794.9 1881712
1795.4 1877476
1795.9 1877160
1796.4 1879908
1796.9 1879372
1797.4 1881100
1797.9 1884124
1798.4 1885424
1798.9 1885924
1799.4 1884168
1799.9 1879016
1800.4 1877468
1800.9 1877468
1801.4 1877468
1801.9 1877468
1802.4 1877468
1802.9 1877460
1803.4 1877460
1803.9 1877968
1804.4 1879228
1804.9 1879984
1805.4 1882732
1805.9 1883992
1806.4 1886016
1806.9 1887924
1807.4 1889236
1807.9 1890272
1808.4 1884420
1808.9 1880140
1809.4 1874332
1809.9 1866288
1810.4 1862224
1810.9 1859788
1811.4 1863132
1811.9 1863924
1812.4 1865712
1812.9 1868040
1813.4 1869440
1813.9 1872400
1814.4 1873596
1814.9 1878436
1815.4 1879948
1815.9 1880412
1816.4 1881456
1816.9 1877100
1817.4 1868452
1817.9 1865020
1818.4 1865340
1818.9 1866324
1819.4 1868088
1819.9 1870496
1820.4 1872828
1820.9 1851792
1821.4 1776168
1821.9 1777108
1822.4 1776412
1822.9 1728248
1823.4 1727904
1823.9 1731716
1824.4 1731348
1824.9 1730008
1825.4 1729300
1825.9 1728652
1826.4 1728532
1826.9 1729544
1827.4 1729752
1827.9 1729000
1828.4 1728972
1828.9 1729352
1829.4 1731988
1829.9 1731812
1830.4 1730600
1830.9 1732044
1831.4 1734212
1831.9 1733244
1832.4 1732592
1832.9 1734600
1833.4 1733588
1833.9 1730448
1834.4 1730684
1834.9 1731016
1835.4 1731352
1835.9 1730476
1836.4 1730164
1836.9 1731232
1837.4 1730764
1837.9 1729224
1838.4 1731468
1838.9 1731492
1839.4 1731152
1839.9 1732532
1840.4 1732244
1840.9 1732640
1841.4 1734700
1841.9 1733496
1842.4 1734636
1842.9 1738168
1843.4 1733588
1843.9 1734372
1844.4 1734116
1844.9 1732992
1845.4 1732888
1845.9 1732752
1846.4 1732504
1846.9 1732556
1847.4 1732712
1847.9 1732728
1848.4 1733680
1848.9 1733400
1849.4 1734696
1849.9 1737144
1850.4 1738312
1850.9 1739100
1851.4 1739896
1851.9 1737876
1852.4 1738544
1852.9 1738784
1853.4 1740460
1853.9 1736544
1854.4 1736432
1854.9 1735004
1855.4 1735736
1855.9 1735416
1856.4 1736040
1856.9 1734996
1857.4 1734540
1857.9 1734888
1858.4 1734216
1858.9 1732840
1859.4 1733812
1859.9 1733772
1860.4 1733336
1860.9 1729792
1861.4 1727656
1861.9 1727456
1862.4 1727512
1862.9 1727584
1863.5 1727864
1864.0 1728040
1864.5 1728352
1865.0 1728416
1865.5 1728528
1866.2 1728156
1866.7 1727924
1867.2 1727908
1867.7 1727912
1868.2 1727888
1868.7 1728484
1869.2 1729512
1869.7 1730436
1870.2 1732420
1870.7 1733468
1871.2 1733784
1871.7 1734464
1872.3 1734436
1872.8 1734664
1873.3 1734644
1873.8 1734484
1874.3 1734408
1874.9 1734384
1875.4 1734704
1875.9 1729612
1876.4 1731788
1876.9 1739072
1877.4 1730488
1877.9 1730464
1878.4 1740772
1878.9 1730920
1879.4 1730944
1879.9 1731020
1880.4 1731064
1880.9 1731568
1881.4 1731624
1881.9 1731600
1882.4 1731544
1882.9 1731488
1883.4 1731408
1883.9 1731344
1884.5 1731272
1885.0 1731284
1885.5 1731460
1886.0 1731664
1886.5 1731664
1887.0 1731664
1887.5 1731632
1888.0 1731632
1888.5 1731632
1889.0 1731632
1889.5 1731632
1890.0 1731632
1890.5 1731632
1891.0 1731632
1891.5 1731664
1892.0 1731664
1892.5 1731664
1893.0 1731664
1893.5 1731664
1894.0 1731664
1894.6 1731664
1895.1 1731664
1895.6 1731632
1896.1 1731632
1896.6 1731632
1897.1 1731632
1897.6 1731632
1898.1 1731632
1898.6 1731664
1899.1 1731664
1899.6 1731664
1900.1 1731632
1900.6 1731632
1901.2 1731632
1901.8 1731632
1902.3 1731632
1902.9 1731632
1903.4 1731632
1903.9 1731632
1904.4 1731632
1904.9 1731632
1905.4 1731600
1905.9 1731664
1906.5 1731664
1907.1 1731664
1907.6 1731664
1908.2 1731664
1908.7 1731664
1909.2 1731664
1909.7 1731664
1910.2 1731664
1910.8 1731664
1911.3 1731792
1911.8 1731664
1912.3 1731664
1912.8 1731664
1913.3 1731664
1913.8 1731696
1914.3 1731696
1914.8 1731664
1915.3 1731664
1915.8 1731664
1916.4 1731664
1916.9 1731660
1917.4 1731660
1917.9 1731660
1918.4 1731660
1918.9 1731660
1919.4 1731660
1919.9 1731628
1920.4 1731628
1920.9 1731692
1921.4 1731692
1921.9 1730432
1922.5 1730432
1923.0 1730432
1923.5 1730432
1924.1 1730432
1924.6 1730400
1925.1 1730400
1925.6 1730400
1926.1 1730400
1926.6 1730400
1927.1 1730400
1927.6 1730400
1928.1 1730400
1928.6 1730464
1929.1 1730432
1929.6 1730432
1930.1 1730432
1930.6 1730432
1931.1 1730432
1931.7 1730432
1932.2 1730432
1932.7 1730432
1933.2 1730432
1933.7 1730432
1934.2 1730432
1934.7 1730400
1935.2 1730400
1935.8 1730400
1936.3 1730400
1936.8 1730432
1937.3 1730432
1937.8 1730432
1938.3 1730432
1938.8 1730400
1939.3 1730400
1939.8 1730400
1940.3 1730400
1940.8 1730400
1941.3 1730400
1941.8 1730400
1942.3 1730400
1942.8 1730400
1943.3 1730432
1943.8 1730432
1944.3 1730432
1944.9 1730432
1945.4 1730432
1945.9 1730432
1946.4 1730432
1946.9 1730432
1947.4 1730432
1947.9 1730432
1948.6 1730432
1949.1 1730432
1949.6 1730432
1950.1 1730400
1950.6 1730400
1951.1 1730432
1951.6 1730432
1952.1 1730432
1952.6 1730432
1953.1 1730400
1953.6 1730400
1954.1 1730400
1954.6 1730400
1955.1 1730400
1955.6 1730400
1956.1 1730400
1956.6 1730400
1957.2 1730400
1957.7 1730400
1958.2 1730368
1958.7 1730432
1959.2 1730432
1959.7 1730432
1960.2 1730432
1960.7 1730432
1961.2 1730432
1961.7 1730432
1962.2 1730432
1962.7 1730400
1963.2 1730400
1963.7 1730400
1964.2 1730400
1964.7 1730400
1965.2 1730400
1965.7 1730400
1966.2 1730432
1966.7 1730432
1967.3 1730432
1967.8 1730432
1968.3 1730400
1968.8 1730400
1969.5 1730400
1970.0 1730400
1970.5 1730400
1971.1 1730400
1971.6 1730400
1972.1 1730368
1972.6 1730368
1973.1 1730368
1973.6 1730432
1974.1 1730432
1974.6 1730432
1975.1 1730432
1975.6 1730432
1976.1 1730432
1976.6 1730400
1977.1 1730400
1977.6 1730400
1978.1 1730400
1978.6 1730400
1979.1 1730400
1979.6 1730400
1980.1 1730400
1980.6 1730464
1981.1 1730464
1981.6 1730432
1982.1 1730432
1982.6 1730432
1983.1 1730432
1983.6 1730432
1984.1 1730432
1984.6 1730432
1985.1 1730432
1985.7 1730432
1986.2 1730400
1986.8 1730400
1987.3 1730400
1987.8 1730400
1988.3 1730432
1988.8 1730432
1989.3 1730432
1989.8 1730432
1990.3 1730432
1990.8 1730432
1991.3 1730400
1991.8 1730400
1992.4 1730400
1992.9 1730400
1993.4 1730400
1994.0 1730400
1994.5 1730400
1995.0 1730400
1995.6 1730400
1996.1 1730400
1996.6 1730432
1997.1 1730432
1997.6 1730432
1998.1 1730432
1998.6 1730432
1999.1 1730432
1999.9 1730432
2000.4 1730432
2000.9 1730432
2001.4 1730400
2001.9 1730400
2002.4 1730400
2002.9 1730400
2003.4 1730432
2004.0 1730432
2004.5 1730432
2005.0 1730432
2005.5 1730432
2006.0 1730432
2006.5 1730400
2007.2 1730400
2007.7 1730400
2008.2 1730400
2008.7 1730400
2009.2 1730400
2009.7 1730400
2010.2 1730400
2010.7 1730368
2011.2 1730432
2011.9 1730432
2012.4 1730432
2012.9 1730432
2013.4 1730432
2013.9 1730432
2014.4 1730432
2014.9 1730432
2015.4 1730400
2015.9 1730400
2016.4 1730400
2016.9 1730400
2017.4 1730400
2017.9 1730400
2018.4 1730400
2018.9 1730400
2019.4 1730432
2020.0 1730400
2020.5 1730400
2021.0 1730400
2021.5 1730400
2022.0 1730400
2022.5 1730400
2023.0 1730400
2023.5 1730400
2024.0 1730400
2024.6 1730400
2025.1 1730368
2025.6 1730368
2026.1 1730432
2026.6 1730432
2027.1 1730432
2027.6 1730432
2028.1 1730432
2028.6 1730432
2029.2 1730432
2029.7 1730432
2030.2 1730432
2030.7 1730400
2031.2 1730400
2031.7 1730392
2032.2 1730392
2032.7 1730392
2033.2 1730392
2033.7 1730456
2034.2 1730424
2034.7 1730424
2035.2 1730424
2035.7 1730424
2036.2 1730424
2036.7 1730424
2037.2 1730424
2037.7 1730424
2038.2 1730424
2038.7 1730424
2039.3 1730392
2039.8 1730392
2040.3 1730392
2040.8 1730424
2041.3 1730424
2041.9 1730424
2042.4 1730424
2042.9 1730424
2043.4 1730424
2043.9 1730424
2044.4 1730424
2044.9 1730392
2045.4 1730392
2045.9 1730392
2046.4 1730392
2046.9 1730392
2047.4 1730392
2047.9 1730392
2048.5 1730424
2049.0 1730424
2049.5 1730424
2050.0 1730424
2050.5 1730424
2051.0 1730424
2051.5 1730424
2052.0 1730424
2052.5 1730424
2053.0 1730424
2053.5 1730392
2054.0 1730392
2054.5 1730392
2055.0 1730392
2055.5 1730392
2056.1 1730392
2056.6 1730424
2057.1 1730424
2057.6 1730392
2058.1 1730392
2058.6 1730392
2059.1 1730392
2059.6 1730392
2060.1 1730392
2060.6 1730392
2061.1 1730392
2061.6 1730392
2062.1 1730392
2062.6 1730360
2063.1 1730424
2063.6 1730424
2064.1 1730424
2064.6 1730424
2065.1 1730424
2065.6 1730424
2066.2 1730424
2066.7 1730424
2067.2 1730392
2067.7 1730392
2068.2 1730392
2068.7 1730392
2069.2 1730392
2069.7 1730392
2070.2 1730392
2070.7 1730392
2071.2 1730424
2071.7 1730392
2072.2 1730392
2072.7 1730392
2073.2 1730392
2073.7 1730392
2074.2 1730392
2074.7 1730392
2075.2 1730392
2075.7 1730392
2076.2 1730392
2076.7 1730392
2077.2 1730360
2077.7 1730424
2078.2 1730424
2078.7 1730424
2079.2 1730424
2079.7 1730424
2080.2 1730424
2080.7 1730424
2081.2 1730392
2081.7 1730392
2082.3 1730392
2082.8 1730392
2083.3 1730392
2083.8 1730392
2084.3 1730392
2084.8 1730392
2085.3 1730456
2085.8 1730424
2086.3 1730424
2086.8 1730424
2087.3 1730424
2087.8 1730424
2088.4 1730424
2088.9 1730424
2089.4 1730424
2089.9 1730424
2090.4 1730424
2090.9 1730392
2091.4 1730392
2091.9 1730392
2092.4 1730392
2092.9 1730424
2093.4 1730424
2093.9 1730424
2094.4 1730424
2095.1 1730424
2095.6 1730392
2096.1 1730392
2096.6 1730392
2097.2 1730392
2097.7 1730392
2098.2 1730392
2098.7 1730392
2099.2 1730392
2099.7 1730392
2100.2 1730392
2100.7 1730424
2101.2 1730424
2101.8 1730424
2102.3 1730424
2102.8 1730424
2103.3 1730424
2103.8 1730424
2104.3 1730424
2104.8 1730424
2105.3 1730424
2105.8 1730424
2106.3 1730424
2106.8 1730392
2107.3 1730392
2107.8 1730424
2108.3 1730424
2108.8 1730424
2109.3 1730424
2109.8 1730424
2110.3 1730392
2110.8 1730392
2111.4 1730392
2111.9 1730392
2112.4 1730392
2112.9 1730392
2113.4 1730392
2114.0 1730392
2114.5 1730392
2115.0 1730360
2115.5 1730424
2116.0 1730424
2116.5 1730424
2117.0 1730424
2117.5 1730424
2118.0 1730424
2118.5 1730424
2119.0 1730424
2119.5 1730392
2120.0 1730392
2120.5 1730392
2121.0 1730392
2121.5 1730392
2122.0 1730392
2122.5 1730424
2123.1 1730424
2123.6 1730424
2124.1 1730424
2124.6 1730392
2125.1 1730392
2125.6 1730392
2126.1 1730392
2126.6 1730392
2127.1 1730392
2127.6 1730392
2128.1 1730392
2128.6 1730392
2129.1 1730360
2129.6 1730360
2130.1 1730424
2130.6 1730424
2131.1 1730424
2131.7 1730424
2132.2 1730424
2132.7 1730424
2133.2 1730424
2133.7 1730424
2134.2 1730424
2134.7 1730424
2135.2 1730392
2135.7 1730392
2136.2 1730392
2136.7 1730392
2137.2 1730392
2137.7 1730456
2138.2 1730424
2138.7 1730424
2139.2 1730424
2139.7 1730424
2140.2 1730424
2140.7 1730424
2141.3 1730424
2141.8 1730424
2142.3 1730424
2142.8 1730392
2143.3 1730392
2143.8 1730392
2144.3 1730392
2144.8 1730424
2145.3 1730424
2145.8 1730424
2146.3 1730424
2146.8 1730424
2147.3 1730392
2147.8 1730392
2148.3 1730392
2148.8 1730392
2149.3 1730392
2149.9 1730392
2150.4 1730392
2150.9 1730392
2151.4 1730392
2151.9 1730392
2152.4 1730392
2152.9 1730392
2153.4 1730424
2154.1 1730424
2154.6 1730424
2155.1 1730424
2155.6 1730424
2156.1 1730424
2156.6 1730424
2157.1 1730392
2157.6 1730392
2158.3 1730392
2158.8 1730392
2159.3 1730392
2159.8 1730392
2160.3 1730392
2160.8 1730424
2161.3 1730424
2161.8 1730392
2162.3 1730392
2162.8 1730392
2163.3 1730392
2163.8 1730392
2164.4 1730392
2164.9 1730392
2165.4 1730392
2165.9 1730392
2166.5 1730392
2167.0 1730360
2167.5 1730424
2168.0 1730424
2168.5 1730424
2169.0 1730424
2169.5 1730424
2170.1 1730424
2170.6 1730424
2171.1 1730424
2171.6 1730392
2172.1 1730392
2172.6 1730392
2173.1 1730392
2173.7 1730392
2174.2 1730392
2174.7 1730392
2175.2 1730392
2175.7 1730424
2176.2 1730392
2176.7 1730392
2177.2 1730392
2177.7 1730392
2178.2 1730392
2178.8 1730392
2179.3 1730392
2179.8 1730392
2180.3 1730392
2180.8 1730392
2181.3 1730360
2181.9 1730360
2182.4 1730424
2182.9 1730424
2183.4 1730424
2184.0 1730424
2184.5 1730424
2185.0 1730424
2185.6 1730396
2186.1 1730364
2186.7 1730364
2187.2 1730364
2187.7 1730364
2188.2 1730364
2188.7 1730364
2189.2 1730364
2189.7 1730364
2190.2 1730364
2190.7 1730396
2191.2 1730396
2191.9 1730396
2192.4 1730396
2192.9 1730396
2193.4 1730396
2193.9 1730396
2194.4 1730396
2195.0 1730396
2195.5 1730396
2196.0 1730364
2196.5 1730364
2197.0 1730364
2197.5 1730396
2198.0 1730396
2198.5 1730396
2199.0 1730396
2199.5 1730396
2200.0 1730396
2200.5 1730396
2201.0 1730364
2201.5 1730364
2202.1 1730364
2202.6 1730364
2203.1 1730364
2203.6 1730364
2204.1 1730364
2204.6 1730364
2205.1 1730364
2205.6 1730396
2206.1 1730396
2206.7 1730396
2207.2 1730396
2207.7 1730396
2208.2 1730396
2208.7 1730396
2209.2 1730396
2209.7 1730396
2210.2 1730396
2210.7 1730396
2211.2 1730364
2211.7 1730364
2212.3 1730364
2212.8 1730364
2213.3 1730364
2213.8 1730396
2214.3 1730396
2214.8 1730364
2215.3 1730364
2215.8 1730364
2216.3 1730364
2216.8 1730364
2217.3 1730364
2217.8 1730364
2218.3 1730364
2218.8 1730364
2219.3 1730364
2219.8 1730396
2220.3 1730396
2220.8 1730396
2221.3 1730396
2221.8 1730396
2222.3 1730396
2222.8 1730396
2223.3 1730396
2223.8 1730364
2224.3 1730364
2224.8 1730364
2225.3 1730364
2225.8 1730364
2226.3 1730364
2226.8 1730364
2227.3 1730396
2227.8 1730396
2228.3 1730396
2228.8 1730364
2229.3 1730364
2229.8 1730364
2230.3 1730364
2230.8 1730364
2231.3 1730364
2231.8 1730364
2232.3 1730364
2232.8 1730364
2233.3 1730332
2233.9 1730332
2234.4 1730332
2234.9 1730396
2235.4 1730396
2235.9 1730396
2236.4 1730396
2236.9 1730396
2237.4 1730396
2237.9 1730396
2238.4 1730364
2238.9 1730364
2239.4 1730364
2239.9 1730364
2240.4 1730364
2240.9 1730364
2241.4 1730364
2241.9 1730364
2242.5 1730428
2243.0 1730396
2243.5 1730396
2244.0 1730396
2244.5 1730396
2245.0 1730396
2245.5 1730396
2246.0 1730396
2246.5 1730396
2247.0 1730396
2247.5 1730396
2248.0 1730364
2248.5 1730364
2249.0 1730364
2249.5 1730396
2250.0 1730396
2250.5 1730396
2251.0 1730396
2251.5 1730396
2252.0 1730364
2252.5 1730364
2253.0 1730364
2253.6 1730364
2254.1 1730364
2254.6 1730364
2255.1 1730364
2255.6 1730364
2256.1 1730364
2256.6 1730364
2257.1 1730364
2257.6 1730364
2258.1 1730396
2258.7 1730396
2259.2 1730396
2259.7 1730396
2260.2 1730396
2260.7 1730396
2261.2 1730396
2261.8 1730396
2262.3 1730364
2262.8 1730364
2263.3 1730364
2263.8 1730364
2264.3 1730364
2264.8 1730364
2265.3 1730364
2265.8 1730396
2266.3 1730364
2266.8 1730364
2267.3 1730364
2267.8 1730364
2268.3 1730364
2268.8 1730364
2269.3 1730364
2269.8 1730364
2270.3 1730364
2270.8 1730364
2271.4 1730364
2271.9 1730396
2272.4 1730396
2273.0 1730396
2273.5 1730396
2274.0 1730396
2274.5 1730396
2275.0 1730396
2275.5 1730396
2276.0 1730364
2276.5 1730364
2277.0 1730364
2277.5 1730364
2278.0 1730364
2278.5 1730364
2279.0 1730364
2279.5 1730364
2280.0 1730396
2280.5 1730364
2281.0 1730364
2281.5 1730364
2282.0 1730364
2282.5 1730364
2283.0 1730364
2283.5 1730364
2284.0 1730364
2284.5 1730364
2285.0 1730364
2285.5 1730364
2286.0 1730332
2286.5 1730396
2287.0 1730396
2287.5 1730396
2288.0 1730396
2288.5 1730396
2289.0 1730396
2289.5 1730396
2290.0 1730364
2290.5 1730364
2291.0 1730364
2291.5 1730364
2292.0 1730364
2292.5 1730364
2293.0 1730364
2293.5 1730364
2294.0 1730428
2294.5 1730396
2295.0 1730396
2295.5 1730396
2296.0 1730396
2296.6 1730396
2297.1 1730396
2297.6 1730396
2298.1 1730396
2298.6 1730396
2299.1 1730396
2299.6 1730364
2300.1 1730364
2300.7 1730364
2301.2 1730364
2301.7 1730396
2302.2 1730396
2302.7 1730396
2303.2 1730396
2303.7 1730396
2304.2 1730364
2304.7 1730364
2305.2 1730364
2305.7 1730364
2306.2 1730364
2306.7 1730364
2307.2 1730364
2307.7 1730364
2308.2 1730364
2308.7 1730364
2309.2 1730364
2309.7 1730364
2310.2 1730396
2310.7 1730396
2311.2 1730396
2311.7 1730396
2312.2 1730396
2312.8 1730396
2313.3 1730396
2313.8 1730364
2314.3 1730364
2314.8 1730364
2315.3 1730364
2315.8 1730364
2316.3 1730396
2316.8 1730396
2317.3 1730396
2317.8 1730396
2318.3 1730364
2318.8 1730364
2319.3 1730364
2319.8 1730364
2320.3 1730364
2320.8 1730364
2321.3 1730364
2321.8 1730364
2322.3 1730364
2322.8 1730364
2323.3 1730332
2323.8 1730396
2324.3 1730396
2324.8 1730396
2325.3 1730396
2325.8 1730396
2326.3 1730396
2326.8 1730396
2327.3 1730396
2327.8 1730396
2328.3 1730364
2328.8 1730364
2329.4 1730364
2329.9 1730364
2330.4 1730364
2330.9 1730364
2331.4 1730396
2331.9 1730396
2332.4 1730364
2332.9 1730364
2333.4 1730364
2333.9 1730364
2334.4 1730364
2334.9 1730364
2335.4 1730364
2335.9 1730364
2336.4 1730364
2336.9 1730364
2337.4 1730332
2337.9 1730332
2338.4 1730396
2338.9 1730396
2339.4 1730396
2339.9 1730396
2340.4 1730396
2340.9 1730396
2341.4 1730396
2341.9 1730396
2342.4 1730364
2342.9 1730364
2343.4 1730364
2343.9 1730364
2344.4 1730364
2345.1 1730364
2345.6 1730364
2346.1 1730364
2346.6 1730396
2347.1 1730396
2347.6 1730396
2348.1 1730396
2348.6 1730396
2349.1 1730396
2349.6 1730396
2350.1 1730396
2350.6 1730396
2351.1 1730396
2351.6 1730364
2352.1 1730364
2352.6 1730364
2353.1 1730364
2353.6 1730396
2354.2 1730396
2354.7 1730396
2355.2 1730396
2355.7 1730396
2356.2 1730396
2356.7 1730364
2357.2 1730364
2357.8 1730364
2358.3 1730364
2358.8 1730364
2359.3 1730364
2359.8 1730364
2360.4 1730364
2360.9 1730396
2361.4 1730396
2361.9 1730396
2362.4 1730396
2362.9 1730396
2363.4 1730396
2363.9 1730396
2364.4 1730396
2364.9 1730396
2365.4 1730396
2365.9 1730364
2366.4 1730364
2366.9 1730364
2367.4 1730364
2367.9 1730364
2368.4 1730364
2368.9 1730396
2369.4 1730396
2369.9 1730396
2370.5 1730396
2371.0 1730364
2371.5 1730364
2372.0 1730364
2372.5 1730364
2373.0 1730364
2373.5 1730364
2374.0 1730364
2374.5 1730364
2375.0 1730332
2375.5 1730396
2376.0 1730396
2376.5 1730396
2377.0 1730396
2377.5 1730396
2378.0 1730396
2378.5 1730396
2379.0 1730396
2379.5 1730396
2380.0 1730364
2380.5 1730364
2381.0 1730364
2381.5 1730364
2382.0 1730364
2382.5 1730364
2383.0 1730396
2383.5 1730396
2384.0 1730396
2384.5 1730364
2385.0 1730364
2385.5 1730364
2386.0 1730364
2386.5 1730364
2387.0 1730364
2387.6 1730364
2388.1 1730364
2388.6 1730364
2389.1 1730364
2389.6 1730364
2390.1 1730332
2390.6 1730396
2391.1 1730396
2391.6 1730396
2392.1 1730396
2392.6 1730396
2393.1 1730396
2393.6 1730364
2394.1 1730364
2394.7 1730364
2395.2 1730364
2395.7 1730364
2396.2 1730364
2396.7 1730364
2397.2 1730364
2397.7 1730428
2398.2 1730428
2398.7 1730396
2399.2 1730396
2399.7 1730396
2400.2 1730396
2400.7 1730396
2401.2 1730396
2401.7 1730396
2402.2 1730396
2402.7 1730396
2403.2 1730364
2403.7 1730364
2404.2 1730364
2404.7 1730364
2405.2 1730396
2405.7 1730396
2406.2 1730396
2406.7 1730396
2407.2 1730396
2407.7 1730396
2408.2 1730364
2408.8 1730364
2409.3 1730364
2409.8 1730364
2410.3 1730364
2410.8 1730364
2411.3 1730364
2411.8 1730364
2412.3 1730364
2412.8 1730364
2413.3 1730396
2413.8 1730396
2414.3 1730396
2414.8 1730396
2415.3 1730396
2415.8 1730396
2416.4 1730396
2416.9 1730396
2417.4 1730396
2417.9 1730364
2418.4 1730364
2418.9 1730364
2419.4 1730364
2419.9 1730396
2420.4 1730396
2420.9 1730396
2421.4 1730396
2421.9 1730364
2422.5 1730364
2423.0 1730364
2423.5 1730364
2424.0 1730364
2424.5 1730364
2425.0 1730364
2425.5 1730364
2426.0 1730364
2426.5 1730364
2427.0 1730332
2427.5 1730396
2428.0 1730396
2428.5 1730396
2429.0 1730396
2429.5 1730396
2430.0 1730396
2430.5 1730396
2431.0 1730396
2431.5 1730396
2432.0 1730396
2432.5 1730396
2433.0 1730364
2433.5 1730364
2434.0 1730364
2434.5 1730364
2435.0 1730396
2435.5 1730396
2436.0 1730396
2436.5 1730396
2437.0 1730364
2437.5 1730364
2438.0 1730364
2438.5 1730364
2439.0 1730364
2439.5 1730364
2440.0 1730364
2440.5 1730364
2441.0 1730332
2441.5 1730332
2442.0 1730396
2442.5 1730396
2443.0 1730396
2443.5 1730396
2444.0 1730396
2444.5 1730396
2445.0 1730396
2445.7 1730396
2449.2 1730364
2451.0 1730364
2451.9 1730364
2452.7 1730364
2453.7 1730364
2454.2 1730364
2454.7 1730364
2455.2 1730364
2455.7 1730364
2457.4 1730396
2459.4 1730396
2459.9 1730396
2461.1 1730396
2461.6 1730396
2462.1 1730396
2462.6 1730396
2464.2 1730364
2464.7 1730364
2465.2 1730364
2465.7 1730364
2466.2 1730396
2466.7 1730396
2467.2 1730396
2467.8 1730396
2468.3 1730396
2469.4 1730396
2470.3 1730364
2470.8 1730364
2471.3 1730364
2471.8 1730364
2472.3 1730364
2473.2 1730364
2473.7 1730364
2474.2 1730364
2474.7 1730364
2475.2 1730396
2475.7 1730396
2476.2 1730396
2476.7 1730396
2477.2 1730396
2477.7 1730396
2478.2 1730396
2478.7 1730396
2479.2 1730396
2480.0 1730396
2480.5 1730364
2481.0 1730364
2481.5 1730364
2482.0 1730396
2482.5 1730396
2483.0 1730396
2483.5 1730396
2484.3 1730396
2484.8 1730396
2485.4 1730364
2486.0 1730364
2486.5 1730364
2487.2 1730364
2487.7 1730364
2488.2 1730364
2488.7 1730364
2489.2 1730364
2489.7 1730364
2491.2 1730396
2491.9 1730396
2492.6 1730396
2493.1 1730396
2493.6 1730396
2494.1 1730396
2494.7 1730396
2495.2 1730396
2495.7 1730364
2496.7 1730364
2497.2 1730364
2497.9 1730364
2498.4 1730364
2499.1 1730364
2499.6 1730364
2500.1 1730364
2501.0 1730364
2501.5 1730364
2502.0 1730364
2502.6 1730364
2503.1 1730364
2503.6 1730364
2504.1 1730364
2504.6 1730364
2505.1 1730364
2507.0 1730332
2507.6 1730332
2508.1 1730332
2508.6 1730396
2509.1 1730396
2510.0 1730396
2510.5 1730396
2511.0 1730396
2511.5 1730364
2512.0 1730364
2512.5 1730364
2513.0 1730364
2513.5 1730364
2514.0 1730364
2514.9 1730364
2515.4 1730364
2515.9 1730364
2516.4 1730428
2516.9 1730396
2518.3 1730396
2520.2 1730396
2520.7 1730396
2521.2 1730396
2521.7 1730396
2522.2 1730396
2522.7 1730396
2523.2 1730364
2523.8 1730364
2524.3 1730364
2524.8 1730364
2525.3 1730364
2526.0 1730364
2526.5 1730364
2527.0 1730396
2527.5 1730396
2528.0 1730396
2529.0 1730364
2531.0 1730364
2531.5 1730364
2532.0 1730364
2533.4 1730364
2533.9 1730364
2534.4 1730364
2535.1 1730364
2535.6 1730396
2536.4 1730396
2536.9 1730396
2537.4 1730396
2537.9 1730396
2538.6 1730396
2539.1 1730396
2539.7 1730396
2541.6 1730396
2544.5 1730364
2545.9 1730364
2546.9 1730364
2547.4 1730364
2547.9 1730364
2549.0 1730396
2550.0 1730396
2550.5 1730396
2551.0 1730396
2552.3 1730364
2552.8 1730364
2553.3 1730364
2553.9 1730364
2554.4 1730364
2555.1 1730364
2555.6 1730364
2557.1 1730364
2557.6 1730332
2559.6 1730396
2560.5 1730396
2561.4 1730396
2561.9 1730396
2562.4 1730396
2562.9 1730396
2563.4 1730396
2563.9 1730396
2564.4 1730396
2565.0 1730396
2565.5 1730364
2566.0 1730364
2566.5 1730364
2567.0 1730364
2567.5 1730364
2568.0 1730364
2569.1 1730396
2569.6 1730364
2570.1 1730364
2570.6 1730364
2572.5 1730364
2573.0 1730364
2573.8 1730364
2574.3 1730364
2574.8 1730364
2575.3 1730364
2575.8 1730364
2576.3 1730332
2576.8 1730332
2577.7 1730396
2578.2 1730396
2579.7 1730396
2580.2 1730396
2580.7 1730396
2581.2 1730396
2581.7 1730396
2582.2 1730364
2582.7 1730364
2583.2 1730364
2583.7 1730364
2584.2 1730364
2584.7 1730364
2585.2 1730364
2585.7 1730364
2586.2 1730428
2586.7 1730396
2587.2 1730396
2587.7 1730396
2588.5 1730396
2589.1 1730396
2589.6 1730396
2590.1 1730396
2590.6 1730396
2591.1 1730396
2591.6 1730364
2592.1 1730364
2592.6 1730364
2593.1 1730364
2594.3 1730396
2594.8 1730396
2595.8 1730396
2596.3 1730396
2596.8 1730396
2597.3 1730396
2597.8 1730364
2598.3 1730364
2598.8 1730364
2599.3 1730364
2599.8 1730364
2600.3 1730364
2600.8 1730364
2601.3 1730364
2601.8 1730396
2602.3 1730396
2602.8 1730396
2603.4 1730396
2603.9 1730396
2604.4 1730396
2604.9 1730396
2605.4 1730396
2605.9 1730396
2606.5 1730396
2607.0 1730396
2607.5 1730396
2608.0 1730364
2608.5 1730364
2609.0 1730364
2609.5 1730364
2610.0 1730396
2610.8 1730396
2611.3 1730396
2611.8 1730364
2612.3 1730364
2614.3 1730364
2614.8 1730364
2616.8 1730364
2617.3 1730364
2617.8 1730364
2618.3 1730364
2620.2 1730332
2620.7 1730332
2621.6 1730332
2622.3 1730396
2623.3 1730396
2623.9 1730396
2624.5 1730396
2625.0 1730396
2625.5 1730396
2626.4 1730364
2626.9 1730364
2627.4 1730364
2627.9 1730364
2628.4 1730364
2628.9 1730364
2629.7 1730364
2630.2 1730364
2630.7 1730396
2631.2 1730396
2631.7 1730364
2632.3 1730364
2632.8 1730364
2633.3 1730364
2633.8 1730364
2634.4 1730364
2634.9 1730364
2635.7 1730364
2636.2 1730364
2636.8 1730332
2637.3 1730332
2637.8 1730396
2638.3 1730396
2638.8 1730396
2639.3 1730396
2639.8 1730396
2640.3 1730396
2641.0 1730396
2641.5 1730396
2642.3 1730364
2642.9 1730364
2643.4 1730364
2643.9 1730364
2644.5 1730364
2645.0 1730364
2645.5 1730364
2646.0 1730364
2646.5 1730396
2647.5 1730396
2649.4 1730396
2650.0 1730396
2650.5 1730396
2651.0 1730396
2651.5 1730396
2652.0 1730396
2652.5 1730396
2653.0 1730396
2653.5 1730396
2654.0 1730364
2654.5 1730364
2655.0 1730396
2655.6 1730396
2656.2 1730396
2656.7 1730396
2657.2 1730396
2657.7 1730396
2658.2 1730364
2658.7 1730364
2659.3 1730364
2659.8 1730364
2660.9 1730364
2661.4 1730364
2661.9 1730364
2662.4 1730364
2662.9 1730364
2663.4 1730364
2663.9 1730396
2664.5 1730396
2665.0 1730396
2665.5 1730396
2666.0 1730396
2666.6 1730396
2667.1 1730396
2667.6 1730396
2668.1 1730364
2668.6 1730364
2669.1 1730364
2669.6 1730364
2670.2 1730364
2670.7 1730364
2671.2 1730396
2671.7 1730396
2672.4 1730396
2672.9 1730364
2673.4 1730364
2674.1 1730364
2674.7 1730364
2675.2 1730364
2675.8 1730364
2676.3 1730364
2676.8 1730364
2677.3 1730364
2677.8 1730364
2678.3 1730332
2678.8 1730396
2679.3 1730396
2679.8 1730396
2680.3 1730396
2680.8 1730396
2681.3 1730396
2681.8 1730396
2682.3 1730396
2683.2 1730364
2683.7 1730364
2684.2 1730364
2684.7 1730364
2685.2 1730364
2685.7 1730364
2686.2 1730396
2686.7 1730396
2687.2 1730396
2687.7 1730364
2688.2 1730364
2688.9 1730364
2690.9 1730364
2691.4 1730364
2691.9 1730364
2693.0 1730364
2693.6 1730364
2694.1 1730364
2696.1 1730332
2696.6 1730332
2697.6 1730396
2698.1 1730396
2698.6 1730396
2699.7 1730396
2700.2 1730396
2700.7 1730396
2702.7 1730364
2703.6 1730364
2704.1 1730364
2704.6 1730364
2705.1 1730364
2707.3 1730364
2708.3 1730364
2708.8 1730364
2709.3 1730428
2709.8 1730396
2710.3 1730396
2710.8 1730396
2711.3 1730396
2711.8 1730396
2714.2 1730396
2716.9 1730396
2717.4 1730396
2717.9 1730396
2718.4 1730364
2720.0 1730364
2720.5 1730364
2721.0 1730364
2721.5 1730396
2722.0 1730396
2722.5 1730396
2723.0 1730396
2723.5 1730396
2724.0 1730396
2724.5 1730364
2725.2 1730364
2725.7 1730364
2726.3 1730364
2727.8 1730364
2729.7 1730364
2730.2 1730364
2730.7 1730364
2731.7 1730396
2732.2 1730396
2734.0 1730396
2734.5 1730396
2735.2 1730396
2736.2 1730396
2736.7 1730396
2737.2 1730396
2738.4 1730364
2738.9 1730364
2739.4 1730364
2740.1 1730364
2740.6 1730364
2741.3 1730396
2743.2 1730396
2743.7 1730396
2744.5 1730396
2745.0 1730396
2745.5 1730396
2746.0 1730396
2746.5 1730364
2747.0 1730364
2747.5 1730364
2748.0 1730364
2748.5 1730364
2749.0 1730364
2751.5 1730332
2752.6 1730396
2753.1 1730396
2753.6 1730396
2755.5 1730396
2756.0 1730396
2756.5 1730396
2757.0 1730396
2757.5 1730396
2759.3 1730364
2760.0 1730364
2760.8 1730364
2761.7 1730364
2764.3 1730364
2764.8 1730396
2765.3 1730396
2765.9 1730396
2766.6 1730364
2767.1 1730364
2767.6 1730364
2769.4 1730364
2769.9 1730364
2770.6 1730364
2771.1 1730364
2771.6 1730364
2772.1 1730364
2772.7 1730332
2773.2 1730332
2774.6 1730396
2775.4 1730396
2775.9 1730396
2776.4 1730396
2776.9 1730396
2777.5 1730396
2778.0 1730396
2778.5 1730364
2779.0 1730364
2780.5 1730364
2781.0 1730364
2781.5 1730364
2782.0 1730364
2782.5 1730364
2783.0 1730364
2784.1 1730428
2784.9 1730396
2785.4 1730396
2785.9 1730396
2786.5 1730396
2787.0 1730396
2787.6 1730396
2788.1 1730396
2788.6 1730396
2789.1 1730396
2789.6 1730364
2790.1 1730364
2790.6 1730364
2791.1 1730364
2791.6 1730396
2792.1 1730396
2792.6 1730396
2793.1 1730396
2793.6 1730396
2794.3 1730396
2795.0 1730396
2795.7 1730364
2796.2 1730364
2798.2 1730364
2799.8 1730364
2800.3 1730364
2800.8 1730364
2801.7 1730364
2802.2 1730364
2802.7 1730364
2803.2 1730364
2803.7 1730396
2805.0 1730396
2805.5 1730396
2806.0 1730396
2806.5 1730396
2807.0 1730396
2807.9 1730364
2808.4 1730364
2808.9 1730364
2809.4 1730364
2809.9 1730364
2810.4 1730364
2811.1 1730364
2811.7 1730396
2812.2 1730396
2812.7 1730364
2813.8 1730364
2814.3 1730364
2814.8 1730364
2816.1 1730364
2817.4 1730364
2817.9 1730364
2818.4 1730364
2819.1 1730364
2819.6 1730364
2820.6 1730396
2822.4 1730396
2822.9 1730396
2823.4 1730396
2823.9 1730396
2824.4 1730396
2824.9 1730396
2826.0 1730396
2827.7 1730364
2828.2 1730364
2828.7 1730364
2829.2 1730364
2829.7 1730364
2830.4 1730364
2832.2 1730396
2833.0 1730396
2833.5 1730396
2835.3 1730364
2836.9 1730364
2837.4 1730364
2837.9 1730364
2839.3 1730364
2839.8 1730364
2840.3 1730364
2840.8 1730364
2841.3 1730364
2841.8 1730332
2842.3 1730332
2842.8 1730396
2844.6 1730396
2845.1 1730396
2845.6 1730396
2846.6 1730396
2847.1 1730396
2849.9 1730364
2850.4 1730364
2850.9 1730364
2851.6 1730364
2852.1 1730364
2852.6 1730364
2853.1 1730364
2853.6 1730364
2854.1 1730364
2855.5 1730396
2856.0 1730396
2856.7 1730396
2857.2 1730396
2857.7 1730396
2859.2 1730396
2859.7 1730396
2860.2 1730396
2860.7 1730396
2861.2 1730396
2861.7 1730396
2862.9 1730364
2863.4 1730364
2863.9 1730396
2865.8 1730396
2866.8 1730396
2867.3 1730396
2869.1 1730396
2869.6 1730396
2870.6 1730364
2871.7 1730364
2872.2 1730364
2872.7 1730364
2873.2 1730364
2873.7 1730364
2874.2 1730364
2876.0 1730396
2876.5 1730396
2877.1 1730396
2877.9 1730396
2878.4 1730396
2880.1 1730396
2880.6 1730396
2881.4 1730396
2882.9 1730396
2883.4 1730396
2885.6 1730364
2886.1 1730364
2886.6 1730364
2887.2 1730364
2887.7 1730364
2888.2 1730396
2890.7 1730396
2891.2 1730364
2891.7 1730364
2892.5 1730364
2894.3 1730364
2894.8 1730364
2895.3 1730364
2895.8 1730364
2896.3 1730364
2896.8 1730364
2902.6 1730332
2903.1 1730396
2904.5 1730396
2905.5 1730396
2906.0 1730396
2906.5 1730396
2907.0 1730396
2907.5 1730396
2908.0 1730364
2908.5 1730364
2909.2 1730364
2909.7 1730364
2910.2 1730364
2910.8 1730364
2911.9 1730364
2912.4 1730396
2912.9 1730396
2913.4 1730364
2913.9 1730364
2914.9 1730364
2915.4 1730364
2916.2 1730364
2916.7 1730364
2917.2 1730364
2917.7 1730364
2918.2 1730364
2919.8 1730364
2920.4 1730332
2920.9 1730332
2921.4 1730396
2921.9 1730396
2922.4 1730396
2923.0 1730396
2925.6 1730396
2926.1 1730396
2927.0 1730364
2927.6 1730364
2928.1 1730364
2929.0 1730364
2929.9 1730364
2930.4 1730364
2930.9 1730364
2931.4 1730428
2931.9 1730428
2932.4 1730396
2933.1 1730392
2933.6 1730392
2934.1 1730392
2934.6 1730392
2935.1 1730392
2937.0 1730392
2937.5 1730392
2938.7 1730392
2940.9 1730360
2941.4 1730360
2941.9 1730360
2942.4 1730392
2942.9 1730392
2943.4 1730392
2943.9 1730392
2944.4 1730392
2944.9 1730392
2945.4 1730360
2945.9 1730360
2946.4 1730360
2946.9 1730360
2947.4 1730360
2947.9 1730360
2948.4 1730360
2949.4 1730360
2950.2 1730360
2950.7 1730360
2951.2 1730392
2951.7 1730392
2952.2 1730392
2952.7 1730392
2953.4 1730392
2953.9 1730392
2954.5 1730392
2956.4 1730392
2957.1 1730360
2957.6 1730360
2958.1 1730360
2959.0 1730360
2959.5 1730360
2960.3 1730392
2960.8 1730392
2961.5 1730392
2963.7 1730360
2965.8 1730360
2966.3 1730360
2966.8 1730360
2967.3 1730360
2967.8 1730360
2968.3 1730360
2970.4 1730360
2970.9 1730360
2971.4 1730360
2971.9 1730360
2972.4 1730360
2974.0 1730392
2974.5 1730392
2976.5 1730392
2977.0 1730392
2977.5 1730392
2978.0 1730392
2978.5 1730392
2980.6 1730360
2981.1 1730360
2983.1 1730360
2983.6 1730360
2984.1 1730360
2984.6 1730360
2986.7 1730392
2988.6 1730392
2989.1 1730360
2989.7 1730360
2990.2 1730360
2990.7 1730360
2991.2 1730360
2991.7 1730360
2992.2 1730360
2993.1 1730360
2993.6 1730360
2994.1 1730360
2995.6 1730392
2996.1 1730392
2996.6 1730392
2997.1 1730392
2997.6 1730392
2998.1 1730392
2998.7 1730392
2999.2 1730392
2999.7 1730360
3000.2 1730360
