2.3 1810556
2.9 1810588
5.2 1810588
5.7 1810588
6.2 1810620
9.8 1810620
10.3 1810620
12.2 1810620
13.5 1810620
14.0 1810620
14.5 1810620
15.2 1810588
15.7 1810588
19.4 1810588
23.1 1810588
25.1 1810588
25.6 1810588
29.4 1810620
29.9 1810588
30.4 1818028
30.9 1819084
31.4 1819852
31.9 1820784
32.4 1820308
32.9 1820988
33.4 1820688
33.9 1821856
34.4 1821856
34.9 1822280
35.4 1822620
35.9 1822768
36.4 1823488
36.9 1823604
37.4 1823312
37.9 1823612
38.4 1823800
38.9 1824068
39.4 1824764
39.9 1824320
40.4 1824960
40.9 1825368
41.4 1824908
41.9 1824960
42.4 1825384
42.9 1825604
43.4 1826076
43.9 1826556
44.4 1826052
44.9 1826432
45.4 1826564
45.9 1826784
46.4 1826880
46.9 1827700
47.4 1827604
47.9 1827492
48.4 1827776
48.9 1828960
49.4 1829288
49.9 1829480
50.4 1829848
50.9 1823892
51.4 1823892
51.9 1823892
52.4 1823892
53.0 1823956
53.5 1823924
54.3 1823924
54.8 1823924
55.3 1823924
55.8 1823924
56.3 1823916
57.4 1823916
57.9 1823916
58.4 1823916
58.9 1823916
59.4 1823884
59.9 1823884
60.4 1823884
61.0 1823916
61.5 1823916
62.0 1823916
63.0 1823916
63.5 1823916
64.0 1823916
64.5 1823916
66.0 1823876
66.9 1823876
67.4 1823876
67.9 1823876
68.4 1823876
68.9 1823876
69.4 1823876
69.9 1823876
70.4 1823908
71.0 1823908
71.5 1823908
72.1 1823908
72.6 1823908
73.1 1823908
73.6 1823908
74.1 1823908
74.6 1826120
75.1 1829556
75.6 1830044
76.1 1830264
76.6 1830136
77.1 1830428
77.6 1830760
78.1 1831076
78.6 1831200
79.1 1832620
79.6 1832076
80.1 1832156
80.6 1832168
81.1 1832532
81.6 1832500
82.1 1833664
82.6 1833336
83.1 1833492
83.6 1833776
84.1 1834092
84.6 1834684
85.1 1834556
85.6 1834880
86.1 1835132
86.6 1835240
87.1 1835700
87.6 1835840
88.1 1836060
88.6 1836424
89.1 1836612
89.6 1836808
90.1 1836952
90.6 1836668
91.1 1836768
91.6 1837052
92.1 1836768
92.6 1837100
93.1 1838108
93.6 1838584
94.1 1838172
94.6 1838456
95.1 1838824
95.6 1833540
96.5 1833540
97.0 1833540
97.5 1833540
99.5 1833540
100.0 1833540
100.5 1833532
101.0 1833532
101.5 1833532
102.0 1833532
102.5 1833532
103.0 1833532
103.5 1833532
104.5 1833500
105.0 1833500
105.6 1833500
106.1 1833564
108.0 1833564
109.9 1833564
110.4 1833564
110.9 1833564
114.9 1833524
115.4 1833524
117.2 1833524
117.7 1833524
118.5 1833524
119.0 1833524
119.5 1833524
120.0 1839964
120.5 1839968
121.0 1839856
121.5 1840052
122.0 1840384
122.5 1840304
123.0 1841108
123.5 1841140
124.0 1841488
124.5 1841928
125.0 1841588
125.5 1841920
126.0 1841840
126.5 1841984
127.0 1842580
127.5 1843612
128.0 1843668
128.5 1843448
129.0 1843668
129.5 1843824
130.0 1844116
130.5 1844272
131.0 1844352
131.5 1844732
132.0 1844824
132.5 1845140
133.0 1845344
133.5 1845456
134.0 1845888
134.5 1846092
135.0 1846100
135.5 1846008
136.0 1845912
136.5 1846320
137.0 1846984
137.5 1847156
138.0 1848000
138.5 1848196
139.0 1848164
139.5 1848684
140.0 1848756
140.5 1846260
141.0 1842932
141.5 1842932
142.0 1842932
142.5 1842932
143.0 1842932
143.5 1842932
144.0 1842932
144.5 1842932
145.0 1842932
145.5 1842924
146.0 1842924
146.5 1842924
147.1 1842956
147.6 1842956
148.1 1842956
148.6 1842956
149.1 1842956
149.6 1842956
150.1 1842956
150.6 1842924
151.1 1842924
151.6 1842924
152.1 1842924
152.6 1842924
153.1 1842924
153.6 1842924
154.1 1842924
154.6 1842924
155.1 1842924
155.6 1842924
156.1 1842924
156.6 1842924
157.1 1842924
157.6 1842924
158.1 1842924
158.6 1842916
159.1 1842916
159.6 1842916
160.1 1842916
160.6 1842916
161.1 1842884
161.6 1842948
162.1 1842948
162.6 1842948
163.1 1842948
163.6 1842948
164.1 1842948
164.6 1842948
165.1 1849124
165.6 1849456
166.1 1849392
166.6 1850132
167.1 1850384
167.6 1850464
168.1 1850384
168.6 1850572
169.1 1850920
169.6 1851100
170.1 1851424
170.6 1851312
171.1 1851344
171.6 1851696
172.1 1851976
172.6 1851912
173.1 1852132
173.6 1853692
174.1 1853692
174.6 1853408
175.1 1853776
175.6 1854000
176.1 1854384
176.6 1854068
177.1 1853832
177.6 1854148
178.1 1854636
178.6 1855060
179.1 1855724
179.6 1855520
180.1 1855960
180.6 1856632
181.1 1856584
181.6 1857056
182.1 1856440
182.6 1856376
183.1 1856836
183.6 1857088
184.1 1856976
184.6 1857308
185.1 1857976
185.6 1852740
186.1 1852740
186.6 1852740
187.1 1852708
187.6 1852708
188.1 1852708
188.6 1852708
189.1 1852708
189.6 1852708
190.1 1852708
190.6 1852700
191.1 1852700
191.6 1852700
192.1 1852732
192.6 1852732
193.1 1852732
193.6 1852732
194.1 1852732
194.6 1852732
195.1 1852732
195.6 1852732
196.1 1852732
196.6 1852700
197.1 1852700
197.6 1852700
198.1 1852700
198.6 1852700
199.1 1852700
199.6 1852732
200.1 1852732
200.6 1852732
201.1 1852700
201.6 1852700
202.1 1852700
202.6 1852700
203.1 1852700
203.6 1852700
204.1 1852700
204.6 1852700
205.1 1852700
205.6 1852692
206.1 1852660
206.6 1852660
207.1 1852724
207.6 1852724
208.1 1852724
208.6 1852724
209.1 1852724
209.6 1852724
210.1 1858700
210.6 1858840
211.1 1859204
211.6 1859480
212.1 1859904
212.6 1859572
213.1 1859808
213.6 1860124
214.1 1860740
214.6 1860740
215.1 1861612
215.6 1862052
216.1 1861748
216.6 1861732
217.1 1862012
217.6 1862124
218.1 1862968
218.6 1862732
219.1 1862936
219.6 1863016
220.1 1863244
220.6 1863400
221.1 1863740
221.6 1863960
222.1 1863784
222.6 1863928
223.1 1864732
223.6 1864416
224.1 1864260
224.6 1864400
225.1 1865088
225.6 1864944
226.1 1865496
226.6 1866476
227.1 1866852
227.6 1867264
228.1 1867276
228.6 1867536
229.1 1867584
229.6 1867212
230.1 1867960
230.6 1862280
231.1 1862280
231.6 1862280
232.1 1862280
232.6 1862280
233.1 1862280
233.6 1862280
234.1 1862280
234.6 1862280
235.1 1862280
235.6 1862272
236.1 1862272
236.6 1862272
237.1 1862272
237.6 1862272
238.1 1862272
238.6 1862272
239.1 1862240
239.6 1862240
240.1 1862240
240.6 1862304
241.1 1862304
241.6 1862304
242.1 1862304
242.6 1862304
243.2 1862304
243.7 1862304
244.2 1862304
244.7 1862304
245.2 1862272
245.7 1862264
246.2 1862264
246.7 1862264
247.2 1862264
247.7 1862264
248.2 1862264
248.7 1862264
249.2 1862296
249.7 1862296
250.2 1862296
250.7 1862296
251.2 1862296
251.7 1862296
252.2 1862296
252.7 1862296
253.2 1862264
253.7 1862264
254.2 1862264
254.7 1862264
255.2 1868188
255.7 1868440
256.2 1868408
256.7 1869292
257.2 1868672
257.7 1869464
258.2 1869812
258.7 1869920
259.2 1869952
259.7 1870692
260.2 1870652
260.7 1870636
261.2 1871016
261.7 1871552
262.2 1871268
262.7 1871456
263.2 1872404
263.7 1872464
264.2 1872644
264.7 1872864
265.2 1873252
265.7 1873756
266.2 1873868
266.7 1873788
267.2 1873788
267.7 1874040
268.2 1874008
268.7 1874196
269.2 1874244
269.7 1875000
270.2 1875260
270.7 1875812
271.2 1875968
271.7 1876316
272.2 1876180
272.7 1876672
273.2 1876936
273.7 1877096
274.2 1877332
274.7 1877616
275.2 1878364
275.7 1871808
276.2 1871808
276.7 1871808
277.2 1871840
277.7 1871840
278.2 1871840
278.7 1871840
279.2 1871840
279.7 1871840
280.2 1871840
280.7 1871832
281.2 1871800
281.7 1871800
282.2 1871800
282.7 1871800
283.2 1871800
283.7 1871832
284.2 1871832
284.7 1871832
285.2 1871832
285.7 1871832
286.2 1871800
286.7 1871800
287.2 1871800
287.7 1871800
288.2 1871800
288.7 1871800
289.2 1871800
289.7 1871800
290.2 1871800
290.7 1871768
291.2 1871832
291.7 1871832
292.2 1871832
292.7 1871832
293.2 1871824
293.7 1871824
294.2 1871824
294.7 1871824
295.2 1871792
295.7 1871792
296.2 1871792
296.7 1871792
297.2 1871792
297.7 1871792
298.2 1871792
298.7 1871824
299.2 1871824
299.7 1871792
300.2 1877740
300.7 1878260
301.2 1878340
301.7 1878704
302.2 1878828
302.7 1879128
303.2 1879392
303.7 1879628
304.2 1880056
304.7 1881604
305.2 1880836
305.7 1880576
306.2 1880716
306.7 1880732
307.2 1881324
307.7 1881576
308.2 1881632
308.7 1882048
309.2 1882608
309.7 1883108
310.2 1882652
310.7 1883204
311.2 1883408
311.7 1883248
312.2 1883652
312.7 1884204
313.2 1884672
313.7 1884620
314.2 1884496
314.7 1884812
315.2 1885152
315.7 1885344
316.2 1885556
316.7 1885796
317.2 1886032
317.7 1886404
318.2 1886560
318.7 1886688
319.2 1886828
319.7 1887696
320.2 1887984
320.7 1888912
321.2 1881656
321.7 1881656
322.2 1881052
322.8 1882216
323.3 1882712
323.8 1882196
324.3 1880568
324.8 1880568
325.3 1880632
325.8 1880632
326.3 1880624
326.8 1880624
327.3 1880624
327.8 1877828
328.3 1877812
328.8 1877812
329.3 1877780
329.8 1877780
330.3 1877780
330.8 1877780
331.3 1877780
331.8 1877780
332.3 1877812
332.8 1877812
333.3 1877812
333.9 1877780
334.4 1877780
334.9 1877780
335.4 1877780
335.9 1877780
336.4 1877780
336.9 1877780
337.4 1877780
337.9 1877780
338.4 1877748
338.9 1877992
339.4 1877992
340.0 1878056
340.6 1877804
341.1 1877804
341.6 1877804
342.1 1877804
342.6 1877804
343.1 1877804
343.6 1877772
344.1 1877772
344.6 1880108
345.1 1884432
345.6 1883140
346.1 1881012
346.6 1881628
347.1 1882516
347.6 1878768
348.1 1879240
348.6 1879320
349.1 1879900
349.6 1879236
350.1 1879268
350.6 1879328
351.1 1880036
351.6 1880428
352.1 1879212
352.6 1879224
353.1 1879492
353.6 1879444
354.1 1879932
354.6 1880796
355.1 1879968
355.6 1879588
356.1 1877408
356.6 1877648
357.1 1878528
357.6 1878068
358.1 1878400
358.6 1878700
359.1 1878920
359.6 1878204
360.1 1878212
360.6 1878496
361.1 1878604
361.6 1879396
362.1 1880048
362.6 1880700
363.1 1879536
363.6 1879932
364.1 1880228
364.6 1880496
365.1 1880472
365.6 1880472
366.1 1880804
366.6 1880484
367.1 1876824
367.6 1878380
368.1 1878552
368.6 1878584
369.1 1878380
369.6 1878112
370.1 1872652
370.6 1872400
371.1 1872392
371.6 1872392
372.1 1872392
372.6 1872392
373.1 1872360
373.6 1872360
374.1 1872360
374.6 1872360
375.2 1872352
375.7 1872352
376.2 1872384
376.7 1872384
377.2 1872384
377.7 1872384
378.2 1872352
378.7 1872352
379.2 1872352
379.8 1872352
380.3 1872352
380.8 1872352
381.3 1872352
381.8 1872352
382.3 1872320
382.8 1872320
383.3 1872384
383.8 1872384
384.3 1872384
384.8 1872384
385.4 1872376
385.9 1872376
386.4 1872376
386.9 1872376
387.4 1872344
387.9 1872344
388.4 1872344
388.9 1872344
389.4 1872344
389.9 1878356
390.4 1878512
390.9 1878780
391.4 1879064
391.9 1879180
392.4 1879568
392.9 1879892
393.4 1879972
393.9 1880064
394.4 1880176
394.9 1881144
395.4 1880840
395.9 1881640
396.4 1875684
396.9 1876580
397.4 1876652
397.9 1876696
398.4 1877356
398.9 1878540
399.4 1878140
399.9 1875776
400.4 1875712
400.9 1875900
401.4 1876404
401.9 1876484
402.4 1876484
402.9 1877240
403.4 1877064
403.9 1877332
404.4 1877900
404.9 1878224
405.4 1878588
405.9 1878096
406.4 1878948
406.9 1878836
407.4 1879216
407.9 1879468
408.4 1879956
408.9 1879688
409.4 1880068
409.9 1880048
410.4 1880468
410.9 1881304
411.4 1876884
411.9 1871892
412.4 1871892
412.9 1871892
413.4 1871892
413.9 1871892
414.5 1871892
415.0 1870324
415.5 1870324
416.0 1870388
416.5 1870388
417.1 1870388
417.6 1870388
418.1 1870388
418.6 1870388
419.1 1870388
419.6 1870388
420.1 1870356
420.6 1870356
421.1 1870356
421.6 1870356
422.1 1870356
422.6 1870356
423.1 1870388
423.6 1870388
424.1 1870356
424.6 1870356
425.1 1870356
425.6 1870356
426.1 1870348
426.6 1870348
427.1 1870348
427.7 1870348
428.2 1870348
428.7 1870348
429.2 1870316
429.7 1870316
430.2 1870316
430.7 1870316
431.2 1870380
431.7 1870380
432.2 1870380
432.7 1870380
433.2 1870380
433.7 1870380
434.3 1870380
434.8 1877936
435.3 1878056
435.8 1877540
436.3 1877284
436.8 1877380
437.3 1878156
437.8 1879544
438.3 1877736
438.8 1877828
439.3 1878224
439.8 1878876
440.3 1878956
440.8 1879396
441.3 1879476
441.8 1879508
442.3 1879852
442.8 1880752
443.3 1881080
443.8 1880476
444.3 1881120
444.8 1881208
445.3 1880360
445.8 1881064
446.3 1880696
446.8 1881200
447.3 1881452
447.8 1881624
448.3 1881324
448.8 1881016
449.3 1880404
449.8 1881088
450.3 1881296
450.8 1874968
451.3 1875124
451.8 1874684
452.3 1875164
452.8 1875288
453.3 1875500
453.8 1875264
454.3 1875576
454.8 1874864
455.3 1869232
455.8 1869232
456.3 1869232
456.8 1869232
457.3 1869232
457.8 1869232
458.3 1869232
459.3 1869264
459.8 1869264
460.3 1869256
460.8 1869256
461.3 1869256
461.8 1869256
462.3 1869256
462.8 1869224
463.3 1869224
467.0 1869224
469.0 1869224
469.5 1869224
470.0 1869224
473.7 1869248
475.4 1869248
479.1 1869216
479.6 1869216
480.1 1874720
480.6 1875036
481.1 1875680
481.6 1876564
482.1 1876044
482.6 1876740
483.1 1877212
483.6 1877696
484.1 1878480
484.6 1877888
485.1 1877700
485.6 1878084
486.1 1877908
486.6 1878164
487.1 1878100
487.6 1878116
488.1 1878036
488.6 1878636
489.1 1879300
489.6 1879504
490.1 1879424
490.6 1880252
491.1 1879824
491.6 1880220
492.1 1881668
492.6 1881624
493.1 1881292
493.6 1881548
494.1 1882292
494.6 1882624
495.1 1882960
495.6 1881328
496.1 1881264
496.6 1880604
497.1 1881896
497.6 1881928
498.1 1881592
498.6 1881868
499.1 1882184
499.6 1876060
501.8 1876052
502.8 1876052
503.4 1876020
505.4 1876020
508.2 1876020
508.9 1876020
509.8 1876020
510.8 1876020
511.5 1876020
512.0 1876052
513.3 1876020
514.4 1876012
516.3 1876012
516.8 1876012
518.2 1876012
519.6 1876012
521.3 1876012
522.3 1876012
523.2 1875980
524.5 1875980
525.0 1878368
525.5 1879548
526.0 1880172
526.5 1879232
527.0 1879360
527.5 1879612
528.0 1879444
528.5 1879288
529.0 1879396
529.5 1879888
530.0 1879844
530.5 1880036
531.0 1879860
531.5 1880572
532.0 1880396
532.5 1880636
533.0 1881116
533.5 1881304
534.0 1881556
534.5 1881968
535.0 1882648
535.5 1883044
536.0 1883108
536.5 1882808
537.0 1882412
537.5 1883044
538.0 1882568
538.5 1879376
539.0 1879496
539.5 1878792
540.0 1878672
540.5 1878748
541.0 1879364
541.5 1879568
542.0 1879724
542.5 1880040
543.0 1880072
543.5 1880324
544.0 1880884
544.5 1877992
546.6 1874664
547.1 1874664
549.2 1874664
550.3 1874664
550.8 1874664
551.4 1874664
552.7 1874696
553.5 1874696
555.3 1874696
555.8 1874696
556.3 1874696
557.2 1874696
557.8 1874696
559.4 1874696
560.0 1874696
560.6 1874664
561.1 1874664
562.3 1874664
563.4 1874664
563.9 1874696
564.5 1874696
565.0 1874696
565.5 1874696
566.1 1874696
567.1 1874664
567.6 1874664
568.3 1874664
569.5 1874664
570.0 1881516
570.5 1881284
571.0 1881692
571.5 1881980
572.0 1882656
572.5 1882168
573.0 1883676
573.5 1879752
574.0 1879272
574.5 1878120
575.0 1878244
575.5 1878220
576.0 1878568
576.5 1878616
577.0 1879040
577.5 1879752
578.0 1880744
578.5 1880508
579.0 1881280
579.5 1881640
580.0 1881340
580.5 1881916
581.0 1881764
581.5 1882144
582.0 1882224
582.5 1882332
583.0 1882424
583.5 1883112
584.0 1883220
584.5 1883252
585.0 1880932
585.5 1882068
586.0 1881548
586.5 1881704
587.0 1882396
587.5 1882112
588.0 1882712
588.5 1882776
589.0 1882536
589.5 1877104
591.1 1877124
592.9 1877124
593.9 1877124
594.4 1877124
594.9 1877124
595.4 1877124
596.9 1877116
597.5 1877116
598.8 1877116
599.3 1877084
600.8 1877084
601.3 1877084
601.8 1877084
602.6 1877116
603.5 1877116
604.0 1877116
604.7 1877116
606.0 1877116
607.4 1877084
609.1 1877084
610.4 1877084
610.9 1877084
612.1 1877084
612.6 1877084
613.6 1877084
614.3 1877084
614.8 1880616
615.3 1881900
615.8 1880908
616.3 1880528
616.8 1880648
617.3 1880316
617.8 1880680
618.3 1880452
618.8 1881020
619.3 1881160
619.8 1881152
620.3 1881500
620.8 1881420
621.3 1881844
621.8 1882112
622.3 1881828
622.8 1882568
623.3 1882740
623.8 1883264
624.3 1883420
624.8 1881052
625.3 1881920
625.8 1881668
626.3 1881556
626.8 1882188
627.3 1882472
627.8 1882568
628.3 1882596
628.8 1883304
629.3 1883588
629.8 1879860
630.3 1879972
630.8 1880032
631.3 1880268
631.8 1880412
632.3 1880788
632.8 1882796
633.3 1882568
633.8 1881828
634.3 1881136
634.8 1875824
635.3 1875824
635.8 1875856
636.5 1875856
637.0 1875856
637.5 1875856
639.4 1875824
641.7 1875816
643.1 1875816
644.9 1875816
645.4 1875816
645.9 1875816
646.4 1875816
649.1 1875816
650.9 1875848
652.1 1875848
652.6 1875848
653.1 1875840
653.6 1875840
655.1 1875840
655.6 1875840
657.1 1875840
657.6 1875840
658.7 1875808
659.5 1875808
660.0 1882048
660.5 1882268
661.0 1882536
661.5 1882272
662.0 1882348
662.5 1882504
663.0 1882600
663.5 1882820
664.0 1872220
664.5 1872312
665.0 1872992
665.5 1873808
666.0 1873100
666.5 1872988
667.0 1873400
667.5 1873124
668.0 1873408
668.5 1873580
669.0 1873784
669.5 1874148
670.0 1874344
670.5 1874500
671.0 1875196
671.5 1875464
672.0 1875416
672.5 1875572
673.0 1875856
673.5 1876408
674.0 1877052
674.5 1876676
675.0 1876920
675.5 1877204
676.0 1877464
676.5 1877808
677.0 1878236
677.5 1878012
678.0 1878208
678.5 1878532
679.0 1872692
679.5 1872724
681.0 1872716
682.9 1872684
683.4 1872684
683.9 1872684
685.8 1872684
686.3 1872684
688.2 1872684
689.9 1872676
695.4 1872676
695.9 1872644
696.4 1872644
696.9 1872708
697.4 1872708
699.1 1872708
700.9 1872708
701.4 1872708
703.2 1872708
703.7 1872676
704.2 1872676
704.7 1872676
705.2 1878696
705.7 1879360
706.2 1879420
706.7 1879952
707.2 1880012
707.7 1880564
708.2 1880352
708.7 1880408
709.2 1881036
709.7 1881432
710.2 1881516
710.7 1881628
711.2 1881468
711.7 1881832
712.2 1882368
712.7 1876884
713.2 1877816
713.7 1877148
714.2 1876832
714.7 1876972
715.2 1877452
715.7 1877876
716.2 1878192
716.7 1878232
717.2 1878168
717.7 1878200
718.2 1878468
718.7 1878532
719.2 1878768
719.7 1879380
720.2 1879168
720.7 1879800
721.2 1879736
721.7 1879940
722.2 1880776
722.7 1881628
723.2 1880524
723.7 1880948
724.2 1881248
724.7 1875344
725.2 1875400
725.7 1875400
726.3 1875368
726.8 1875368
727.5 1875368
728.0 1875368
728.5 1875368
729.0 1875368
729.5 1875368
730.0 1875368
730.5 1875336
731.1 1875336
731.6 1875336
732.1 1875336
732.6 1875336
733.3 1875368
735.4 1875368
735.9 1875368
736.4 1875368
737.0 1875336
738.5 1875336
739.0 1875336
739.5 1875336
740.1 1875336
740.6 1875336
741.1 1875336
741.6 1875328
742.1 1875328
742.8 1875296
743.3 1875360
743.8 1875360
744.4 1875360
744.9 1875360
745.4 1875360
745.9 1875360
746.4 1875360
746.9 1875360
747.4 1875328
747.9 1875328
748.4 1875328
749.5 1875328
750.0 1882264
750.5 1882236
751.0 1881548
751.5 1882240
752.0 1882696
752.5 1882680
753.0 1883056
753.5 1883544
754.0 1880156
754.5 1880512
755.0 1880488
755.5 1880700
756.0 1880904
756.5 1880968
757.0 1881376
757.5 1882796
758.0 1882060
758.5 1880460
759.0 1880492
759.5 1880904
760.0 1880860
760.5 1881036
761.0 1881368
761.5 1881304
762.0 1881632
762.5 1882044
763.0 1882532
763.5 1882404
764.0 1882640
764.5 1882656
765.0 1882964
765.5 1878872
766.0 1879312
766.5 1878068
767.0 1878352
767.5 1878300
768.0 1878744
768.5 1878872
769.0 1878908
769.5 1873188
771.1 1873180
771.6 1873180
772.1 1873180
772.6 1873180
774.3 1873180
775.0 1873180
776.7 1873180
777.8 1873148
778.3 1873148
778.8 1873212
779.3 1873212
779.8 1873212
780.3 1873212
782.3 1873212
783.2 1877072
783.7 1879820
785.6 1889696
787.1 1862076
788.2 1862076
788.7 1862076
789.4 1862076
790.0 1862076
791.7 1853424
792.2 1853424
792.8 1853392
793.3 1853392
793.8 1853392
794.5 1853392
795.0 1858852
795.5 1859152
796.0 1859164
796.5 1860412
797.0 1860712
797.5 1861168
798.0 1860580
798.5 1861452
799.0 1861640
799.5 1861812
800.0 1861348
800.5 1861760
801.0 1862184
801.5 1862056
802.0 1862356
802.5 1862276
803.0 1862924
803.5 1863412
804.0 1864376
804.5 1864436
805.0 1863844
805.5 1864104
806.0 1864308
806.5 1864704
807.0 1864892
807.5 1865216
808.0 1865104
808.5 1865024
809.0 1865752
809.5 1865908
810.0 1866640
810.5 1868168
811.0 1868380
811.5 1867864
812.0 1868004
812.5 1867876
813.0 1868288
813.5 1868048
814.0 1862324
814.6 1862324
815.1 1862316
815.7 1862316
816.5 1862316
817.4 1862316
817.9 1862316
818.4 1862316
819.0 1862348
819.6 1862348
820.1 1862340
820.6 1862340
821.1 1862340
822.2 1862348
823.6 1862348
824.1 1862348
824.8 1862348
825.8 1862348
826.3 1862316
827.9 1862316
828.4 1862316
829.6 1862348
830.1 1862348
831.0 1862340
831.9 1862340
832.5 1862340
833.7 1862308
835.5 1862308
836.5 1862308
837.0 1862308
837.5 1862308
838.0 1862308
838.5 1862308
839.0 1862276
839.5 1862340
840.0 1868460
840.5 1868444
841.0 1868696
841.5 1868744
842.0 1869264
842.5 1870396
843.0 1870744
843.5 1870600
844.0 1871232
844.5 1871516
845.0 1871552
845.5 1871736
846.0 1872004
846.5 1872208
847.0 1872240
847.5 1872516
848.0 1872232
848.5 1872308
849.0 1872880
849.5 1872892
850.0 1873008
850.5 1874360
851.0 1874620
851.5 1874492
852.0 1874664
852.5 1875044
853.0 1874916
853.5 1874900
854.0 1875152
854.5 1876868
855.0 1876596
855.5 1876580
856.0 1876864
856.5 1877052
857.0 1877256
857.5 1877428
858.0 1877460
858.5 1878204
859.0 1878312
859.5 1872448
860.3 1872448
860.8 1872408
861.5 1872408
862.0 1872408
862.8 1872408
863.3 1872408
864.2 1872408
864.7 1872408
865.4 1872408
865.9 1872408
866.4 1872408
867.2 1872440
867.8 1872440
868.9 1872440
869.4 1872440
869.9 1872440
870.4 1872440
871.0 1872440
874.8 1872408
875.3 1872408
875.8 1872408
877.1 1872400
877.6 1872400
878.1 1872400
878.6 1872432
880.9 1872432
881.4 1872432
884.0 1872400
884.5 1872400
885.0 1878532
885.5 1878972
886.0 1879036
886.5 1879696
887.0 1879460
887.5 1879980
888.0 1879900
888.5 1880452
889.0 1880704
889.5 1880996
890.0 1881028
890.5 1881564
891.0 1881468
891.5 1881688
892.0 1881916
892.5 1882420
893.0 1882864
893.5 1883224
894.0 1883556
894.5 1883524
895.0 1882836
895.5 1882552
896.0 1882344
896.5 1882576
897.0 1883300
897.5 1883120
898.0 1883496
898.5 1882148
899.0 1882068
899.5 1882100
900.0 1882076
900.5 1883208
901.0 1883244
901.5 1883748
902.0 1883352
902.5 1883620
903.0 1883936
903.5 1883264
904.0 1881368
904.5 1874680
905.0 1874632
905.5 1874632
906.0 1874632
906.5 1874632
907.0 1874600
907.7 1873900
910.8 1873900
911.8 1873900
913.9 1873900
914.4 1873900
915.5 1873900
917.4 1873900
917.9 1873856
919.0 1873856
919.8 1873856
925.2 1873848
927.9 1873848
928.4 1873848
929.5 1873880
930.0 1879980
930.5 1880248
931.0 1880452
931.5 1880784
932.0 1881224
932.5 1881904
933.0 1881940
933.5 1881784
934.0 1881940
934.5 1882428
935.0 1882424
935.5 1882832
936.0 1882500
936.5 1882768
937.0 1883280
937.5 1883200
938.0 1884556
938.5 1881448
939.0 1881780
939.5 1881792
940.0 1881816
940.5 1882276
941.0 1882776
941.5 1882888
942.0 1882792
942.5 1884116
943.0 1882740
943.5 1881164
944.0 1881528
944.5 1881992
945.0 1882060
945.5 1882124
946.0 1882124
946.5 1882756
947.0 1882880
947.5 1883448
948.0 1883336
948.5 1883512
949.0 1883164
949.5 1877380
950.0 1877372
950.6 1877372
951.1 1877340
951.6 1877340
952.5 1877340
953.4 1877340
955.0 1877372
956.4 1877372
957.9 1877372
958.8 1877372
959.3 1877340
960.0 1877340
960.5 1877340
961.2 1877340
961.7 1877340
962.2 1877340
962.7 1877340
963.2 1877340
963.7 1877340
964.3 1877308
965.0 1877372
966.2 1877372
967.2 1877372
967.7 1877372
968.2 1877372
968.7 1877372
969.3 1877364
970.2 1877364
970.9 1877364
971.4 1877332
971.9 1877332
972.6 1877332
973.1 1877332
973.6 1877332
974.1 1877364
974.6 1877584
975.1 1883944
975.6 1884480
976.1 1884384
976.6 1884620
977.1 1874780
977.6 1874464
978.1 1874668
978.6 1874856
979.1 1875060
979.6 1875196
980.1 1875416
980.6 1875336
981.1 1875620
981.6 1875880
982.1 1876628
982.6 1876968
983.1 1876856
983.6 1877124
984.1 1877028
984.6 1877312
985.1 1878348
985.6 1878252
986.1 1878580
986.6 1878864
987.1 1879164
987.6 1879636
988.1 1880408
988.6 1880504
989.1 1880188
989.6 1880236
990.1 1880232
990.6 1881024
991.1 1880776
991.6 1881252
992.1 1881440
992.6 1881536
993.1 1881392
993.6 1881708
994.1 1882008
994.6 1882100
995.1 1882960
996.0 1876924
996.5 1876924
997.8 1876924
998.9 1876924
1000.0 1876892
1000.5 1876884
1001.2 1876884
1001.7 1876916
1002.2 1876916
1003.9 1876916
1004.4 1876916
1005.2 1876916
1006.3 1876884
1006.8 1876884
1007.3 1876884
1010.2 1876876
1011.4 1876876
1012.1 1876876
1012.7 1876876
1014.2 1876876
1014.7 1876876
1016.0 1876908
1017.0 1876908
1017.5 1876908
1018.0 1876908
1018.5 1876908
1019.0 1876908
1019.5 1876908
1020.0 1882912
1020.5 1883272
1021.0 1883068
1021.5 1883496
1022.0 1883272
1022.5 1884424
1023.0 1884172
1023.5 1884616
1024.0 1883188
1024.5 1883244
1025.0 1883236
1025.5 1883928
1026.0 1884196
1026.5 1884356
1027.0 1884400
1027.5 1884820
1028.0 1884876
1028.5 1882184
1029.0 1882232
1029.5 1882028
1030.0 1882144
1030.5 1882460
1031.0 1882760
1031.5 1883052
1032.0 1884108
1032.5 1884028
1033.0 1884628
1033.5 1880048
1034.0 1879836
1034.5 1880404
1035.0 1880520
1035.5 1880440
1036.0 1880380
1036.5 1880236
1037.0 1881292
1037.5 1881688
1038.0 1881420
1038.5 1881592
1039.0 1881812
1039.5 1881748
1040.0 1875836
1040.8 1875836
1041.7 1875804
1042.5 1875868
1043.3 1875868
1044.1 1875868
1044.6 1875868
1045.1 1875860
1045.6 1875860
1046.1 1875860
1047.0 1875860
1047.8 1875828
1048.3 1875828
1048.8 1875828
1049.3 1875828
1049.8 1875828
1050.8 1875828
1051.5 1875828
1052.0 1875828
1053.0 1875860
1053.5 1875828
1054.4 1875828
1055.2 1875828
1055.9 1875828
1056.6 1875820
1058.4 1875820
1058.9 1875820
1060.6 1875820
1061.8 1875820
1062.3 1875820
1063.3 1875852
1063.8 1875852
1064.5 1875852
1065.0 1882008
1065.5 1882196
1066.0 1882812
1066.5 1883096
1067.0 1883900
1067.5 1883756
1068.0 1884120
1068.5 1884340
1069.0 1882704
1069.5 1882520
1070.0 1883192
1070.5 1883104
1071.0 1883388
1071.5 1883292
1072.0 1883972
1072.5 1883924
1073.0 1884428
1073.5 1884300
1074.0 1884444
1074.5 1884144
1075.0 1884088
1075.5 1884452
1076.0 1884592
1076.5 1885064
1077.0 1881916
1077.5 1882548
1078.0 1881260
1078.5 1881324
1079.0 1881372
1079.5 1881984
1080.0 1882264
1080.5 1882372
1081.0 1882356
1081.5 1882688
1082.0 1882828
1082.5 1882916
1083.0 1882788
1083.5 1883136
1084.0 1883768
1084.5 1884380
1085.0 1884408
1086.3 1878912
1086.8 1878912
1087.3 1878912
1087.8 1878912
1089.1 1878912
1089.8 1878904
1090.3 1878904
1090.8 1878872
1091.3 1878936
1091.8 1878936
1093.4 1878936
1095.3 1878936
1096.7 1878936
1097.3 1878936
1098.7 1878936
1099.2 1878936
1099.7 1878936
1101.5 1878904
1102.0 1878904
1103.7 1878896
1105.5 1878896
1107.5 1878928
1109.4 1878928
1109.9 1880624
1110.4 1875348
1110.9 1874988
1111.4 1875128
1111.9 1875160
1112.4 1875160
1112.9 1875300
1113.4 1875284
1113.9 1875680
1114.4 1875680
1114.9 1876508
1115.4 1876616
1115.9 1877216
1116.4 1877136
1116.9 1877228
1117.4 1877624
1117.9 1877608
1118.4 1877772
1118.9 1878144
1119.4 1878444
1119.9 1878828
1120.4 1878924
1120.9 1879208
1121.4 1879600
1121.9 1879928
1122.4 1879616
1122.9 1879724
1123.4 1880040
1123.9 1880356
1124.4 1880404
1124.9 1880576
1125.4 1880948
1125.9 1881072
1126.4 1881200
1126.9 1882372
1127.4 1882216
1127.9 1882908
1128.4 1883020
1128.9 1883004
1129.4 1882744
1129.9 1882932
1130.4 1883176
1130.9 1877704
1131.4 1877672
1132.1 1877672
1133.6 1877672
1134.2 1877672
1134.7 1877704
1135.6 1877696
1136.4 1877696
1136.9 1877696
1138.0 1877696
1138.5 1877696
1139.0 1877696
1139.5 1877696
1140.5 1877664
1141.0 1877664
1141.5 1877664
1142.5 1877664
1144.1 1877664
1144.6 1877664
1147.1 1877696
1149.0 1877696
1149.5 1877696
1151.5 1877688
1153.5 1877688
1154.5 1877688
1155.0 1884112
1155.5 1884396
1156.0 1884428
1156.5 1884616
1157.0 1884600
1157.5 1884740
1158.0 1882856
1158.5 1882936
1159.0 1883756
1159.5 1883360
1160.0 1883620
1160.5 1883920
1161.0 1884360
1161.5 1884724
1162.0 1884820
1162.5 1884976
1163.0 1883260
1163.5 1883880
1164.0 1883328
1164.5 1883728
1165.0 1883800
1165.5 1883964
1166.0 1883784
1166.5 1884416
1167.0 1884508
1167.5 1884604
1168.0 1884396
1168.5 1884856
1169.0 1885044
1169.5 1883168
1170.0 1883032
1170.5 1883188
1171.0 1883424
1171.5 1884452
1172.0 1884372
1172.5 1884340
1173.0 1884780
1173.5 1885016
1174.0 1879908
1174.5 1879956
1175.0 1880328
1176.0 1875048
1177.4 1875048
1179.4 1875016
1180.2 1875016
1180.7 1875008
1181.8 1875008
1182.3 1875008
1182.9 1875008
1183.9 1875008
1184.4 1875008
1184.9 1875008
1185.4 1875008
1185.9 1875040
1186.4 1875040
1186.9 1875040
1187.4 1875040
1187.9 1875040
1188.9 1875040
1189.7 1875040
1190.3 1875040
1191.4 1875008
1192.2 1875008
1192.7 1875008
1193.5 1875008
1194.5 1875008
1195.1 1875040
1195.8 1875032
1196.3 1875032
1196.8 1875032
1197.7 1875032
1198.5 1875000
1199.5 1875000
1200.0 1881312
1200.5 1881248
1201.0 1881208
1201.5 1881396
1202.0 1881964
1202.5 1882012
1203.0 1882216
1203.5 1882832
1204.0 1882452
1204.5 1882752
1205.0 1882888
1205.5 1884640
1206.0 1884716
1206.5 1884376
1207.0 1884720
1207.5 1884800
1208.0 1885132
1208.5 1882428
1209.0 1883000
1209.5 1883224
1210.0 1882772
1210.5 1882916
1211.0 1883024
1211.5 1884584
1212.0 1883900
1212.5 1884188
1213.0 1883708
1213.5 1883928
1214.0 1884148
1214.5 1884576
1215.0 1884652
1215.5 1879888
1216.0 1879964
1216.5 1879792
1217.0 1879980
1217.5 1880072
1218.0 1880404
1218.5 1880496
1219.0 1880860
1219.5 1881032
1220.0 1881720
1220.7 1875564
1221.2 1875564
1221.8 1875564
1222.3 1875564
1222.8 1875564
1223.3 1875564
1223.8 1875564
1224.3 1875596
1224.8 1875596
1225.3 1875588
1225.8 1875588
1226.5 1875556
1227.1 1875556
1227.6 1875556
1228.1 1875556
1228.6 1875556
1229.1 1875556
1229.6 1875556
1230.1 1875556
1231.2 1875524
1231.7 1875524
1232.2 1875588
1233.5 1875588
1234.0 1875588
1235.2 1875588
1235.7 1875588
1236.2 1875588
1237.6 1875548
1238.6 1875548
1239.1 1875548
1239.6 1875548
1240.5 1875548
1241.1 1875548
1242.1 1875548
1243.8 1875548
1244.5 1875612
1245.0 1882144
1245.5 1882156
1246.0 1882492
1246.5 1882444
1247.0 1883452
1247.5 1883136
1248.0 1883388
1248.5 1883924
1249.0 1883996
1249.5 1884468
1250.0 1884696
1250.5 1884884
1251.0 1884916
1251.5 1884584
1252.0 1884980
1252.5 1884364
1253.0 1884452
1253.5 1883916
1254.0 1884356
1254.5 1884624
1255.0 1884852
1255.5 1884696
1256.0 1880284
1256.5 1879788
1257.0 1879880
1257.5 1880260
1258.0 1880244
1258.5 1880512
1259.0 1880900
1259.5 1880456
1260.0 1880544
1260.5 1880892
1261.0 1881064
1261.5 1881568
1262.0 1881860
1262.5 1881764
1263.0 1881764
1263.5 1882380
1264.0 1883028
1264.5 1876704
1265.0 1876696
1266.3 1876696
1267.8 1876664
1268.3 1876664
1268.8 1876664
1270.6 1876664
1271.1 1876664
1271.7 1876664
1272.6 1876664
1273.1 1876696
1274.3 1876696
1274.8 1876696
1275.3 1876696
1275.8 1876696
1276.8 1876664
1277.3 1876664
1277.8 1876664
1278.3 1876664
1279.0 1876664
1279.5 1876664
1280.0 1876664
1280.5 1876632
1281.0 1876632
1281.5 1876696
1282.0 1876696
1282.5 1876696
1283.5 1876688
1284.1 1876688
1284.6 1876688
1285.3 1876656
1285.8 1876656
1286.3 1876656
1286.8 1876656
1287.6 1876656
1288.1 1876656
1289.3 1876656
1289.8 1876656
1290.3 1883332
1290.8 1883536
1291.3 1883868
1291.8 1884372
1292.3 1884752
1292.8 1885084
1293.3 1884844
1293.8 1883968
1294.3 1884128
1294.8 1884300
1295.3 1884600
1295.8 1884972
1296.3 1880952
1296.8 1880732
1297.3 1880592
1297.8 1880384
1298.3 1881316
1298.8 1881064
1299.3 1881124
1299.8 1881884
1300.3 1881684
1300.8 1881892
1301.3 1882412
1301.8 1882552
1302.3 1883404
1302.8 1883640
1303.3 1883480
1303.8 1883860
1304.3 1883560
1304.8 1883404
1305.3 1883772
1305.8 1884008
1306.3 1884892
1306.8 1884892
1307.3 1883228
1307.8 1883104
1308.3 1883412
1308.8 1883680
1309.3 1883520
1309.8 1883852
1310.3 1884428
1310.8 1878384
1311.3 1878384
1312.4 1878384
1313.0 1878384
1314.2 1878384
1315.4 1878376
1315.9 1878376
1316.4 1878344
1317.2 1878344
1317.8 1878344
1318.3 1878376
1318.8 1878376
1319.3 1878376
1320.2 1878376
1320.7 1878376
1321.2 1878344
1321.8 1878344
1323.9 1878344
1324.6 1878344
1325.1 1878344
1325.6 1878344
1326.1 1878344
1326.7 1878344
1328.3 1878344
1328.9 1878344
1330.7 1878368
1332.8 1878368
1334.5 1878368
1335.0 1879732
1335.5 1879836
1336.0 1879488
1336.5 1879488
1337.0 1879868
1337.5 1881052
1338.0 1881432
1338.5 1881452
1339.0 1881388
1339.5 1881828
1340.0 1882340
1340.5 1882500
1341.0 1882452
1341.5 1883128
1342.0 1883128
1342.5 1883332
1343.0 1883332
1343.5 1883900
1344.0 1883692
1344.5 1884056
1345.0 1884468
1345.5 1878748
1346.0 1878804
1346.5 1879040
1347.0 1878692
1347.5 1879324
1348.0 1879040
1348.5 1879260
1349.0 1879732
1349.5 1879764
1350.0 1880340
1350.5 1880448
1351.0 1880812
1351.5 1881552
1352.0 1881836
1352.5 1882340
1353.0 1882400
1353.5 1882404
1354.0 1880236
1354.5 1876968
1356.4 1877212
1356.9 1877212
1360.5 1877212
1361.0 1877180
1361.5 1877180
1362.0 1877180
1362.5 1877180
1363.0 1877180
1363.5 1877180
1364.0 1877180
1364.5 1877180
1365.3 1877180
1366.4 1877212
1368.3 1877212
1368.8 1877212
1369.4 1877212
1370.4 1877212
1371.2 1877212
1371.9 1877212
1372.7 1877212
1373.6 1877180
1374.3 1877180
1374.8 1877180
1375.5 1877172
1376.5 1877172
1377.5 1877172
1379.5 1877204
1380.0 1882844
1380.5 1883236
1381.0 1883392
1381.5 1883608
1382.0 1884144
1382.5 1884096
1383.0 1884284
1383.5 1884284
1384.0 1884732
1384.5 1883128
1385.0 1882804
1385.5 1883008
1386.0 1883308
1386.5 1883480
1387.0 1883748
1387.5 1884364
1388.0 1884316
1388.5 1885012
1389.0 1884892
1389.5 1883416
1390.0 1883756
1390.5 1883792
1391.0 1884040
1391.5 1883708
1392.0 1883612
1392.5 1884544
1393.0 1884528
1393.5 1884480
1394.0 1884796
1394.5 1884668
1395.0 1885292
1395.5 1875188
1396.0 1875456
1396.5 1875692
1397.0 1875992
1397.5 1875864
1398.0 1876008
1398.5 1876052
1399.0 1872812
1399.5 1870444
1400.0 1870444
1400.6 1870436
1401.3 1870436
1402.9 1870436
1403.4 1870436
1403.9 1870404
1405.9 1870404
1407.7 1870404
1408.2 1870404
1408.7 1870404
1409.2 1870404
1411.0 1870404
1411.5 1870404
1412.0 1870436
1412.5 1870436
1413.5 1870436
1414.7 1870436
1415.2 1870436
1415.7 1870436
1416.2 1870436
1416.7 1870428
1417.6 1870428
1418.1 1870428
1418.6 1870396
1419.3 1870396
1420.1 1870396
1420.6 1870396
1421.2 1870396
1422.0 1870428
1422.6 1870428
1423.1 1870428
1423.6 1870396
1424.1 1870396
1424.6 1875564
1425.1 1876788
1425.6 1876700
1426.1 1877532
1426.6 1877164
1427.1 1877984
1427.6 1878060
1428.1 1878596
1428.6 1878676
1429.1 1879384
1429.6 1879488
1430.1 1879708
1430.6 1879676
1431.1 1879880
1431.6 1880164
1432.1 1880228
1432.6 1880448
1433.1 1880748
1433.6 1880840
1434.1 1881496
1434.6 1881772
1435.1 1881676
1435.6 1881960
1436.1 1881848
1436.6 1882300
1437.1 1883024
1437.6 1882740
1438.1 1882660
1438.6 1882848
1439.1 1883700
1439.6 1874184
1440.1 1875040
1440.6 1874268
1441.1 1874488
1441.6 1875072
1442.1 1874976
1442.6 1875260
1443.1 1875260
1443.6 1874612
1444.1 1875092
1445.3 1869900
1445.8 1869892
1446.3 1869892
1446.8 1869860
1447.3 1869860
1447.8 1869860
1449.6 1869892
1450.1 1869892
1450.8 1869892
1451.3 1869892
1451.8 1869892
1452.7 1869860
1453.2 1869860
1455.0 1869860
1455.5 1869860
1456.4 1869860
1456.9 1869860
1458.7 1869860
1462.1 1869860
1467.3 1869884
1468.8 1869884
1469.5 1869884
1470.0 1875628
1470.5 1875676
1471.0 1875532
1471.5 1875816
1472.0 1877756
1472.5 1877636
1473.0 1877480
1473.5 1877504
1474.0 1877976
1474.5 1878024
1475.0 1878300
1475.5 1878156
1476.0 1879040
1476.5 1879088
1477.0 1879132
1477.5 1879036
1478.0 1879192
1478.5 1879620
1479.0 1880408
1479.5 1880156
1480.0 1880480
1480.5 1880668
1481.0 1881008
1481.5 1881496
1482.0 1881384
1482.5 1881592
1483.0 1881668
1483.5 1881968
1484.0 1882060
1484.5 1882156
1485.0 1882164
1485.5 1882652
1486.0 1882572
1486.5 1882984
1487.0 1882904
1487.5 1883212
1488.0 1884140
1488.5 1883700
1489.0 1883968
1489.5 1884172
1490.0 1882968
1490.5 1876956
1491.0 1876956
1491.6 1876956
1492.1 1876924
1492.6 1876924
1493.1 1876924
1493.6 1876924
1494.1 1876956
1494.6 1876956
1495.1 1876948
1495.6 1876948
1496.1 1876916
1496.6 1876916
1497.1 1876916
1497.6 1876916
1498.1 1876916
1498.6 1876916
1499.2 1876916
1499.7 1876916
1500.3 1876916
1500.8 1876916
1501.3 1876948
1501.8 1876948
1502.3 1876948
1502.8 1876948
1503.3 1876948
1503.8 1876948
1504.3 1876948
1504.8 1876948
1505.3 1876948
1505.9 1876916
1506.4 1876916
1506.9 1876916
1507.5 1876916
1508.0 1876916
1508.5 1876916
1509.0 1877192
1509.5 1877192
1510.0 1876940
1510.5 1876908
1511.0 1876908
1511.5 1876908
1512.0 1876908
1512.5 1876908
1513.0 1876908
1513.5 1876908
1514.0 1876908
1514.5 1876908
1515.0 1883300
1515.5 1883348
1516.0 1883364
1516.5 1883476
1517.0 1883728
1517.5 1883572
1518.0 1883772
1518.5 1884244
1519.0 1884476
1519.5 1884788
1520.0 1884876
1520.5 1884988
1521.0 1880768
1521.5 1881332
1522.0 1881344
1522.5 1881612
1523.0 1881596
1523.5 1882040
1524.0 1882272
1524.5 1882528
1525.0 1882156
1525.5 1882644
1526.0 1882848
1526.5 1883448
1527.0 1883172
1527.5 1883172
1528.0 1883472
1528.5 1883660
1529.0 1884116
1529.5 1884196
1530.0 1884296
1530.5 1884392
1531.0 1884564
1531.5 1880680
1532.0 1881332
1532.5 1880924
1533.0 1880876
1533.5 1880884
1534.0 1881516
1534.5 1881988
1535.0 1882168
1535.5 1876248
1536.0 1876248
1536.5 1876248
1537.0 1876248
1537.5 1876248
1538.0 1876248
1538.5 1876248
1539.0 1876248
1539.5 1876216
1540.0 1876208
1540.5 1876208
1541.1 1876208
1541.6 1876208
1542.1 1876208
1542.6 1876208
1543.1 1876208
1543.6 1876208
1544.1 1876240
1544.6 1876240
1545.1 1876240
1545.6 1876240
1546.1 1876240
1546.6 1876240
1547.1 1876240
1547.6 1876240
1548.1 1876240
1548.6 1876240
1549.1 1876240
1549.6 1876208
1550.1 1876240
1550.6 1876240
1551.1 1876240
1551.6 1876240
1552.1 1876240
1552.6 1876240
1553.1 1876240
1553.6 1876208
1554.1 1876208
1554.6 1876208
1555.1 1876200
1555.6 1876200
1556.1 1876200
1556.6 1876200
1557.1 1876200
1557.6 1876232
1558.1 1876232
1558.6 1876232
1559.1 1876232
1559.6 1883864
1560.1 1883356
1560.6 1882968
1561.1 1882932
1561.6 1883200
1562.1 1883436
1562.6 1883908
1563.1 1883940
1563.6 1883908
1564.1 1884380
1564.6 1884908
1565.1 1885004
1565.6 1885208
1566.1 1884464
1566.6 1885436
1567.1 1878684
1567.6 1878716
1568.1 1878660
1568.6 1879268
1569.1 1879140
1569.6 1879528
1570.1 1879780
1570.6 1879480
1571.1 1879464
1571.6 1880260
1572.1 1880640
1572.6 1880620
1573.1 1880384
1573.6 1880700
1574.1 1882040
1574.6 1882284
1575.1 1882412
1575.6 1882756
1576.1 1882628
1576.6 1882880
1577.1 1882944
1577.6 1883228
1578.1 1884068
1578.6 1883992
1579.1 1884228
1579.6 1884520
1580.1 1884268
1580.6 1878816
1581.1 1878784
1581.6 1878784
1582.2 1878784
1582.7 1878784
1583.2 1878784
1583.7 1878848
1584.2 1878848
1584.7 1878848
1585.3 1878840
1585.8 1878840
1586.3 1878808
1586.8 1878808
1587.3 1878808
1587.8 1878808
1588.4 1878808
1588.9 1878808
1589.4 1878808
1589.9 1878808
1590.4 1878872
1590.9 1878840
1591.4 1878840
1591.9 1878840
1592.4 1878840
1592.9 1878840
1593.4 1878840
1593.9 1878840
1594.4 1878840
1594.9 1878840
1595.4 1878808
1595.9 1878808
1596.4 1878800
1596.9 1878800
1597.4 1878800
1597.9 1878800
1598.4 1878832
1598.9 1878832
1599.4 1878832
1599.9 1878832
1600.4 1878800
1601.0 1878800
1601.5 1878800
1602.0 1878800
1602.6 1878800
1603.1 1878800
1603.6 1878800
1604.1 1878800
1604.6 1878800
1605.1 1880468
1605.6 1880440
1606.1 1879776
1606.6 1880168
1607.1 1880404
1607.6 1880768
1608.1 1881240
1608.6 1881144
1609.1 1881272
1609.6 1881380
1610.1 1882068
1610.6 1882240
1611.1 1882320
1611.6 1882540
1612.1 1883232
1612.6 1883896
1613.1 1883124
1613.6 1883468
1614.1 1883960
1614.6 1884052
1615.1 1884232
1615.6 1884092
1616.1 1883996
1616.6 1884816
1617.1 1885148
1617.6 1884832
1618.1 1885092
1618.6 1876076
1619.1 1875680
1619.6 1876096
1620.1 1875720
1620.6 1876308
1621.1 1876908
1621.6 1876812
1622.1 1876972
1622.6 1877208
1623.1 1877080
1623.6 1877980
1624.1 1877868
1624.6 1878436
1625.1 1879544
1625.6 1873344
1626.1 1872928
1626.6 1872928
1627.1 1872928
1627.6 1872928
1628.1 1872928
1628.6 1872896
1629.1 1872896
1629.6 1872896
1630.1 1872896
1630.6 1872952
1631.2 1872952
1631.7 1872952
1632.2 1872952
1632.7 1872920
1633.2 1872920
1633.7 1872920
1634.2 1872920
1634.7 1872920
1635.2 1872920
1635.7 1872920
1636.2 1872920
1636.7 1872920
1637.2 1872920
1637.7 1872952
1638.2 1872952
1638.7 1872952
1639.2 1872952
1639.7 1872952
1640.2 1872952
1640.7 1872952
1641.2 1872952
1641.7 1872952
1642.2 1872952
1642.7 1873164
1643.2 1872912
1643.7 1872912
1644.2 1872912
1644.7 1872912
1645.3 1872912
1645.8 1872944
1646.3 1872944
1646.8 1872912
1647.3 1872912
1647.8 1872912
1648.3 1872912
1648.8 1872912
1649.4 1872912
1649.9 1872912
1650.4 1878780
1650.9 1879080
1651.4 1879568
1651.9 1879788
1652.4 1880008
1652.9 1880024
1653.4 1880324
1653.9 1880600
1654.4 1880332
1654.9 1880568
1655.4 1880528
1655.9 1880924
1656.4 1880828
1656.9 1881064
1657.4 1881916
1657.9 1882624
1658.4 1882908
1658.9 1882788
1659.4 1883056
1659.9 1883608
1660.4 1883472
1660.9 1883988
1661.4 1884124
1661.9 1884324
1662.4 1884428
1662.9 1884080
1663.4 1883936
1663.9 1884284
1664.4 1884536
1664.9 1884948
1665.4 1883920
1665.9 1884028
1666.4 1885004
1666.9 1885148
1667.4 1884888
1667.9 1883000
1668.4 1882384
1668.9 1882512
1669.4 1882588
1669.9 1882984
1670.4 1883036
1670.9 1877296
1671.4 1877264
1671.9 1877264
1672.4 1877264
1672.9 1877232
1673.5 1877232
1674.0 1877232
1674.5 1877232
1675.0 1877296
1675.5 1877288
1676.0 1877288
1676.5 1877288
1677.0 1877288
1677.5 1877288
1678.0 1877288
1678.5 1877288
1679.0 1877256
1679.5 1877256
1680.0 1877256
1680.5 1877256
1681.0 1877256
1681.5 1877256
1682.1 1877256
1682.6 1877288
1683.1 1877288
1683.6 1877288
1684.1 1877288
1684.6 1877288
1685.1 1877288
1685.6 1877288
1686.1 1877288
1686.6 1877288
1687.1 1877256
1687.6 1877256
1688.1 1877256
1688.6 1877248
1689.1 1877248
1689.7 1877280
1690.2 1877280
1690.7 1877280
1691.2 1877280
1691.7 1877248
1692.2 1877248
1692.7 1877248
1693.3 1877248
1693.8 1877248
1694.3 1877248
1694.8 1884632
1695.3 1883304
1695.8 1883512
1696.3 1883684
1696.8 1884188
1697.3 1884252
1697.8 1884804
1698.3 1885372
1698.8 1885244
1699.3 1881316
1699.8 1881772
1700.3 1880688
1700.8 1880704
1701.3 1880892
1701.8 1881004
1702.3 1881508
1702.8 1881736
1703.3 1881876
1703.8 1882300
1704.3 1882460
1704.8 1882844
1705.3 1883208
1705.8 1882984
1706.3 1883412
1706.8 1883728
1707.3 1883840
1707.8 1883412
1708.3 1883476
1708.8 1883664
1709.3 1883712
1709.8 1884476
1710.3 1884268
1710.8 1884428
1711.3 1884664
1711.8 1883724
1712.3 1884024
1712.8 1884144
1713.3 1884300
1713.8 1884536
1714.3 1884488
1714.8 1884844
1715.3 1885348
1715.8 1868684
1716.3 1868684
1716.8 1868684
1717.3 1868684
1717.9 1868684
1718.4 1868684
1718.9 1868652
1719.4 1868652
1719.9 1868716
1720.4 1868708
1720.9 1868708
1721.4 1868708
1722.0 1868708
1722.5 1868708
1723.0 1868708
1723.5 1868708
1724.0 1868676
1724.5 1868676
1725.0 1868676
1725.5 1868676
1726.0 1868676
1726.5 1868676
1727.0 1868676
1727.5 1868708
1728.0 1868676
1728.5 1868676
1729.0 1868676
1729.5 1868676
1730.0 1868676
1730.6 1868676
1731.1 1868676
1731.6 1868676
1732.1 1868676
1732.6 1868676
1733.1 1868644
1733.6 1868644
1734.3 1868644
1734.8 1868700
1735.3 1868700
1735.8 1868700
1736.5 1868700
1737.0 1868700
1737.6 1868700
1738.2 1868700
1738.7 1868700
1739.2 1868668
1739.7 1868668
1740.2 1875004
1740.7 1875256
1741.2 1875272
1741.7 1875476
1742.2 1874988
1742.7 1876864
1743.2 1877228
1743.7 1876256
1744.2 1876964
1744.7 1877304
1745.2 1877312
1745.7 1877280
1746.2 1877612
1746.7 1877816
1747.2 1877704
1747.7 1877260
1748.2 1878492
1748.7 1878948
1749.2 1878744
1749.7 1879060
1750.2 1879288
1750.7 1879412
1751.2 1880924
1751.7 1880400
1752.2 1880208
1752.7 1880508
1753.2 1880596
1753.7 1880628
1754.2 1880436
1754.7 1880800
1755.2 1881360
1755.7 1881668
1756.2 1882364
1756.7 1882232
1757.2 1882692
1757.7 1884600
1758.2 1883620
1758.7 1883840
1759.2 1883856
1759.7 1883824
1760.2 1878356
1760.7 1878356
1761.2 1878324
1761.7 1878324
1762.2 1878324
1762.7 1878324
1763.2 1878324
1763.7 1878324
1764.2 1878356
1764.7 1878356
1765.2 1878356
1765.7 1878348
1766.2 1878348
1766.7 1878348
1767.2 1878316
1767.7 1878316
1768.2 1878316
1768.7 1878316
1769.2 1878316
1769.7 1878316
1770.2 1878316
1770.7 1878312
1771.3 1878344
1771.8 1878344
1772.4 1878344
1772.9 1878344
1773.4 1878344
1773.9 1878344
1774.4 1878344
1774.9 1878344
1775.4 1878344
1775.9 1878304
1776.4 1878304
1776.9 1878304
1777.4 1878304
1778.0 1878304
1778.5 1878304
1779.0 1878336
1779.5 1878336
1780.0 1878336
1780.5 1878336
1781.1 1878304
1781.6 1878304
1782.1 1878304
1782.6 1878304
1783.1 1878304
1783.6 1878304
1784.1 1878304
1784.6 1880784
1785.1 1879704
1785.6 1879312
1786.1 1879452
1786.6 1879628
1787.1 1879500
1787.6 1880164
1788.1 1880304
1788.6 1880636
1789.1 1881052
1789.6 1881296
1790.1 1881312
1790.6 1881832
1791.1 1882244
1791.6 1881908
1792.1 1882084
1792.6 1882716
1793.1 1882604
1793.6 1882460
1794.1 1882872
1794.6 1883036
1795.1 1882864
1795.6 1883100
1796.1 1883524
1796.6 1884552
1797.1 1884344
1797.6 1885244
1798.1 1884992
1798.6 1883712
1799.1 1883304
1799.6 1882900
1800.1 1883016
1800.6 1883380
1801.1 1883744
1801.6 1883884
1802.1 1883980
1802.6 1883884
1803.1 1884948
1803.6 1885580
1804.1 1885532
1804.6 1884316
1805.1 1884116
1805.6 1878260
1806.1 1878260
1806.6 1878260
1807.1 1878260
1807.6 1878260
1808.1 1878292
1808.6 1878292
1809.1 1878292
1809.6 1878292
1810.1 1878284
1810.6 1878284
1811.1 1878284
1811.6 1878284
1812.1 1878284
1812.6 1878252
1813.1 1878252
1813.6 1878252
1814.1 1878252
1814.6 1878284
1815.1 1878284
1815.6 1878284
1816.1 1878284
1816.6 1878284
1817.1 1878252
1817.6 1878252
1818.1 1878252
1818.6 1878252
1819.1 1878252
1819.6 1878252
1820.1 1878252
1820.6 1878252
1821.1 1878252
1821.6 1878252
1822.1 1878276
1822.6 1878276
1823.1 1878276
1823.6 1878276
1824.1 1878276
1824.6 1878276
1825.1 1878276
1825.6 1878276
1826.1 1878276
1826.6 1878244
1827.1 1878244
1827.6 1878244
1828.1 1878244
1828.6 1878244
1829.2 1878244
1829.7 1878244
1830.2 1884352
1830.7 1884564
1831.2 1884684
1831.7 1884872
1832.2 1885156
1832.7 1885092
1833.2 1885344
1833.7 1881580
1834.2 1881104
1834.7 1881276
1835.2 1881520
1835.7 1882136
1836.2 1882104
1836.7 1882452
1837.2 1882656
1837.7 1882768
1838.2 1883704
1838.7 1883040
1839.2 1883420
1839.7 1883672
1840.2 1883916
1840.7 1884152
1841.2 1884040
1841.7 1874692
1842.2 1874796
1842.7 1874448
1843.2 1874984
1843.7 1875460
1844.2 1875708
1844.7 1875424
1845.2 1876208
1845.7 1875544
1846.2 1876220
1846.7 1876132
1847.2 1876892
1847.7 1877032
1848.2 1877048
1848.7 1877204
1849.2 1876620
1849.7 1876936
1850.2 1877560
1850.7 1874668
1851.2 1871832
1851.7 1871800
1852.2 1871800
1852.7 1871800
1853.2 1871800
1853.7 1871800
1854.2 1871832
1854.7 1871832
1855.2 1871824
1855.7 1871824
1856.2 1871824
1856.7 1871792
1857.2 1871792
1857.7 1871792
1858.2 1871792
1858.7 1871792
1859.2 1871792
1859.8 1871792
1860.3 1871792
1860.8 1871792
1861.3 1871760
1861.8 1871760
1862.3 1871824
1862.8 1871824
1863.3 1871824
1863.8 1871824
1864.3 1871824
1864.8 1871824
1865.3 1871824
1865.8 1871824
1866.3 1871792
1866.8 1871792
1867.3 1871792
1867.8 1871792
1868.3 1871784
1868.8 1871816
1869.3 1871816
1869.8 1871816
1870.3 1871816
1870.8 1871784
1871.3 1871784
1871.9 1871784
1872.4 1871784
1872.9 1871784
1873.4 1871784
1873.9 1871784
1874.4 1871784
1874.9 1877424
1875.4 1877912
1875.9 1878416
1876.4 1879496
1876.9 1879652
1877.4 1880112
1877.9 1879732
1878.4 1880408
1878.9 1880392
1879.4 1880472
1879.9 1881092
1880.4 1881220
1880.9 1881188
1881.4 1881328
1881.9 1881376
1882.4 1881852
1882.9 1881724
1883.4 1882100
1883.9 1882400
1884.4 1882352
1884.9 1882788
1885.4 1882848
1885.9 1883100
1886.4 1884672
1886.9 1884400
1887.4 1885192
1887.9 1882704
1888.4 1882336
1888.9 1882652
1889.4 1883016
1889.9 1883672
1890.4 1884036
1890.9 1883824
1891.4 1884124
1891.9 1884060
1892.4 1884484
1892.9 1884720
1893.4 1885300
1893.9 1884916
1894.4 1882756
1894.9 1877136
1895.4 1877128
1895.9 1877128
1896.4 1877128
1896.9 1877128
1897.4 1877128
1898.0 1877128
1898.5 1877128
1899.0 1877160
1899.5 1877160
1900.0 1877160
1900.5 1877160
1901.0 1877160
1901.5 1877160
1902.0 1877160
1902.5 1877160
1903.0 1877160
1903.5 1877160
1904.0 1877160
1904.5 1877128
1905.0 1877128
1905.5 1877128
1906.0 1877128
1906.5 1877160
1907.0 1877160
1907.5 1877160
1908.0 1877160
1908.5 1877128
1909.0 1877128
1909.5 1877128
1910.0 1877128
1910.5 1877128
1911.0 1877128
1911.6 1877128
1912.1 1877128
1912.6 1877128
1913.1 1877096
1913.6 1877096
1914.1 1877152
1914.6 1877152
1915.1 1877152
1915.6 1877152
1916.1 1877152
1916.6 1877152
1917.1 1877152
1917.6 1877120
1918.1 1877120
1918.6 1877120
1919.1 1877120
1919.6 1877120
1920.1 1877120
1920.6 1882996
1921.1 1883280
1921.6 1883564
1922.1 1883672
1922.6 1883444
1923.1 1883620
1923.6 1884272
1924.1 1885124
1924.6 1885392
1925.1 1885436
1925.6 1880536
1926.1 1880808
1926.6 1880696
1927.1 1881044
1927.6 1881360
1928.1 1881944
1928.6 1881784
1929.1 1881956
1929.6 1882008
1930.1 1882000
1930.6 1883400
1931.1 1883480
1931.6 1883792
1932.1 1883904
1932.6 1883476
1933.1 1883808
1933.6 1883644
1934.1 1883644
1934.6 1883928
1935.1 1883880
1935.6 1884408
1936.1 1884408
1936.6 1884976
1937.1 1884800
1937.6 1881648
1938.1 1881884
1938.6 1881820
1939.1 1881868
1939.6 1881944
1940.1 1876304
1940.6 1876304
1941.1 1876304
1941.6 1876328
1942.1 1876328
1942.6 1876328
1943.1 1876328
1943.6 1876328
1944.1 1876296
1944.7 1876296
1945.2 1876296
1945.7 1876296
1946.2 1876296
1946.7 1876296
1947.2 1876296
1947.9 1876296
1948.4 1876296
1948.9 1876296
1949.4 1876328
1949.9 1876328
1950.5 1876328
1951.0 1876328
1951.5 1876328
1952.0 1876328
1952.5 1876328
1953.0 1876328
1953.5 1876328
1954.0 1876296
1954.5 1876296
1955.0 1876296
1955.5 1876292
1956.0 1876292
1956.5 1876324
1957.0 1876324
1957.5 1876324
1958.0 1876324
1958.5 1876292
1959.0 1876292
1959.5 1876292
1960.0 1876292
1960.5 1876292
1961.0 1876292
1961.5 1876284
1962.0 1876284
1962.5 1876284
1963.0 1876284
1963.5 1876252
1964.1 1876316
1964.6 1878748
1965.1 1882288
1965.6 1882744
1966.1 1882476
1966.6 1882696
1967.1 1882664
1967.6 1883500
1968.1 1883808
1968.6 1884232
1969.1 1884248
1969.6 1884288
1970.1 1884768
1970.6 1885716
1971.1 1885240
1971.6 1885428
1972.1 1885776
1972.6 1875628
1973.1 1875948
1973.6 1876184
1974.1 1876860
1974.6 1876616
1975.1 1876916
1975.6 1876916
1976.1 1877516
1976.6 1877924
1977.1 1877748
1977.6 1877988
1978.1 1878192
1978.6 1877972
1979.1 1877608
1979.6 1878004
1980.1 1878524
1980.6 1878948
1981.1 1878852
1981.6 1879328
1982.1 1879672
1982.6 1879736
1983.1 1880144
1983.6 1880792
1984.1 1880808
1984.6 1875088
1985.1 1875088
1985.6 1875048
1986.1 1875048
1986.6 1875048
1987.1 1875048
1987.6 1875080
1988.1 1875080
1988.6 1875080
1989.1 1875080
1989.6 1875080
1990.1 1875080
1990.6 1875048
1991.1 1875048
1991.6 1875048
1992.1 1875048
1992.7 1875048
1993.2 1875048
1993.7 1875048
1994.3 1875048
1994.8 1875048
1995.3 1875048
1995.8 1875080
1996.3 1875080
1996.8 1875080
1997.3 1875080
1997.8 1875080
1998.3 1875080
1998.9 1875080
1999.4 1875080
1999.9 1875048
2000.4 1875048
2000.9 1875048
2001.4 1875048
2001.9 1875048
2002.4 1875048
2003.0 1875080
2003.5 1875072
2004.0 1875072
2004.5 1875072
2005.0 1875040
2005.5 1875040
2006.0 1875040
2006.5 1875040
2007.0 1875040
2007.5 1875040
2008.0 1875040
2008.5 1875040
2009.0 1875040
2009.5 1875040
2010.0 1882452
2010.5 1882988
2011.0 1882672
2011.5 1883304
2012.0 1882532
2012.5 1882720
2013.0 1883052
2013.5 1883128
2014.0 1882804
2014.5 1883452
2015.0 1883256
2015.5 1883836
2016.0 1883772
2016.5 1883868
2017.0 1884496
2017.5 1884832
2018.0 1885604
2018.5 1885856
2019.0 1865124
2019.5 1865160
2020.0 1865120
2020.5 1865232
2021.0 1865240
2021.5 1865052
2022.0 1865192
2022.5 1865160
2023.0 1865316
2023.5 1866420
2024.0 1866956
2024.5 1866956
2025.0 1866916
2025.5 1866648
2026.0 1867880
2026.5 1867576
2027.0 1868064
2027.5 1868396
2028.0 1868316
2028.5 1868632
2029.0 1868728
2029.5 1863204
2030.0 1863204
2030.5 1863164
2031.0 1863164
2031.5 1863164
2032.0 1863164
2032.5 1863164
2033.0 1863164
2033.5 1863164
2034.0 1863164
2034.5 1863164
2035.0 1863132
2035.6 1863132
2036.1 1863132
2036.6 1863196
2037.1 1863196
2037.6 1863196
2038.1 1863196
2038.6 1863196
2039.1 1863196
2039.6 1863196
2040.1 1863164
2040.6 1863164
2041.1 1863164
2041.7 1863164
2042.2 1863164
2042.7 1863164
2043.3 1863164
2043.8 1863164
2044.3 1863164
2044.8 1863196
2045.3 1863196
2045.8 1863196
2046.4 1863196
2046.9 1863196
2047.4 1863196
2047.9 1863196
2048.4 1863196
2048.9 1863196
2049.4 1863196
2049.9 1863196
2050.4 1863196
2050.9 1863156
2051.4 1863188
2051.9 1863188
2052.4 1863188
2052.9 1863188
2053.4 1863188
2053.9 1863188
2054.4 1863188
2054.9 1865068
2055.4 1869184
2055.9 1869148
2056.4 1869244
2056.9 1869804
2057.4 1869972
2057.9 1870556
2058.4 1870428
2058.9 1871656
2059.4 1871628
2059.9 1871632
2060.4 1872200
2060.9 1872388
2061.4 1872556
2061.9 1872868
2062.4 1873216
2062.9 1872852
2063.4 1873072
2063.9 1873216
2064.4 1873768
2064.9 1874344
2065.4 1874436
2065.9 1874436
2066.4 1874768
2066.9 1875124
2067.4 1875800
2067.9 1875448
2068.4 1876020
2068.9 1876208
2069.4 1876160
2069.9 1876640
2070.4 1877128
2070.9 1877256
2071.4 1877552
2071.9 1877696
2072.4 1877820
2072.9 1878200
2073.4 1878500
2073.9 1878988
2074.4 1878548
2074.9 1872576
2075.4 1872576
2075.9 1872568
2076.4 1872568
2076.9 1872568
2077.4 1872568
2077.9 1872536
2078.4 1872536
2078.9 1872536
2079.4 1872536
2079.9 1872536
2080.5 1872536
2081.0 1872536
2081.5 1872568
2082.0 1872568
2082.5 1872568
2083.0 1872568
2083.5 1872536
2084.1 1872536
2084.6 1872536
2085.1 1872536
2085.6 1872536
2086.1 1872536
2086.6 1872536
2087.1 1872536
2087.6 1872504
2088.1 1872504
2088.6 1872504
2089.1 1872568
2089.6 1872568
2090.1 1872568
2090.7 1872568
2091.2 1872568
2091.7 1872568
2092.2 1872560
2092.7 1872560
2093.2 1872528
2093.7 1872528
2094.2 1872528
2094.7 1872528
2095.2 1872528
2095.7 1872528
2096.3 1872528
2096.8 1872528
2097.3 1872560
2097.8 1872560
2098.3 1872560
2098.8 1872560
2099.4 1872560
2099.9 1878168
2100.4 1878444
2100.9 1878552
2101.4 1879152
2101.9 1879420
2102.4 1880304
2102.9 1880832
2103.4 1880736
2103.9 1880736
2104.4 1880892
2104.9 1881168
2105.4 1881300
2105.9 1882544
2106.4 1882328
2106.9 1882340
2107.4 1882576
2107.9 1883540
2108.4 1884512
2108.9 1883716
2109.4 1883808
2109.9 1883752
2110.4 1883988
2110.9 1884160
2111.4 1884380
2111.9 1884476
2112.4 1884808
2112.9 1885252
2113.4 1885168
2113.9 1885596
2114.4 1885704
2114.9 1886072
2115.4 1884092
2115.9 1884848
2116.4 1884344
2116.9 1884468
2117.4 1884500
2117.9 1884564
2118.4 1884468
2118.9 1884960
2119.4 1884908
2119.9 1885312
2120.4 1879708
2120.9 1879708
2121.4 1879708
2121.9 1879708
2122.4 1879708
2122.9 1879708
2123.5 1879740
2124.0 1879708
2124.5 1879708
2125.0 1879952
2125.5 1879952
2126.0 1879952
2126.5 1879952
2127.0 1879700
2127.5 1879700
2128.0 1879700
2128.5 1879700
2129.0 1879700
2129.5 1879732
2130.0 1879732
2130.5 1879732
2131.0 1879732
2131.5 1879732
2132.0 1879732
2132.5 1879732
2133.0 1879732
2133.5 1879700
2134.0 1879700
2134.5 1879700
2135.0 1879700
2135.5 1879700
2136.0 1879700
2136.5 1879732
2137.1 1879732
2137.6 1879732
2138.1 1879732
2138.6 1879732
2139.1 1879692
2139.6 1879692
2140.1 1879692
2140.6 1879692
2141.1 1879692
2141.6 1879692
2142.1 1879692
2142.6 1879660
2143.1 1879660
2143.6 1879660
2144.1 1879660
2144.6 1879660
2145.1 1884224
2145.6 1883732
2146.1 1884200
2146.6 1884532
2147.1 1884752
2147.6 1884924
2148.1 1885052
2148.6 1885556
2149.1 1885492
2149.6 1885168
2150.1 1885508
2150.6 1885888
2151.1 1885728
2151.6 1885964
2152.1 1886092
2152.6 1886068
2153.1 1886028
2153.6 1885872
2154.1 1885588
2154.6 1885776
2155.1 1885624
2155.6 1885580
2156.1 1883556
2156.6 1884132
2157.1 1884464
2157.6 1884588
2158.1 1884760
2158.6 1885060
2159.1 1884996
2159.6 1885264
2160.1 1885412
2160.6 1885240
2161.1 1885816
2161.6 1884240
2162.1 1884320
2162.6 1884384
2163.1 1884636
2163.6 1885044
2164.1 1885300
2164.6 1879052
2165.1 1879044
2165.6 1879044
2166.1 1879012
2166.6 1879076
2167.1 1879076
2167.6 1879076
2168.1 1879076
2168.6 1879076
2169.1 1879076
2169.7 1879076
2170.2 1879076
2170.7 1879044
2171.2 1879044
2171.7 1879044
2172.2 1879044
2172.7 1879044
2173.2 1879044
2173.7 1879044
2174.2 1879076
2174.7 1879076
2175.2 1879076
2175.7 1879044
2176.2 1879044
2176.7 1879044
2177.3 1879044
2177.8 1879044
2178.3 1879044
2178.8 1879044
2179.3 1879044
2179.8 1879044
2180.3 1879012
2180.8 1879012
2181.3 1879076
2181.8 1879076
2182.3 1879076
2182.8 1879076
2183.3 1879076
2183.8 1879076
2184.3 1879076
2184.8 1879044
2185.3 1879036
2185.8 1879036
2186.4 1879036
2187.0 1879036
2187.5 1879036
2188.0 1879036
2188.5 1879036
2189.0 1879068
2189.5 1879068
2190.0 1885648
2190.5 1886172
2191.0 1886060
2191.5 1886280
2192.0 1886516
2192.5 1883564
2193.0 1883768
2193.5 1883912
2194.0 1884272
2194.5 1884744
2195.0 1884768
2195.5 1884816
2196.0 1884956
2196.5 1885084
2197.0 1885800
2197.5 1886508
2198.0 1880944
2198.5 1880972
2199.0 1881176
2199.5 1881556
2200.0 1881736
2200.5 1882192
2201.0 1882428
2201.5 1882916
2202.0 1882716
2202.5 1882500
2203.0 1883620
2203.5 1883444
2204.0 1883760
2204.5 1884232
2205.0 1884240
2205.5 1885060
2206.0 1885028
2206.5 1885280
2207.0 1885232
2207.5 1884476
2208.0 1884776
2208.5 1885468
2209.0 1885720
2209.5 1879808
2210.0 1879808
2210.5 1879832
2211.0 1879832
2211.5 1879832
2212.0 1879832
2212.5 1879800
2213.0 1879800
2213.5 1879800
2214.0 1879800
2214.5 1879800
2215.0 1879800
2215.5 1879800
2216.0 1879800
2216.5 1879800
2217.0 1879768
2217.5 1879768
2218.0 1879832
2218.5 1879832
2219.0 1879832
2219.5 1879832
2220.0 1879832
2220.5 1879832
2221.0 1879832
2221.5 1879832
2222.0 1879832
2222.5 1879800
2223.0 1879800
2223.5 1879800
2224.0 1879800
2224.5 1879800
2225.0 1879800
2225.5 1879832
2226.1 1879832
2226.6 1879792
2227.1 1879792
2227.6 1879792
2228.1 1879792
2228.6 1879792
2229.2 1879792
2229.7 1879792
2230.2 1879792
2230.7 1879792
2231.2 1879760
2231.7 1879760
2232.2 1879760
2232.7 1879760
2233.2 1879760
2233.7 1879824
2234.2 1879824
2234.7 1882768
2235.2 1875756
2235.7 1876088
2236.2 1876072
2236.7 1876672
2237.2 1876576
2237.7 1876232
2238.2 1876656
2238.7 1876780
2239.2 1877284
2239.7 1877404
2240.2 1877812
2240.7 1878112
2241.2 1878220
2241.7 1878744
2242.2 1878616
2242.7 1878964
2243.2 1879720
2243.7 1879752
2244.2 1879760
2244.7 1880032
2245.2 1880396
2245.7 1880332
2246.2 1880632
2246.7 1881388
2247.2 1881136
2247.7 1881372
2248.2 1881404
2248.7 1882192
2249.2 1882224
2249.7 1882396
2250.2 1882916
2250.7 1883264
2251.2 1883372
2251.7 1883704
2252.2 1883924
2252.7 1884096
2253.2 1884428
2253.7 1884980
2254.2 1879240
2254.7 1879240
2255.2 1879232
2255.7 1879232
2256.2 1879232
2256.7 1879264
2257.2 1879264
2257.7 1879264
2258.2 1879264
2258.7 1879264
2259.2 1879232
2259.7 1879232
2260.2 1879232
2260.7 1879232
2261.2 1879232
2261.7 1879232
2262.2 1879232
2262.8 1879232
2263.3 1879232
2263.8 1879232
2264.3 1879264
2264.8 1879264
2265.3 1879264
2265.8 1879264
2266.3 1879264
2266.8 1879264
2267.3 1879264
2267.8 1879264
2268.3 1879232
2268.8 1879232
2269.3 1879232
2269.8 1879232
2270.3 1879232
2270.8 1879232
2271.3 1879232
2271.8 1879232
2272.3 1879256
2272.8 1879256
2273.3 1879224
2273.8 1879224
2274.3 1879224
2274.8 1879224
2275.3 1879224
2275.9 1879224
2276.4 1879224
2276.9 1879224
2277.4 1879224
2277.9 1879224
2278.4 1879192
2278.9 1879256
2279.4 1879256
2279.9 1864196
2280.4 1864304
2280.9 1864132
2281.4 1864760
2281.9 1864744
2282.4 1864760
2282.9 1864964
2283.4 1864964
2283.9 1864744
2284.4 1865028
2284.9 1865288
2285.4 1865540
2285.9 1866028
2286.4 1866508
2286.9 1866760
2287.4 1866776
2287.9 1867628
2288.4 1867508
2288.9 1867760
2289.4 1868344
2289.9 1868888
2290.4 1868696
2290.9 1869060
2291.4 1868904
2291.9 1869172
2292.4 1869752
2292.9 1869688
2293.4 1869752
2293.9 1870132
2294.4 1870052
2294.9 1870232
2295.4 1871188
2295.9 1871012
2296.4 1871404
2296.9 1871672
2297.4 1871564
2297.9 1872424
2298.4 1872580
2298.9 1872516
2299.4 1866700
2299.9 1866700
2300.4 1866692
2300.9 1866660
2301.4 1866660
2301.9 1866660
2302.4 1866660
2302.9 1866660
2303.4 1866660
2303.9 1866660
2304.4 1866660
2304.9 1866660
2305.5 1866692
2306.1 1866692
2306.6 1866692
2307.1 1866692
2307.6 1866692
2308.1 1866692
2308.6 1866692
2309.1 1866692
2309.6 1866692
2310.1 1866692
2310.6 1866660
2311.2 1866660
2311.7 1866660
2312.2 1866660
2312.7 1866660
2313.2 1866660
2313.7 1866660
2314.2 1866692
2314.7 1866692
2315.2 1866660
2315.7 1866660
2316.2 1866660
2316.8 1866660
2317.3 1866660
2317.8 1866660
2318.3 1866652
2318.8 1866652
2319.3 1866652
2319.8 1866620
2320.3 1866684
2320.8 1866684
2321.3 1866684
2321.8 1866684
2322.3 1866684
2322.9 1866684
2323.4 1866684
2323.9 1866684
2324.4 1866652
2324.9 1872888
2325.4 1873084
2325.9 1873476
2326.4 1873768
2326.9 1874492
2327.4 1874444
2327.9 1874904
2328.4 1874728
2328.9 1875028
2329.4 1875296
2329.9 1875208
2330.4 1875948
2330.9 1876628
2331.4 1876484
2331.9 1876424
2332.4 1876840
2332.9 1877060
2333.4 1877060
2333.9 1877880
2334.4 1877896
2334.9 1877856
2335.4 1878660
2335.9 1878628
2336.4 1879180
2336.9 1878976
2337.4 1879212
2337.9 1879196
2338.4 1879904
2338.9 1880196
2339.4 1880496
2339.9 1880644
2340.4 1880612
2340.9 1881512
2341.4 1881700
2341.9 1881652
2342.4 1882332
2342.9 1882456
2343.4 1882756
2343.9 1882756
2344.4 1877008
2344.9 1877008
2345.4 1877008
2346.0 1877000
2346.5 1877064
2347.0 1877032
2347.5 1877032
2348.1 1877032
2348.7 1877032
2349.2 1877032
2349.8 1877032
2350.3 1877032
2350.8 1877032
2351.3 1877032
2351.8 1877032
2352.3 1877000
2352.8 1877000
2353.3 1877000
2353.8 1877000
2354.3 1877032
2354.8 1877032
2355.3 1877032
2355.8 1877032
2356.3 1877032
2356.8 1877000
2357.3 1877000
2357.8 1877000
2358.4 1877000
2358.9 1877000
2359.4 1877000
2359.9 1877000
2360.4 1877000
2360.9 1877000
2361.4 1876968
2361.9 1877032
2362.4 1877032
2362.9 1877032
2363.6 1877032
2364.1 1877032
2364.6 1877024
2365.1 1877024
2365.6 1877024
2366.1 1877024
2366.6 1876992
2367.1 1876992
2367.6 1876992
2368.1 1876992
2368.6 1876992
2369.1 1876992
2369.6 1877024
2370.1 1883384
2370.6 1883416
2371.1 1883336
2371.6 1883700
2372.1 1883428
2372.6 1883384
2373.1 1883684
2373.6 1883816
2374.1 1884036
2374.6 1884432
2375.1 1884500
2375.6 1884880
2376.1 1885196
2376.6 1885572
2377.1 1885256
2377.6 1885596
2378.1 1885960
2378.6 1886100
2379.1 1876360
2379.6 1876800
2380.1 1876856
2380.6 1877124
2381.1 1877468
2381.6 1877548
2382.1 1877992
2382.6 1877976
2383.1 1877988
2383.6 1878540
2384.1 1879140
2384.6 1878572
2385.1 1878328
2385.6 1878508
2386.1 1879140
2386.6 1879424
2387.1 1879488
2387.6 1879976
2388.1 1880116
2388.6 1880368
2389.1 1880620
2389.6 1880792
2390.1 1880848
2390.6 1875008
2391.1 1875008
2391.6 1875008
2392.2 1875008
2392.7 1875008
2393.2 1875008
2393.7 1875008
2394.2 1874976
2394.8 1874976
2395.3 1874976
2395.8 1874968
2396.3 1874968
2396.8 1874968
2397.3 1874968
2397.8 1875000
2398.3 1875000
2398.8 1874968
2399.3 1874968
2399.8 1874968
2400.3 1874968
2400.8 1874968
2401.3 1874968
2401.8 1874968
2402.3 1874968
2402.8 1874968
2403.3 1874968
2403.8 1874936
2404.3 1874936
2404.8 1874936
2405.3 1874936
2405.8 1874992
2406.3 1874992
2406.8 1874992
2407.3 1874992
2407.8 1874992
2408.4 1874992
2408.9 1874960
2409.4 1874960
2409.9 1874960
2410.4 1874960
2410.9 1874960
2411.4 1874960
2411.9 1874960
2412.4 1874960
2412.9 1874992
2413.4 1874992
2413.9 1874992
2414.4 1874992
2414.9 1874960
2415.4 1881456
2415.9 1881580
2416.4 1882256
2416.9 1883048
2417.4 1882944
2417.9 1882720
2418.4 1883432
2418.9 1883288
2419.4 1883728
2419.9 1884140
2420.4 1884304
2420.9 1884432
2421.4 1884604
2421.9 1885196
2422.4 1885352
2422.9 1885272
2423.4 1885384
2423.9 1885512
2424.4 1885572
2424.9 1885904
2425.4 1864740
2425.9 1864896
2426.4 1865480
2426.9 1866124
2427.4 1867032
2427.9 1866292
2428.4 1866276
2428.9 1866180
2429.4 1866828
2429.9 1866904
2430.4 1867228
2430.9 1867228
2431.4 1867100
2431.9 1868008
2432.4 1868180
2432.9 1868368
2433.4 1868700
2433.9 1869160
2434.4 1869172
2434.9 1863396
2435.4 1863396
2435.9 1863396
2436.4 1863388
2436.9 1863388
2437.4 1863388
2437.9 1863388
2438.4 1863388
2438.9 1863388
2439.4 1863420
2439.9 1863420
2440.4 1863420
2440.9 1863420
2441.4 1863420
2441.9 1863420
2442.4 1863420
2442.9 1863388
2443.4 1863388
2443.9 1863388
2444.4 1863388
2444.9 1863388
2445.4 1863388
2445.9 1863388
2446.4 1863384
2446.9 1863416
2447.4 1863416
2447.9 1863384
2448.5 1863384
2449.0 1863384
2449.5 1863384
2450.0 1863384
2450.5 1863384
2451.0 1863384
2451.5 1863384
2452.1 1863376
2452.6 1863344
2453.1 1863344
2453.6 1863344
2454.1 1863344
2454.6 1863344
2455.1 1863408
2455.6 1863408
2456.1 1863408
2456.6 1863408
2457.5 1863376
2458.1 1863376
2459.1 1863376
2459.6 1866508
2460.1 1869696
2460.6 1869524
2461.1 1869484
2461.6 1869564
2462.1 1869688
2462.6 1870304
2463.1 1870524
2463.6 1870464
2464.1 1870940
2464.6 1871880
2465.1 1871988
2465.6 1872192
2466.1 1872384
2466.6 1872444
2467.1 1872712
2467.6 1872900
2468.1 1872996
2468.6 1873216
2469.1 1873792
2469.6 1873184
2470.1 1873500
2470.6 1873484
2471.1 1873752
2471.6 1873608
2472.1 1874200
2472.6 1874720
2473.1 1875148
2473.6 1875112
2474.1 1876716
2474.6 1876872
2475.1 1876652
2475.6 1876728
2476.1 1877280
2476.6 1877388
2477.1 1877404
2477.6 1877516
2478.1 1877768
2478.6 1877832
2479.1 1878304
2479.6 1879036
2480.1 1879092
2480.6 1873064
2481.1 1873064
2481.9 1873064
2482.4 1873032
2483.7 1873032
2484.2 1873032
2484.7 1873032
2485.2 1873024
2485.7 1873024
2486.2 1873024
2486.7 1873024
2487.5 1872992
2488.1 1872992
2489.6 1873056
2490.3 1873056
2490.8 1873056
2491.5 1873056
2492.1 1873056
2492.7 1873056
2493.2 1873056
2493.7 1873024
2494.9 1873024
2496.2 1873024
2497.2 1873024
2497.7 1873024
2498.2 1873016
2498.9 1873016
2499.4 1873048
2500.7 1873048
2501.6 1873048
2503.0 1873016
2503.8 1873016
2504.5 1873016
2505.0 1878672
2505.5 1879304
2506.0 1879896
2506.5 1879404
2507.0 1879736
2507.5 1880336
2508.0 1880540
2508.5 1880712
2509.0 1880948
2509.5 1881296
2510.0 1881572
2510.5 1880988
2511.0 1881508
2511.5 1882340
2512.0 1882688
2512.5 1883288
2513.0 1883068
2513.5 1883476
2514.0 1883556
2514.5 1882956
2515.0 1883724
2515.5 1883580
2516.0 1883744
2516.5 1884296
2517.0 1884676
2517.5 1884580
2518.0 1884808
2518.5 1884776
2519.0 1885200
2519.5 1885184
2520.0 1885508
2520.5 1885792
2521.0 1885900
2521.5 1885028
2522.0 1885580
2522.5 1885452
2523.0 1885484
2523.5 1885672
2524.0 1885876
2524.5 1880012
2525.6 1879492
2526.1 1879524
2526.6 1879524
2527.1 1879524
2528.1 1879524
2528.6 1879492
2529.7 1879492
2530.2 1879492
2530.7 1879492
2531.7 1879492
2532.2 1879492
2532.8 1879492
2533.3 1879492
2534.8 1879492
2535.3 1879492
2535.8 1879492
2536.3 1879524
2537.0 1879524
2538.6 1879524
2539.1 1879524
2539.8 1879524
2540.3 1879524
2542.1 1879492
2542.9 1879492
2543.7 1879492
2544.2 1879484
2545.7 1879484
2546.2 1879484
2547.1 1879484
2547.8 1879516
2548.3 1879516
2549.4 1879484
2549.9 1880308
2550.4 1880984
2550.9 1880608
2551.4 1881712
2551.9 1881204
2552.4 1881536
2552.9 1881648
2553.4 1881788
2553.9 1882992
2554.4 1883760
2554.9 1882552
2555.4 1883120
2555.9 1883780
2556.4 1883576
2556.9 1883640
2557.4 1884472
2557.9 1884300
2558.4 1884584
2558.9 1884724
2559.4 1885168
2559.9 1885096
2560.4 1885252
2560.9 1885868
2561.4 1885772
2561.9 1880672
2562.4 1880724
2562.9 1881180
2563.4 1881196
2563.9 1881212
2564.4 1882112
2564.9 1881992
2565.4 1881960
2565.9 1882228
2566.4 1882592
2566.9 1882892
2567.4 1882748
2567.9 1883048
2568.4 1883064
2568.9 1883724
2569.4 1878620
2569.9 1878620
2570.4 1878612
2572.0 1878612
2572.5 1878580
2573.7 1878644
2574.3 1878644
2574.8 1878644
2575.3 1878644
2576.0 1878644
2576.5 1878644
2577.0 1878644
2577.5 1878644
2578.4 1878612
2578.9 1878612
2579.9 1878612
2580.4 1878612
2582.9 1878612
2584.7 1878644
2589.2 1878636
2591.2 1878604
2594.2 1878604
2594.7 1878604
2595.2 1884536
2595.7 1884900
2596.2 1884976
2596.7 1885164
2597.2 1885448
2597.7 1885584
2598.2 1886072
2598.7 1881324
2599.2 1881696
2599.7 1881460
2600.2 1881196
2600.7 1881496
2601.2 1881700
2601.7 1881764
2602.2 1881904
2602.7 1881968
2603.2 1882616
2603.7 1882268
2604.2 1882416
2604.7 1883332
2605.2 1883908
2605.7 1884032
2606.2 1884632
2606.7 1884788
2607.2 1885520
2607.7 1885048
2608.2 1884920
2608.7 1885520
2609.2 1885724
2609.7 1864652
2610.2 1864456
2610.7 1864648
2611.2 1864788
2611.7 1865104
2612.2 1865560
2612.7 1865356
2613.2 1865528
2613.7 1866000
2614.2 1866460
2614.7 1866316
2615.2 1860108
2615.7 1860108
2616.2 1860108
2616.7 1860108
2618.4 1860108
2619.6 1860172
2621.1 1860132
2621.6 1860132
2622.1 1860132
2622.6 1860132
2624.7 1860132
2625.2 1860132
2626.3 1860132
2627.4 1860132
2627.9 1860100
2628.4 1860100
2628.9 1860100
2629.4 1860100
2631.1 1860132
2632.8 1860124
2633.3 1860124
2633.8 1860124
2634.3 1860124
2635.4 1860092
2635.9 1860092
2636.5 1860092
2638.4 1860092
2638.9 1860092
2639.5 1860092
2640.0 1866160
2640.5 1866136
2641.0 1866404
2641.5 1866324
2642.0 1866796
2642.5 1867096
2643.0 1867236
2643.5 1868120
2644.0 1868284
2644.5 1868844
2645.0 1869184
2645.5 1870096
2646.0 1869544
2646.5 1870128
2647.0 1870064
2647.5 1870448
2648.0 1870568
2648.5 1870824
2649.0 1870428
2649.5 1870600
2650.0 1871412
2650.5 1871316
2651.0 1871300
2651.5 1871496
2652.0 1872112
2652.5 1872600
2653.0 1872804
2653.5 1873284
2654.0 1873460
2654.5 1873204
2655.0 1873560
2655.5 1874412
2656.0 1874572
2656.5 1874728
2657.0 1874772
2657.5 1874820
2658.0 1875228
2658.5 1875436
2659.0 1875656
2659.5 1869728
2660.0 1869728
2660.6 1869720
2661.1 1869720
2661.6 1869688
2662.6 1869688
2663.1 1869688
2664.0 1869688
2665.9 1869720
2667.5 1869720
2669.3 1869720
2670.0 1869720
2670.8 1869688
2672.5 1869688
2674.0 1869688
2675.9 1869688
2676.7 1869688
2677.2 1869688
2677.7 1869688
2679.5 1869680
2681.3 1869648
2683.4 1869712
2683.9 1869712
2684.5 1869712
2685.0 1875964
2685.5 1876200
2686.0 1876844
2686.5 1877144
2687.0 1877428
2687.5 1877584
2688.0 1878152
2688.5 1878476
2689.0 1878112
2689.5 1878412
2690.0 1878656
2690.5 1878860
2691.0 1879112
2691.5 1879176
2692.0 1879316
2692.5 1879696
2693.0 1879932
2693.5 1879884
2694.0 1880184
2694.5 1880544
2695.0 1880964
2695.5 1880900
2696.0 1881388
2696.5 1881340
2697.0 1881640
2697.5 1881892
2698.0 1882080
2698.5 1882176
2699.0 1882640
2699.5 1882688
2700.0 1882536
2700.5 1882836
2701.0 1883072
2701.5 1883444
2702.0 1883616
2702.5 1884232
2703.0 1884688
2703.5 1885004
2704.0 1879528
2704.5 1879304
2705.3 1879304
2706.7 1879328
2710.2 1879296
2712.0 1879296
2712.5 1879296
2713.4 1879296
2715.3 1879296
2718.1 1879296
2718.9 1879296
2719.4 1879296
2719.9 1879264
2721.4 1879264
2721.9 1879264
2722.4 1879328
2722.9 1879328
2724.5 1879328
2726.6 1879320
2727.1 1879320
2727.6 1879320
2729.5 1879288
2730.0 1880208
2730.5 1880160
2731.0 1880144
2731.5 1880372
2732.0 1880860
2732.5 1881112
2733.0 1883092
2733.5 1882044
2734.0 1881540
2734.5 1881696
2735.0 1881768
2735.5 1882004
2736.0 1882428
2736.5 1882380
2737.0 1882760
2737.5 1883088
2738.0 1882836
2738.5 1883720
2739.0 1884052
2739.5 1883948
2740.0 1884160
2740.5 1884808
2741.0 1885232
2741.5 1885024
2742.0 1885356
2742.5 1880864
2743.0 1880872
2743.5 1881104
2744.0 1881040
2744.5 1881152
2745.0 1881344
2745.5 1882468
2746.0 1882096
2746.5 1882272
2747.0 1883640
2747.5 1883152
2748.0 1883076
2748.5 1882884
2749.0 1883468
2749.5 1883608
2750.0 1883900
2750.5 1878252
2751.4 1878252
2751.9 1878252
2752.4 1878220
2752.9 1878220
2753.4 1878220
2755.0 1878244
2756.0 1878244
2757.2 1878244
2757.7 1878244
2758.6 1878244
2759.1 1878212
2759.6 1878212
2760.1 1878212
2760.6 1878212
2761.1 1878212
2761.6 1878212
2762.1 1878212
2762.6 1878212
2763.1 1878212
2764.5 1878244
2765.0 1878244
2765.5 1878244
2766.0 1878236
2767.1 1878236
2767.6 1878236
2769.8 1878236
2770.3 1878236
2770.9 1878236
2771.4 1878204
2771.9 1878204
2772.7 1878204
2773.7 1878204
2774.2 1878204
2774.7 1878204
2775.2 1884304
2775.7 1884460
2776.2 1884956
2776.7 1885216
2777.2 1885372
2777.7 1885484
2778.2 1886004
2778.7 1886004
2779.2 1884852
2779.7 1884988
2780.2 1885008
2780.7 1885080
2781.2 1885508
2781.7 1885728
2782.2 1885884
2782.7 1875216
2783.2 1875660
2783.7 1875692
2784.2 1875548
2784.7 1875864
2785.2 1875896
2785.7 1876020
2786.2 1876540
2786.7 1876540
2787.2 1876808
2787.7 1877076
2788.2 1877408
2788.7 1877832
2789.2 1878804
2789.7 1879308
2790.2 1879344
2790.7 1880068
2791.2 1879880
2791.7 1880068
2792.2 1880336
2792.7 1880904
2793.2 1880668
2793.7 1880800
2794.2 1881132
2794.7 1875268
2795.2 1875228
2796.6 1875228
2797.7 1875228
2798.6 1875228
2799.1 1875228
2799.6 1875292
2800.1 1875292
2800.6 1875292
2802.1 1875260
2802.8 1875260
2804.9 1875260
2805.4 1875260
2805.9 1875260
2806.4 1875256
2808.8 1875256
2810.3 1875256
2810.8 1875320
2811.3 1875288
2812.7 1875280
2813.7 1875280
2814.2 1875280
2816.0 1875280
2816.5 1875280
2817.0 1875280
2818.3 1875280
2819.3 1875248
2819.8 1881364
2820.3 1881664
2820.8 1881820
2821.3 1881204
2821.8 1881188
2822.3 1881536
2822.8 1882008
2823.3 1882632
2823.8 1882724
2824.3 1883196
2824.8 1883408
2825.3 1883708
2825.8 1884180
2826.3 1884924
2826.8 1884812
2827.3 1885268
2827.8 1885836
2828.3 1874460
2828.8 1864608
2829.3 1864672
2829.8 1864064
2830.3 1863968
2830.8 1864408
2831.3 1864568
2831.8 1864676
2832.3 1864692
2832.8 1864912
2833.3 1865092
2833.8 1865108
2834.3 1865440
2834.8 1865676
2835.3 1867492
2835.8 1867080
2836.3 1866440
2836.8 1866992
2837.3 1867700
2837.8 1868348
2838.3 1868364
2838.8 1868504
2839.3 1863256
2839.8 1862856
2840.3 1862848
2842.1 1862816
2842.6 1862816
2844.4 1862816
2846.4 1862880
2846.9 1862880
2847.9 1862880
2848.4 1862880
2849.1 1862880
2850.0 1862848
2850.5 1862848
2851.0 1862848
2851.9 1862848
2852.4 1862848
2854.2 1862848
2856.0 1862848
2859.3 1862840
2864.0 1862872
2864.5 1862872
2865.0 1868852
2865.5 1869260
2866.0 1869496
2866.5 1869540
2867.0 1870400
2867.5 1871236
2868.0 1871136
2868.5 1870600
2869.0 1870488
2869.5 1871104
2870.0 1871252
2870.5 1871592
2871.0 1871652
2871.5 1872392
2872.0 1872284
2872.5 1872644
2873.0 1872692
2873.5 1872488
2874.0 1872644
2874.5 1872928
2875.0 1872968
2875.5 1873408
2876.0 1873772
2876.5 1874228
2877.0 1874732
2877.5 1874576
2878.0 1874872
2878.5 1875108
2879.0 1875332
2879.5 1875440
2880.0 1875732
2880.5 1876160
2881.0 1875920
2881.5 1876032
2882.0 1876440
2882.5 1876788
2883.0 1877088
2883.5 1877132
2884.0 1874108
2884.5 1871276
2885.8 1871268
2888.3 1871268
2888.8 1871268
2890.5 1871268
2892.3 1871300
2894.0 1871300
2895.8 1871300
2897.7 1871300
2898.2 1871300
2898.7 1871300
2899.4 1871300
2899.9 1871300
2900.6 1871268
2901.1 1871268
2901.6 1871268
2902.4 1871268
2902.9 1871268
2903.4 1871268
2903.9 1871300
2904.4 1871300
2904.9 1871292
2905.4 1871260
2905.9 1871260
2907.7 1871260
2908.2 1871260
2908.7 1871260
2909.2 1871260
2909.7 1871260
2910.2 1877932
2910.7 1877788
2911.2 1878704
2911.7 1879160
2912.2 1879332
2912.7 1879332
2913.2 1879680
2913.7 1880056
2914.2 1879708
2914.7 1880120
2915.2 1880192
2915.7 1880316
2916.2 1881184
2916.7 1881056
2917.2 1881736
2917.7 1881956
2918.2 1881656
2918.7 1881812
2919.2 1882040
2919.7 1882372
2920.2 1882600
2920.7 1882520
2921.2 1882932
2921.7 1882900
2922.2 1883136
2922.7 1883324
2923.2 1883784
2923.7 1884316
2924.2 1885028
2924.7 1884884
2925.2 1885112
2925.7 1885932
2926.2 1885932
2926.7 1885740
2927.2 1883472
2927.7 1882604
2928.2 1882668
2928.7 1883360
2929.2 1883408
2929.7 1883000
2930.2 1883180
2930.7 1876796
2931.2 1876796
2931.7 1876764
2933.5 1876764
2935.1 1876764
2935.6 1876756
2936.1 1876756
2938.1 1876756
2938.6 1876756
2943.7 1876756
2944.2 1876724
2946.0 1876724
2947.0 1876788
2948.7 1876788
2950.4 1876780
2950.9 1876780
2951.4 1876780
2952.9 1876780
2954.5 1876748
2955.0 1883240
2955.5 1884228
2956.0 1883656
2956.5 1883880
2957.0 1883972
2957.5 1884588
2958.0 1884540
2958.5 1880628
2959.0 1874692
2959.5 1874468
2960.0 1875180
2960.5 1875416
2961.0 1875620
2961.5 1875904
2962.0 1876172
2962.5 1876392
2963.0 1876264
2963.5 1877180
2964.0 1877212
2964.5 1877432
2965.0 1877452
2965.5 1878160
2966.0 1877944
2966.5 1878084
2967.0 1878776
2967.5 1878652
2968.0 1878840
2968.5 1879092
2969.0 1879280
2969.5 1879384
2970.0 1879740
2970.5 1879960
2971.0 1880116
2971.5 1880336
2972.0 1880492
2972.5 1880960
2973.0 1881180
2973.5 1881116
2974.0 1881352
2974.5 1882112
2975.0 1882116
2975.5 1875764
2976.0 1875764
2976.5 1875764
2977.0 1875732
2978.0 1875732
2978.5 1875732
2979.0 1875732
2980.9 1875788
2981.6 1875788
2982.1 1875788
2982.7 1875788
2983.7 1875788
2984.2 1875756
2984.8 1875764
2985.3 1876512
2985.8 1876496
2986.3 1876496
2986.8 1876496
2987.3 1876496
2988.8 1876496
2989.3 1876496
2989.8 1876496
2990.3 1876528
2990.8 1876520
2991.3 1876520
2991.8 1876520
2992.3 1876520
2992.8 1876520
2993.7 1876520
2994.2 1876520
2994.7 1876488
2995.2 1876488
2995.7 1876488
2996.2 1876488
2996.7 1876488
2997.2 1876520
2997.7 1876520
2998.2 1876520
2998.7 1876520
2999.2 1876488
2999.7 1883708
3000.2 1882752
