0.5 1843896
1.0 1843896
1.7 1843896
4.4 1843864
4.9 1843864
5.4 1843864
5.9 1843928
11.1 1843928
12.5 1843928
13.0 1843928
13.7 1843928
20.1 1843896
21.9 1843896
22.4 1843896
24.3 1843896
24.9 1843896
25.5 1843896
26.7 1843960
27.2 1843928
27.7 1843928
29.5 1843928
30.0 1851300
30.5 1850920
31.0 1851312
31.5 1851596
32.0 1851612
32.5 1852352
33.0 1852180
33.5 1851972
34.0 1852180
34.5 1851896
35.0 1851972
35.5 1852348
36.0 1852188
36.5 1851808
37.0 1851844
37.5 1852444
38.0 1851876
38.5 1851704
39.0 1851608
39.5 1851860
40.0 1851508
40.5 1851792
41.0 1851492
41.5 1851508
42.0 1851760
42.5 1851744
43.0 1852252
43.5 1851752
44.0 1852132
44.5 1851896
45.0 1851832
45.5 1852052
46.0 1852068
46.5 1852112
47.0 1851704
47.5 1851752
48.0 1851848
48.5 1851816
49.0 1851896
49.5 1852212
50.0 1852764
50.5 1852396
51.0 1851844
51.5 1847320
52.0 1846052
52.5 1846052
53.0 1846052
56.9 1846020
57.4 1846020
58.0 1846020
60.0 1846020
60.5 1846020
61.0 1846020
62.8 1846052
66.4 1846052
68.2 1846020
68.8 1846020
70.6 1846020
71.1 1846020
71.6 1846020
74.5 1846020
75.0 1851828
75.5 1852096
76.0 1852032
76.5 1851876
77.0 1851908
77.5 1851812
78.0 1852156
78.5 1852364
79.0 1852096
79.5 1852080
80.0 1851796
80.5 1852016
81.0 1852120
81.5 1852120
82.0 1852152
82.5 1851944
83.0 1852152
83.5 1851948
84.0 1852560
84.5 1852244
85.0 1852308
85.5 1851468
86.0 1851564
86.5 1851392
87.0 1851548
87.5 1851296
88.0 1851028
88.5 1851028
89.0 1851328
89.5 1851580
90.0 1851244
90.5 1851356
91.0 1851308
91.5 1851340
92.0 1851324
92.5 1851324
93.0 1851180
93.5 1851292
94.0 1851404
94.5 1851180
95.0 1851820
95.5 1852196
96.0 1851916
96.5 1851932
97.0 1845776
97.5 1845776
98.0 1845776
98.5 1845776
99.0 1845744
99.5 1845744
101.5 1845744
103.5 1845744
105.4 1845744
105.9 1845744
108.0 1845744
108.5 1845744
109.0 1845776
109.5 1845776
110.0 1845776
110.5 1845776
111.0 1845776
113.1 1845776
113.6 1845776
114.1 1845776
114.6 1845776
115.1 1845744
119.4 1845744
119.9 1851836
120.4 1851212
120.9 1851748
121.4 1852176
121.9 1851576
122.4 1851764
122.9 1851860
123.4 1851796
123.9 1851924
124.4 1851844
124.9 1852452
125.4 1852024
125.9 1851836
126.4 1851788
126.9 1851804
127.4 1851836
127.9 1851204
128.4 1851456
128.9 1852104
129.4 1851836
129.9 1852168
130.4 1851884
130.9 1852088
131.4 1851708
131.9 1851948
132.4 1851568
132.9 1851884
133.4 1852120
133.9 1851852
134.4 1851612
134.9 1851756
135.4 1851852
135.9 1851724
136.4 1851600
136.9 1851868
137.4 1851948
137.9 1851868
138.4 1852056
138.9 1851724
139.4 1851692
139.9 1851868
140.4 1852340
140.9 1852340
141.4 1851868
141.9 1848800
142.8 1845356
143.3 1845356
143.8 1845356
145.6 1845388
146.5 1845388
148.6 1845388
149.9 1845356
151.7 1845356
152.2 1845356
152.8 1845356
154.4 1845356
154.9 1845356
155.8 1845356
156.3 1845356
156.8 1845324
157.6 1845324
158.1 1845324
158.6 1845324
159.1 1845324
159.6 1845388
160.1 1845388
160.6 1845388
161.2 1845388
163.8 1845356
164.5 1845356
165.0 1851804
165.5 1851740
166.0 1851788
166.5 1851708
167.0 1851756
167.5 1851960
168.0 1851648
168.5 1851284
169.0 1851332
169.5 1851144
170.0 1851640
170.5 1851904
171.0 1852064
171.5 1851892
172.0 1851876
172.5 1851496
173.0 1851844
173.5 1852144
174.0 1851844
174.5 1851828
175.0 1852048
175.5 1851952
176.0 1852128
176.5 1852080
177.0 1851984
177.5 1852380
178.0 1851780
178.5 1851892
179.0 1851828
179.5 1851764
180.0 1852032
180.5 1852080
181.0 1852048
181.5 1852016
182.0 1851700
182.5 1851576
183.0 1851260
183.5 1851688
184.0 1851560
184.5 1851876
185.0 1851448
185.5 1851908
186.0 1852048
186.5 1851732
187.0 1846036
187.5 1846036
188.6 1846036
189.1 1846036
189.9 1846036
191.9 1846036
192.4 1846036
192.9 1846036
193.4 1846036
193.9 1846068
195.3 1846068
195.8 1846068
196.4 1846068
197.8 1846068
198.3 1846068
198.8 1846068
200.4 1846068
201.5 1846068
202.0 1846036
203.7 1846036
206.4 1846036
206.9 1846036
209.5 1846068
210.0 1851756
210.5 1851852
211.0 1851852
211.5 1852168
212.0 1851676
212.5 1852024
213.0 1851772
213.5 1851884
214.0 1851628
214.5 1851868
215.0 1852336
215.5 1851836
216.0 1851968
216.5 1851876
217.0 1851908
217.5 1852096
218.0 1852900
218.5 1852064
219.0 1851876
219.5 1851812
220.0 1852536
220.5 1852224
221.0 1852128
221.5 1852048
222.0 1852144
222.5 1851876
223.0 1851780
223.5 1851860
224.0 1851780
224.5 1851908
225.0 1851640
225.5 1851452
226.0 1851388
226.5 1851608
227.0 1851560
227.5 1851576
228.0 1851732
228.5 1851828
229.0 1851796
229.5 1851860
230.0 1852032
230.5 1852096
231.0 1852032
231.5 1851968
232.0 1845948
235.1 1845948
235.6 1845948
236.1 1845948
238.2 1845948
238.7 1845916
240.1 1845916
240.6 1845916
241.9 1845980
243.0 1845980
243.5 1845980
244.3 1845980
245.0 1845980
245.5 1845980
246.0 1845980
246.5 1845980
247.0 1845948
247.5 1845948
248.2 1845948
248.7 1845948
249.2 1845948
249.7 1845948
250.2 1846012
250.7 1845980
251.8 1845980
252.6 1845980
254.1 1845980
254.6 1850272
255.1 1851844
255.6 1851520
256.1 1851724
256.6 1851724
257.1 1851932
257.6 1851740
258.1 1852056
258.6 1851912
259.1 1852024
259.6 1851952
260.1 1851796
260.6 1852112
261.1 1852032
261.6 1852080
262.1 1851860
262.6 1851904
263.1 1852364
263.6 1851892
264.1 1852208
264.6 1851624
265.1 1851544
265.6 1851764
266.1 1851672
266.6 1852192
267.1 1852160
267.6 1852268
268.1 1852160
268.6 1852032
269.1 1852080
269.6 1852032
270.1 1852160
270.6 1851700
271.1 1851684
271.6 1851624
272.1 1851748
272.6 1851780
273.1 1852176
273.6 1851828
274.1 1851844
274.6 1851700
275.1 1851812
275.6 1852788
276.1 1852040
276.6 1852088
277.1 1851504
277.6 1851820
278.1 1846028
278.9 1846028
279.4 1846028
280.9 1845996
282.9 1845996
283.6 1845996
284.1 1845996
285.1 1845996
287.7 1846028
288.2 1846028
288.7 1846028
289.4 1845996
290.2 1845996
290.7 1845996
291.2 1845996
291.7 1845996
292.4 1845996
293.6 1845996
294.1 1845996
294.7 1845996
295.2 1845964
295.7 1845964
296.9 1846028
297.6 1846028
299.0 1846028
299.5 1846028
300.0 1851416
300.5 1851432
301.0 1851196
301.5 1851416
302.0 1851528
302.5 1851876
303.0 1852380
303.5 1852152
304.0 1851884
304.5 1851884
305.0 1851536
305.5 1851724
306.0 1851616
306.5 1851504
307.0 1851232
307.5 1851724
308.0 1851912
308.5 1851820
309.0 1852016
309.5 1851892
310.0 1851568
310.5 1851992
311.0 1851992
311.5 1851992
312.0 1852072
312.5 1852184
313.0 1851788
313.5 1852152
314.0 1852372
314.5 1851804
315.0 1852024
315.5 1851708
316.0 1852088
316.5 1852024
317.0 1851740
317.5 1851852
318.0 1851772
318.5 1851692
319.0 1851660
319.5 1851804
320.0 1851836
320.5 1851536
321.0 1851536
321.5 1851664
322.0 1851476
322.5 1851696
323.0 1847348
323.5 1846032
324.0 1846000
325.5 1846000
326.0 1846000
326.9 1846000
328.8 1846000
329.2 1846000
331.5 1846000
332.8 1846000
333.3 1846064
333.8 1846032
334.3 1846032
334.8 1846032
335.3 1846032
338.2 1846032
339.9 1846032
340.4 1846032
340.9 1846032
342.7 1846000
343.2 1846000
344.4 1846000
344.9 1851348
345.4 1851140
345.9 1851504
346.4 1851568
346.9 1850892
347.4 1851504
347.9 1851624
348.4 1851448
348.9 1851528
349.4 1851544
349.9 1852096
350.4 1851928
350.9 1851616
351.4 1851696
351.9 1851536
352.4 1851692
352.9 1851884
353.4 1851852
353.9 1852072
354.4 1852216
354.9 1852484
355.4 1851552
355.9 1851348
356.4 1850764
356.9 1851396
357.4 1851268
357.9 1851760
358.4 1851820
358.9 1851868
359.4 1851724
359.9 1852356
360.4 1852388
360.9 1852168
361.4 1851944
361.9 1852168
362.4 1852120
362.9 1852168
363.4 1852168
363.9 1852120
364.4 1852136
364.9 1851980
365.4 1852388
365.9 1851804
366.4 1851804
366.9 1852532
367.4 1852056
367.9 1851000
369.0 1845904
372.2 1845904
375.0 1845904
376.1 1845904
376.6 1845904
377.1 1845872
379.3 1845872
381.2 1845872
381.7 1845872
382.4 1845904
383.1 1845904
385.4 1845904
386.3 1845904
386.8 1845872
387.7 1845872
389.5 1845872
390.0 1851424
390.5 1851692
391.0 1851788
391.5 1851928
392.0 1851804
392.5 1851644
393.0 1851772
393.5 1851772
394.0 1851616
394.5 1851616
395.0 1851424
395.5 1851896
396.0 1852152
396.5 1851772
397.0 1851756
397.5 1851804
398.0 1851900
398.5 1852144
399.0 1851684
399.5 1851796
400.0 1852024
400.5 1852024
401.0 1851916
401.5 1852088
402.0 1852088
402.5 1852212
403.0 1851724
403.5 1851976
404.0 1851756
404.5 1851788
405.0 1852104
405.5 1851948
406.0 1851412
406.5 1851520
407.0 1851648
407.5 1852056
408.0 1852292
408.5 1852232
409.0 1851740
409.5 1852244
410.0 1852088
410.5 1852024
411.0 1852104
411.5 1851836
412.0 1852008
412.5 1851832
413.0 1851064
414.4 1845916
414.9 1845916
416.4 1845916
417.3 1845916
418.4 1845916
419.6 1845916
420.1 1845916
420.6 1845948
421.1 1845948
421.6 1845948
422.4 1845948
424.2 1845948
425.8 1845948
426.8 1845948
427.7 1845916
428.2 1845916
429.7 1845916
430.2 1845916
430.7 1845916
431.6 1845948
433.3 1845948
434.5 1845948
435.0 1851960
435.5 1851876
436.0 1852032
436.5 1851888
437.0 1851844
437.5 1852000
438.0 1852236
438.5 1852112
439.0 1851984
439.5 1851844
440.0 1851924
440.5 1852112
441.0 1852032
441.5 1852048
442.0 1851892
442.5 1851812
443.0 1851812
443.5 1852176
444.0 1852128
444.5 1851844
445.0 1852104
445.5 1851884
446.0 1851916
446.5 1851976
447.0 1851740
447.5 1851804
448.0 1851772
448.5 1851820
449.0 1851964
449.5 1851456
450.0 1851908
450.5 1851844
451.0 1851860
451.5 1851908
452.0 1851936
452.5 1851624
453.0 1851924
453.5 1851624
454.0 1851736
454.5 1851512
455.0 1851784
455.5 1852036
456.0 1851880
456.5 1851420
457.0 1851816
457.5 1852020
458.0 1849748
459.4 1845960
459.9 1845960
460.6 1845928
461.1 1845928
463.2 1845928
463.7 1845928
465.0 1845960
466.6 1845960
468.4 1845960
469.5 1845928
472.9 1845928
473.7 1845928
474.2 1845928
474.9 1845928
477.8 1845928
478.6 1845928
479.2 1845928
479.7 1853224
480.2 1851736
480.7 1851456
481.2 1851580
481.7 1851388
482.2 1851360
482.7 1851652
483.2 1851144
483.7 1851516
484.2 1851596
484.7 1851396
485.2 1851112
485.7 1851364
486.2 1851048
486.7 1851300
487.2 1851364
487.7 1851220
488.2 1850968
488.7 1851760
489.2 1851680
489.7 1851712
490.2 1851684
490.7 1851620
491.2 1851760
491.7 1851776
492.2 1851904
492.7 1852108
493.2 1851824
493.7 1851696
494.2 1852028
494.7 1851628
495.2 1851520
495.7 1851900
496.2 1852404
496.7 1852032
497.2 1852096
497.7 1852112
498.2 1851748
498.7 1852160
499.2 1852032
499.7 1852080
500.2 1851744
500.7 1851968
501.2 1852096
501.7 1852064
502.2 1851716
502.7 1852032
503.2 1845784
503.8 1845784
505.9 1845780
506.4 1845780
506.9 1845780
507.4 1845812
507.9 1845812
508.6 1845812
509.9 1845812
511.4 1845780
512.1 1845780
512.9 1845780
513.4 1845780
514.3 1845780
514.8 1845780
515.3 1845780
516.5 1845780
517.1 1845748
517.7 1845748
518.2 1845748
519.8 1845812
520.3 1845812
520.8 1845812
521.3 1845812
521.9 1845812
522.4 1845812
522.9 1845780
523.4 1845780
523.9 1845780
524.4 1845780
524.9 1851752
525.4 1851816
525.9 1851664
526.4 1851796
526.9 1851832
527.4 1852052
527.9 1852100
528.4 1852112
528.9 1851832
529.4 1851640
529.9 1851996
530.4 1851792
530.9 1852140
531.4 1851996
531.9 1851916
532.4 1851920
532.9 1851556
533.4 1851824
533.9 1851696
534.4 1851648
534.9 1851248
535.4 1851280
535.9 1851216
536.4 1851248
536.9 1851312
537.4 1851296
537.9 1851216
538.4 1851200
538.9 1851484
539.4 1851500
539.9 1851668
540.4 1851780
540.9 1851780
541.4 1851668
541.9 1851684
542.4 1851560
542.9 1851636
543.4 1852528
543.9 1852932
544.4 1852112
544.9 1852056
545.4 1851788
545.9 1851848
546.4 1851676
546.9 1851912
547.4 1851788
547.9 1846904
548.4 1845872
549.7 1845872
550.2 1845840
551.9 1845836
552.5 1845836
553.0 1845836
553.5 1845836
554.2 1845836
554.7 1845868
555.2 1845868
556.2 1845868
556.7 1845868
557.7 1845836
558.2 1845836
558.8 1845836
559.3 1845836
559.8 1845836
560.6 1845836
561.2 1845836
562.4 1845836
563.2 1845804
563.7 1845804
564.3 1845868
565.2 1845868
565.7 1845868
566.3 1845868
566.8 1845868
567.3 1845868
567.9 1845868
568.6 1845868
569.1 1845836
569.6 1847724
570.1 1851256
570.6 1851332
571.1 1851556
571.6 1852232
572.1 1851712
572.6 1852044
573.1 1852076
573.6 1851744
574.1 1851604
574.6 1851520
575.1 1851388
575.6 1851512
576.1 1851464
576.6 1851700
577.1 1852080
577.6 1851812
578.1 1851904
578.6 1852144
579.1 1851984
579.6 1851620
580.1 1851820
580.6 1851944
581.1 1852088
581.6 1851440
582.1 1851608
582.6 1850896
583.1 1851072
583.6 1851116
584.1 1851228
584.6 1851008
585.1 1851600
585.6 1852072
586.1 1851644
586.6 1851660
587.1 1851756
587.6 1851628
588.1 1852164
588.6 1851960
589.1 1852072
589.6 1852168
590.1 1851228
590.6 1851056
591.1 1850896
591.6 1850816
592.1 1851356
592.6 1851792
593.1 1845632
595.0 1845628
595.5 1845628
596.0 1845628
596.5 1845628
597.8 1845660
599.6 1845660
600.1 1845628
600.9 1845628
601.4 1845628
603.1 1845628
603.6 1845628
606.3 1845628
609.8 1845628
610.3 1845628
610.8 1845596
611.3 1845596
614.5 1845660
615.0 1851624
615.5 1851892
616.0 1852052
616.5 1852368
617.0 1851528
617.5 1852320
618.0 1851704
618.5 1852004
619.0 1851972
619.5 1851800
620.0 1851888
620.5 1851872
621.0 1852204
621.5 1851588
622.0 1851856
622.5 1851652
623.0 1851668
623.5 1851920
624.0 1851620
624.5 1851984
625.0 1851644
625.5 1851628
626.0 1851268
626.5 1851408
627.0 1851584
627.5 1851456
628.0 1851820
628.5 1851848
629.0 1851692
629.5 1852104
630.0 1851768
630.5 1851640
631.0 1851752
631.5 1851752
632.0 1851608
632.5 1851656
633.0 1851832
633.5 1851592
634.0 1851752
634.5 1851544
635.0 1851228
635.5 1851212
636.0 1851228
636.5 1851148
637.0 1851588
637.5 1851368
638.0 1845784
638.5 1845784
639.2 1845784
640.5 1845780
641.3 1845780
641.8 1845780
642.3 1845780
642.9 1845780
645.2 1845748
645.7 1845748
646.7 1845748
647.2 1845748
649.0 1845748
649.5 1845780
650.0 1845780
650.6 1845780
652.5 1845748
654.3 1845748
654.8 1845748
655.3 1845748
658.1 1845748
659.5 1845748
660.0 1851468
660.5 1852168
661.0 1851916
661.5 1851840
662.0 1851680
662.5 1851996
663.0 1852028
663.5 1851964
664.0 1851996
664.5 1852076
665.0 1851992
665.5 1852120
666.0 1851628
666.5 1851252
667.0 1851488
667.5 1851756
668.0 1851692
668.5 1851868
669.0 1851392
669.5 1851272
670.0 1851776
670.5 1851760
671.0 1851744
671.5 1851664
672.0 1851316
672.5 1851824
673.0 1851712
673.5 1851836
674.0 1851696
674.5 1851728
675.0 1852212
675.5 1851672
676.0 1851896
676.5 1852196
677.0 1852072
677.5 1851912
678.0 1851912
678.5 1851960
679.0 1852352
679.5 1851912
680.0 1851828
680.5 1851892
681.0 1852304
681.5 1851972
682.0 1852272
682.5 1851828
683.0 1845944
686.1 1845908
686.6 1845908
687.1 1845908
688.5 1845908
689.5 1845908
690.1 1845908
690.6 1845908
692.3 1845908
693.0 1845908
693.5 1845876
694.0 1845876
694.5 1845940
696.6 1845940
698.4 1845940
699.1 1845940
700.4 1845940
700.9 1845940
701.6 1845908
702.1 1845908
703.3 1845908
703.8 1845908
704.5 1845908
705.0 1852080
705.5 1852156
706.0 1851824
706.5 1851872
707.0 1851888
707.5 1852032
708.0 1851952
708.5 1851872
709.0 1851856
709.5 1851968
710.0 1852152
710.5 1851980
711.0 1852056
711.5 1851900
712.0 1851932
712.5 1851648
713.0 1851552
713.5 1851820
714.0 1851632
714.5 1851900
715.0 1852256
715.5 1851828
716.0 1851940
716.5 1851560
717.0 1852112
717.5 1852096
718.0 1851764
718.5 1851860
719.0 1851844
719.5 1851780
720.0 1851808
720.5 1851872
721.0 1851748
721.5 1851668
722.0 1851604
722.5 1851684
723.0 1851228
723.5 1851076
724.0 1851840
724.5 1851668
725.0 1852076
725.5 1851900
726.0 1851916
726.5 1851916
727.0 1852076
727.5 1852008
728.0 1846072
728.5 1846072
730.1 1846072
730.6 1846068
732.0 1846068
733.7 1846036
737.4 1846036
738.3 1846036
738.9 1846036
740.2 1846036
740.7 1846036
741.9 1846036
742.4 1846036
745.0 1846068
745.5 1846068
746.0 1846068
746.5 1846068
748.6 1846068
749.1 1846068
749.6 1846068
750.1 1851636
750.6 1851744
751.1 1851636
751.6 1851856
752.1 1851984
752.6 1852516
753.1 1852228
753.6 1851784
754.1 1852024
754.6 1852008
755.1 1852012
755.6 1851856
756.1 1851904
756.6 1851636
757.1 1852076
757.6 1850932
758.1 1851620
758.6 1851400
759.1 1851496
759.6 1851352
760.1 1851776
760.6 1851728
761.1 1851964
761.6 1852248
762.1 1852200
762.6 1852328
763.1 1851980
763.6 1851868
764.1 1851916
764.6 1851772
765.1 1851788
765.6 1851628
766.1 1851392
766.6 1851756
767.1 1851472
767.6 1851188
768.1 1851172
768.6 1851344
769.1 1851628
769.6 1851944
770.1 1851888
770.6 1851588
771.1 1851824
771.6 1851696
772.1 1851792
772.6 1851760
773.1 1845940
775.5 1845872
776.0 1845872
777.0 1845936
778.1 1845936
778.7 1845936
779.2 1845936
779.9 1845936
783.4 1845936
784.4 1845904
784.9 1845904
786.2 1845904
788.4 1845904
789.9 1845904
790.9 1845904
791.4 1845936
792.9 1845936
793.6 1845904
794.5 1845904
795.0 1851876
795.5 1851672
796.0 1852320
796.5 1851860
797.0 1851988
797.5 1851876
798.0 1851924
798.5 1851828
799.0 1851752
799.5 1851940
800.0 1851952
800.5 1851684
801.0 1852376
801.5 1852016
802.0 1852108
802.5 1851808
803.0 1851936
803.5 1851780
804.0 1851684
804.5 1851716
805.0 1851268
805.5 1851348
806.0 1852280
806.5 1852064
807.0 1851828
807.5 1851892
808.0 1851592
808.5 1851244
809.0 1851244
809.5 1851688
810.0 1851552
810.5 1851664
811.0 1851964
811.5 1851392
812.0 1851772
812.5 1851792
813.0 1851868
813.5 1852168
814.0 1852044
814.5 1852028
815.0 1851640
815.5 1851892
816.0 1851876
816.5 1852144
817.0 1851892
817.5 1851764
818.0 1845896
818.6 1845896
819.1 1845896
821.2 1845924
823.0 1845924
823.7 1845924
824.4 1845924
826.3 1845924
826.8 1845892
827.3 1845892
827.8 1845892
829.4 1845892
829.9 1845892
831.6 1845892
834.7 1845892
836.4 1845892
838.4 1845924
839.5 1845924
840.0 1851360
840.5 1851140
841.0 1851124
841.5 1851108
842.0 1851284
842.5 1851788
843.0 1851848
843.5 1851612
844.0 1851676
844.5 1851092
845.0 1851100
845.5 1851336
846.0 1851276
846.5 1851620
847.0 1851840
847.5 1851856
848.0 1852124
848.5 1852092
849.0 1851856
849.5 1851792
850.0 1851896
850.5 1852196
851.0 1852100
851.5 1852164
852.0 1852004
852.5 1852004
853.0 1852448
853.5 1852132
854.0 1851736
854.5 1851704
855.0 1852108
855.5 1851904
856.0 1851808
856.5 1851952
857.0 1851572
857.5 1851776
858.0 1851812
858.5 1851588
859.0 1851808
859.5 1851540
860.0 1851420
860.5 1851644
861.0 1851564
861.5 1851612
862.0 1851484
862.5 1851720
863.0 1845692
864.6 1845692
865.1 1845692
868.0 1845684
868.5 1845684
869.0 1845684
869.6 1845652
870.1 1845652
870.6 1845652
872.4 1845652
872.9 1845652
874.7 1845684
875.2 1845684
875.7 1845684
879.3 1845652
881.1 1845652
882.9 1845652
883.4 1845652
883.9 1845652
884.4 1845652
884.9 1851736
885.4 1851532
885.9 1851500
886.4 1851724
886.9 1851832
887.4 1851768
887.9 1851736
888.4 1851828
888.9 1851784
889.4 1851500
889.9 1852012
890.4 1851888
890.9 1851696
891.4 1851920
891.9 1851272
892.4 1851604
892.9 1851556
893.4 1851840
893.9 1852092
894.4 1852028
894.9 1852116
895.4 1852020
895.9 1852084
896.4 1852036
896.9 1852116
897.4 1851988
897.9 1852148
898.4 1852020
898.9 1852052
899.4 1851704
899.9 1851792
900.4 1851712
900.9 1851792
901.4 1851696
901.9 1851824
902.4 1851688
902.9 1851704
903.4 1851736
903.9 1851564
904.4 1851548
904.9 1852156
905.4 1852012
905.9 1852296
906.4 1852044
906.9 1851808
907.4 1851760
907.9 1845892
908.4 1845892
908.9 1845892
910.7 1845884
912.6 1845852
914.5 1845852
916.3 1845916
918.2 1845916
920.1 1845916
925.4 1845916
925.9 1845884
926.4 1845884
926.9 1845884
929.5 1845884
930.0 1852092
930.5 1851680
931.0 1852264
931.5 1852028
932.0 1851856
932.5 1851776
933.0 1851792
933.5 1851728
934.0 1851232
934.5 1852296
935.0 1852036
935.5 1851864
936.0 1851688
936.5 1851640
937.0 1851844
937.5 1851876
938.0 1851720
938.5 1851832
939.0 1851736
939.5 1851752
940.0 1851632
940.5 1851568
941.0 1851208
941.5 1851240
942.0 1851224
942.5 1851224
943.0 1851016
943.5 1851560
944.0 1851368
944.5 1851288
945.0 1851456
945.5 1851756
946.0 1851328
946.5 1851172
947.0 1851376
947.5 1851348
948.0 1851584
948.5 1851392
949.0 1851692
949.5 1851772
950.0 1851776
950.5 1851776
951.0 1851616
951.5 1852276
952.0 1851696
952.5 1851808
953.0 1846008
953.5 1846008
954.0 1846008
957.5 1845968
961.1 1845968
964.7 1845968
966.5 1845968
967.0 1845968
967.9 1845968
971.5 1846000
973.3 1846000
974.5 1846000
975.0 1851120
975.5 1851704
976.0 1851564
976.5 1851612
977.0 1851672
977.5 1852100
978.0 1852320
978.5 1852036
979.0 1851624
979.5 1851848
980.0 1851932
980.5 1852024
981.0 1852168
981.5 1852024
982.0 1851884
982.5 1852008
983.0 1851912
983.5 1851976
984.0 1851756
984.5 1851788
985.0 1852140
985.5 1852112
986.0 1852048
986.5 1852236
987.0 1851732
987.5 1851984
988.0 1852128
988.5 1852268
989.0 1851652
989.5 1852080
990.0 1852000
990.5 1851984
991.0 1851892
991.5 1852300
992.0 1851684
992.5 1851764
993.0 1852064
993.5 1852192
994.0 1852000
994.5 1851876
995.0 1853008
995.5 1852188
996.0 1852272
996.5 1851812
997.0 1851732
997.5 1851828
998.0 1845720
998.5 1845720
999.0 1845720
1000.0 1845720
1001.8 1845720
1003.6 1845720
1004.1 1845688
1004.9 1845688
1005.4 1845688
1005.9 1845688
1006.7 1845688
1007.3 1845688
1007.8 1845688
1008.3 1845688
1008.8 1845752
1009.3 1845720
1009.8 1845720
1010.3 1845720
1010.8 1845720
1011.6 1845720
1012.1 1845720
1013.8 1845720
1014.3 1845720
1015.1 1845720
1016.2 1845688
1016.7 1845688
1017.2 1845688
1017.9 1845688
1018.4 1845720
1018.9 1845720
1019.5 1845720
1020.0 1851740
1020.5 1851756
1021.0 1851596
1021.5 1851896
1022.0 1851644
1022.5 1852104
1023.0 1852372
1023.5 1851960
1024.0 1852008
1024.5 1851584
1025.0 1851480
1025.5 1851876
1026.0 1851464
1026.5 1851560
1027.0 1851764
1027.5 1851164
1028.0 1851052
1028.5 1850928
1029.0 1851228
1029.5 1851572
1030.0 1851856
1030.5 1851744
1031.0 1851444
1031.5 1851776
1032.0 1851160
1032.5 1851948
1033.0 1851620
1033.5 1851516
1034.0 1851360
1034.5 1851564
1035.0 1851432
1035.5 1851908
1036.0 1851844
1036.5 1851716
1037.0 1851936
1037.5 1851856
1038.0 1851856
1038.5 1851968
1039.0 1852048
1039.5 1851716
1040.0 1852296
1040.5 1851856
1041.0 1851932
1041.5 1852688
1042.0 1852028
1042.5 1852280
1043.0 1845960
1043.5 1845960
1044.5 1845960
1045.0 1845928
1045.5 1845924
1046.0 1845924
1047.4 1845924
1048.0 1845924
1048.5 1845924
1049.0 1845924
1049.7 1845956
1050.2 1845956
1050.9 1845924
1051.4 1845924
1051.9 1845924
1052.5 1845924
1053.0 1845924
1053.5 1845924
1054.0 1845924
1054.5 1845924
1055.0 1845924
1056.0 1845892
1056.5 1845892
1057.0 1845892
1057.8 1845956
1058.8 1845956
1059.3 1845956
1059.8 1845956
1060.5 1845956
1061.0 1845956
1061.8 1845956
1062.3 1845924
1062.8 1845924
1064.0 1845924
1064.5 1845924
1065.0 1852136
1065.5 1852128
1066.0 1851684
1066.5 1851716
1067.0 1851432
1067.5 1851524
1068.0 1851528
1068.5 1852000
1069.0 1851984
1069.5 1851716
1070.0 1851924
1070.5 1851640
1071.0 1851640
1071.5 1851784
1072.0 1852100
1072.5 1851720
1073.0 1851924
1073.5 1851924
1074.0 1851784
1074.5 1851768
1075.0 1851764
1075.5 1852096
1076.0 1852000
1076.5 1851928
1077.0 1852008
1077.5 1851628
1078.0 1851220
1078.5 1851632
1079.0 1851424
1079.5 1851220
1080.0 1851436
1080.5 1851436
1081.0 1851532
1081.5 1851752
1082.0 1851972
1082.5 1851956
1083.0 1852020
1083.5 1851924
1084.0 1851892
1084.5 1852112
1085.0 1851852
1085.5 1851992
1086.0 1851896
1086.5 1851804
1087.0 1851124
1087.5 1851392
1088.0 1849376
1088.5 1845888
1089.0 1845888
1089.5 1845888
1090.0 1845888
1090.5 1845884
1091.0 1845852
1091.5 1845852
1092.0 1845852
1092.5 1845852
1093.0 1845852
1093.5 1845852
1094.3 1845884
1094.8 1845884
1095.3 1845884
1095.8 1845884
1096.3 1845884
1097.2 1845852
1098.0 1845852
1098.5 1845852
1099.8 1845852
1100.3 1845852
1100.8 1845852
1101.3 1845852
1101.8 1845852
1102.9 1845820
1103.4 1845820
1103.9 1845884
1104.4 1845884
1104.9 1845884
1105.4 1845884
1105.9 1845884
1106.5 1845884
1107.0 1845884
1107.5 1845884
1108.2 1845852
1108.7 1845852
1109.2 1845852
1109.7 1845852
1110.2 1851712
1110.7 1851600
1111.2 1851600
1111.7 1851696
1112.2 1851728
1112.7 1851508
1113.2 1851428
1113.7 1851712
1114.2 1851648
1114.7 1851728
1115.2 1851344
1115.7 1851360
1116.2 1851376
1116.7 1851912
1117.2 1851816
1117.7 1851600
1118.2 1851992
1118.7 1851560
1119.2 1851684
1119.7 1851968
1120.2 1851752
1120.7 1851608
1121.2 1851388
1121.7 1851376
1122.2 1851644
1122.7 1851720
1123.2 1851816
1123.7 1851704
1124.2 1851436
1124.7 1851656
1125.2 1851796
1125.7 1851952
1126.2 1851480
1126.7 1851668
1127.2 1851732
1127.7 1851524
1128.2 1852016
1128.7 1852032
1129.2 1852032
1129.7 1852204
1130.2 1852060
1130.7 1851916
1131.2 1851664
1131.7 1852012
1132.2 1852076
1132.7 1851932
1133.2 1845976
1133.7 1845848
1134.2 1845848
1135.4 1845848
1135.9 1845844
1136.7 1845812
1137.3 1845812
1138.3 1845812
1139.1 1845812
1140.1 1845812
1140.6 1845812
1141.4 1845812
1142.1 1845844
1142.8 1845844
1143.8 1845812
1144.4 1845812
1145.6 1845812
1146.5 1845812
1147.2 1845812
1148.4 1845812
1148.9 1845812
1150.2 1845812
1150.7 1845812
1151.5 1845780
1152.0 1845780
1152.5 1845780
1153.8 1845844
1154.5 1845844
1155.0 1851872
1155.5 1851780
1156.0 1851296
1156.5 1851928
1157.0 1851772
1157.5 1851472
1158.0 1851124
1158.5 1850872
1159.0 1851220
1159.5 1850856
1160.0 1850916
1160.5 1851420
1161.0 1851168
1161.5 1851516
1162.0 1851848
1162.5 1851040
1163.0 1851104
1163.5 1851152
1164.0 1851816
1164.5 1851528
1165.0 1851588
1165.5 1851652
1166.0 1851904
1166.5 1852060
1167.0 1851776
1167.5 1852236
1168.0 1851684
1168.5 1851888
1169.0 1852016
1169.5 1851636
1170.0 1851680
1170.5 1852168
1171.0 1851852
1171.5 1851520
1172.0 1851760
1172.5 1852152
1173.0 1852088
1173.5 1851536
1174.0 1851444
1174.5 1851916
1175.0 1852356
1175.5 1851612
1176.0 1851944
1176.5 1852068
1177.0 1852196
1177.5 1851596
1178.0 1850344
1178.5 1846168
1179.0 1846168
1179.5 1846168
1180.0 1846168
1180.5 1846168
1181.0 1846132
1181.5 1846132
1182.0 1846132
1182.5 1846196
1183.1 1846196
1183.6 1846196
1184.1 1846196
1184.6 1846196
1185.1 1846164
1185.8 1846164
1186.3 1846164
1186.8 1846164
1187.3 1846164
1187.8 1846164
1188.3 1846164
1188.8 1846164
1189.3 1846164
1189.8 1846164
1190.3 1846196
1190.8 1846196
1191.3 1846196
1191.8 1846196
1192.3 1846196
1192.8 1846196
1193.3 1846196
1193.8 1846196
1194.3 1846196
1194.8 1846164
1195.3 1846164
1195.8 1846164
1196.3 1846164
1196.8 1846164
1197.3 1846164
1197.8 1846196
1198.3 1846196
1198.8 1846196
1199.3 1846164
1199.8 1851932
1200.3 1851868
1200.8 1851680
1201.3 1852012
1201.8 1851972
1202.3 1852192
1202.8 1852192
1203.3 1851976
1203.8 1852208
1204.3 1851988
1204.8 1851748
1205.3 1851572
1205.8 1851876
1206.3 1851732
1206.8 1852000
1207.3 1852032
1207.8 1851872
1208.3 1851856
1208.8 1851700
1209.3 1851700
1209.8 1851600
1210.3 1851808
1210.8 1851572
1211.3 1851492
1211.8 1851300
1212.3 1851192
1212.8 1851096
1213.3 1851048
1213.8 1851112
1214.3 1851648
1214.8 1851804
1215.3 1851896
1215.8 1851960
1216.3 1851896
1216.8 1851724
1217.3 1851756
1217.8 1851912
1218.3 1851944
1218.8 1851976
1219.3 1851960
1219.8 1851528
1220.3 1851972
1220.8 1851956
1221.3 1852020
1221.8 1851956
1222.3 1851988
1222.8 1852176
1223.3 1845992
1223.8 1845992
1224.4 1845992
1224.9 1845988
1225.4 1845988
1225.9 1845988
1226.4 1845988
1226.9 1845988
1227.4 1846020
1228.0 1846020
1228.5 1846020
1229.0 1846020
1229.5 1846020
1230.0 1846020
1230.5 1846020
1231.0 1846020
1231.5 1846020
1232.0 1846020
1232.5 1846020
1233.0 1845988
1233.5 1845988
1234.0 1845988
1234.5 1845988
1235.0 1845988
1235.5 1845988
1236.0 1845988
1236.5 1846020
1237.0 1845988
1237.6 1845988
1238.1 1845988
1238.6 1845988
1239.1 1845988
1239.6 1845988
1240.1 1845988
1240.7 1845988
1241.2 1845988
1241.7 1845988
1242.2 1845988
1242.7 1846020
1243.2 1846020
1243.7 1846020
1244.2 1846020
1244.7 1851792
1245.2 1851732
1245.7 1852000
1246.2 1852300
1246.7 1851872
1247.2 1851888
1247.7 1851732
1248.2 1851400
1248.7 1851888
1249.2 1851256
1249.7 1851600
1250.2 1851288
1250.7 1851352
1251.2 1851572
1251.7 1851568
1252.2 1851820
1252.7 1852028
1253.2 1852044
1253.7 1851616
1254.2 1851680
1254.7 1851596
1255.2 1851612
1255.7 1851740
1256.2 1851644
1256.7 1852148
1257.2 1852036
1257.7 1852228
1258.2 1851928
1258.7 1851660
1259.2 1851960
1259.7 1851640
1260.2 1852412
1260.7 1851940
1261.2 1851860
1261.7 1852036
1262.2 1852236
1262.7 1851608
1263.2 1851656
1263.7 1851560
1264.2 1851624
1264.7 1851920
1265.2 1852140
1265.7 1852108
1266.2 1851968
1266.7 1852268
1267.2 1852044
1267.7 1851808
1268.2 1845820
1268.7 1845820
1269.2 1845820
1269.7 1845820
1270.2 1845848
1270.7 1845848
1271.2 1845848
1271.7 1845848
1272.2 1845848
1272.7 1845848
1273.2 1845848
1273.7 1845848
1274.2 1845816
1274.7 1845816
1275.2 1845816
1275.7 1845816
1276.2 1845816
1276.7 1845816
1277.2 1845816
1277.7 1845816
1278.2 1845816
1278.7 1845816
1279.2 1845816
1279.7 1845816
1280.2 1845816
1280.7 1845816
1281.2 1845816
1281.8 1845816
1282.2 1845816
1282.8 1845816
1283.2 1845816
1283.8 1845784
1284.2 1845784
1284.8 1845784
1285.2 1845848
1285.8 1845848
1286.2 1845848
1286.8 1845848
1287.2 1845848
1287.8 1845848
1288.2 1845848
1288.8 1845816
1289.2 1845816
1289.8 1852748
1290.2 1851668
1290.8 1852036
1291.2 1851656
1291.8 1851364
1292.2 1851428
1292.8 1851712
1293.2 1851540
1293.8 1851364
1294.2 1851128
1294.8 1851352
1295.2 1851480
1295.8 1851668
1296.2 1851936
1296.8 1851856
1297.2 1851888
1297.8 1852436
1298.2 1852408
1298.8 1852188
1299.2 1852124
1299.8 1852276
1300.2 1851868
1300.8 1851696
1301.2 1851520
1301.8 1851820
1302.2 1851836
1302.8 1851488
1303.2 1851680
1303.8 1851584
1304.2 1851616
1304.8 1851580
1305.2 1851408
1305.8 1851856
1306.2 1851936
1306.8 1851288
1307.2 1851824
1307.8 1851840
1308.2 1851792
1308.8 1852204
1309.2 1851620
1309.8 1851408
1310.2 1852192
1310.8 1851924
1311.2 1852036
1311.8 1852208
1312.2 1851972
1312.8 1851956
1313.2 1846108
1313.9 1846108
1314.5 1846108
1315.0 1846140
1315.5 1846136
1316.1 1846104
1316.6 1846104
1317.1 1846104
1317.6 1846104
1318.1 1846104
1318.8 1846104
1319.3 1846104
1319.8 1846104
1320.3 1846104
1320.8 1846072
1321.3 1846072
1321.8 1846072
1322.3 1846072
1322.8 1846136
1323.3 1846136
1323.8 1846136
1324.3 1846136
1324.8 1846136
1325.3 1846136
1325.8 1846104
1326.3 1846104
1326.8 1846104
1327.3 1846104
1327.8 1846104
1328.5 1846104
1329.0 1846104
1329.5 1846104
1330.0 1846168
1330.5 1846136
1331.0 1846136
1331.5 1846136
1332.0 1846136
1332.5 1846136
1333.0 1846136
1333.5 1846136
1334.0 1846136
1334.5 1846136
1335.0 1852420
1335.5 1851936
1336.0 1851872
1336.5 1851492
1337.0 1851920
1337.5 1852312
1338.0 1851888
1338.5 1852012
1339.0 1851936
1339.5 1852012
1340.0 1852152
1340.5 1852088
1341.0 1851676
1341.5 1852104
1342.0 1852136
1342.5 1852024
1343.0 1851816
1343.5 1851964
1344.0 1851740
1344.5 1851740
1345.0 1852004
1345.5 1852020
1346.0 1851752
1346.5 1852036
1347.0 1852148
1347.5 1851612
1348.0 1851672
1348.5 1851956
1349.0 1852096
1349.5 1852196
1350.0 1851788
1350.5 1851916
1351.0 1851772
1351.5 1851500
1352.0 1851948
1352.5 1851740
1353.0 1852404
1353.5 1852088
1354.0 1851916
1354.5 1852168
1355.0 1852424
1355.5 1852140
1356.0 1851904
1356.5 1851872
1357.0 1846240
1357.5 1846240
1358.0 1846240
1358.5 1846240
1359.1 1846208
1359.6 1846208
1360.1 1846208
1360.6 1846204
1361.1 1846204
1361.6 1846204
1362.1 1846204
1362.6 1846204
1363.1 1846204
1363.6 1846172
1364.1 1846172
1364.6 1846236
1365.1 1846236
1365.6 1846236
1366.1 1846236
1366.6 1846236
1367.1 1846236
1367.6 1846204
1368.1 1846204
1368.6 1846204
1369.1 1846204
1369.6 1846204
1370.1 1846204
1370.6 1846204
1371.1 1846204
1371.6 1846204
1372.1 1846236
1372.6 1846236
1373.1 1846236
1373.6 1846236
1374.1 1846236
1374.6 1846236
1375.1 1846236
1375.6 1846236
1376.1 1846236
1376.6 1846236
1377.1 1846236
1377.6 1846204
1378.1 1846204
1378.6 1846204
1379.1 1846204
1379.6 1849488
1380.1 1852200
1380.6 1852400
1381.1 1851804
1381.6 1851868
1382.1 1851568
1382.6 1851536
1383.1 1851868
1383.6 1852232
1384.1 1852200
1384.6 1852028
1385.1 1852076
1385.6 1851968
1386.1 1851744
1386.6 1852068
1387.1 1851800
1387.6 1851800
1388.1 1851928
1388.6 1852200
1389.1 1851948
1389.6 1851332
1390.1 1852248
1390.6 1851852
1391.1 1852040
1391.6 1851756
1392.1 1852136
1392.6 1851852
1393.1 1851836
1393.6 1851836
1394.1 1851852
1394.6 1851988
1395.1 1851420
1395.6 1852052
1396.1 1851800
1396.6 1851940
1397.1 1851928
1397.6 1851800
1398.1 1851660
1398.6 1851452
1399.1 1851596
1399.6 1851592
1400.1 1851432
1400.6 1851688
1401.1 1851608
1401.6 1851292
1402.1 1845288
1402.6 1845288
1403.1 1845288
1403.6 1845288
1404.1 1845288
1404.6 1845288
1405.1 1845256
1405.7 1845252
1406.2 1845316
1406.7 1845316
1407.2 1845316
1407.7 1845316
1408.2 1845316
1408.7 1845316
1409.2 1845316
1409.7 1845284
1410.2 1845284
1410.7 1845284
1411.2 1845284
1411.7 1845284
1412.2 1845284
1412.7 1845284
1413.2 1845316
1413.7 1845316
1414.2 1845316
1414.7 1845284
1415.2 1845284
1415.7 1845284
1416.2 1845284
1416.7 1845284
1417.3 1845284
1417.8 1845284
1418.3 1845284
1418.8 1845284
1419.3 1845284
1419.8 1845252
1420.3 1845252
1420.9 1845316
1421.4 1845316
1421.9 1845316
1422.4 1845316
1422.9 1845316
1423.4 1845316
1423.9 1845284
1424.4 1845284
1424.9 1851256
1425.4 1851304
1425.9 1851636
1426.4 1851588
1426.9 1851084
1427.4 1851276
1427.9 1851004
1428.4 1851224
1428.9 1851144
1429.4 1851288
1429.9 1851300
1430.4 1851720
1430.9 1851844
1431.4 1851732
1431.9 1852064
1432.4 1851748
1432.9 1852032
1433.4 1852080
1433.9 1852224
1434.4 1851812
1434.9 1851572
1435.4 1851036
1435.9 1850988
1436.4 1850972
1436.9 1851224
1437.4 1851460
1437.9 1851980
1438.4 1851588
1438.9 1851808
1439.4 1851792
1439.9 1851784
1440.4 1851988
1440.9 1851752
1441.4 1851896
1441.9 1851908
1442.4 1851896
1442.9 1851848
1443.4 1852100
1443.9 1852180
1444.4 1852100
1444.9 1851644
1445.4 1852144
1445.9 1852196
1446.4 1852008
1446.9 1845880
1447.5 1845848
1448.1 1845848
1448.6 1845848
1449.1 1845848
1449.6 1845848
1450.1 1845848
1450.6 1845840
1451.1 1845840
1451.6 1845840
1452.1 1845872
1452.6 1845872
1453.1 1845872
1453.6 1845872
1454.1 1845872
1454.6 1845872
1455.1 1845872
1455.6 1845872
1456.1 1845872
1456.6 1845840
1457.1 1845840
1457.6 1845840
1458.1 1845840
1458.6 1845840
1459.1 1845840
1459.6 1845872
1460.1 1845872
1460.6 1845872
1461.1 1845872
1461.6 1845872
1462.1 1845840
1462.6 1845840
1463.1 1845840
1463.6 1845840
1464.1 1845840
1464.6 1845840
1465.1 1845840
1465.6 1845840
1466.1 1845808
1466.6 1845808
1467.1 1845808
1467.6 1845808
1468.1 1845872
1468.6 1845872
1469.1 1845872
1469.6 1847904
1470.1 1851656
1470.6 1852020
1471.1 1852068
1471.6 1852100
1472.1 1852052
1472.6 1851784
1473.1 1852036
1473.6 1851916
1474.1 1851712
1474.6 1851688
1475.1 1851924
1475.6 1851908
1476.1 1851860
1476.6 1851720
1477.1 1851956
1477.6 1851892
1478.1 1852100
1478.6 1852392
1479.1 1851728
1479.6 1851816
1480.1 1851832
1480.6 1852020
1481.1 1851656
1481.6 1851452
1482.1 1851736
1482.6 1852004
1483.1 1851704
1483.6 1851452
1484.1 1851768
1484.6 1851816
1485.1 1851776
1485.6 1851948
1486.1 1852108
1486.6 1851524
1487.1 1851504
1487.6 1851824
1488.1 1851776
1488.6 1851712
1489.1 1851524
1489.6 1851964
1490.1 1851548
1490.6 1851832
1491.1 1851848
1491.6 1851612
1492.1 1845764
1492.6 1845796
1493.1 1845796
1493.6 1845796
1494.1 1845796
1494.6 1845764
1495.1 1845764
1495.6 1845764
1496.1 1845756
1496.6 1845756
1497.1 1845756
1497.6 1845756
1498.1 1845756
1498.6 1845756
1499.1 1845756
1499.6 1845756
1500.1 1845788
1500.6 1845788
1501.1 1845788
1501.6 1845788
1502.1 1845788
1502.6 1845788
1503.1 1845788
1503.6 1845788
1504.1 1845756
1504.6 1845756
1505.1 1845756
1505.6 1845756
1506.1 1845756
1506.6 1845756
1507.1 1845756
1507.6 1845756
1508.1 1845788
1508.6 1845756
1509.1 1845756
1509.6 1845756
1510.1 1845756
1510.6 1845756
1511.1 1845756
1511.6 1845756
1512.1 1845756
1512.6 1845756
1513.1 1845724
1513.6 1845724
1514.1 1845724
1514.6 1845724
1515.1 1851800
1515.6 1852004
1516.1 1852088
1516.6 1851624
1517.1 1852208
1517.6 1852556
1518.1 1851976
1518.6 1852092
1519.1 1851932
1519.6 1852044
1520.1 1851956
1520.6 1852132
1521.1 1851736
1521.6 1851848
1522.1 1851704
1522.6 1851468
1523.1 1851548
1523.6 1851404
1524.1 1851436
1524.6 1851436
1525.1 1851996
1525.6 1852060
1526.1 1852012
1526.6 1851776
1527.1 1852028
1527.6 1852404
1528.1 1851556
1528.6 1851540
1529.1 1851460
1529.6 1851256
1530.1 1851104
1530.6 1851468
1531.1 1851912
1531.6 1852128
1532.1 1852020
1532.6 1852428
1533.1 1851592
1533.6 1851704
1534.1 1851324
1534.6 1852128
1535.1 1851948
1535.6 1852216
1536.1 1851772
1536.6 1852044
1537.1 1845968
1537.6 1845968
1538.1 1845968
1538.7 1845968
1539.2 1845968
1539.7 1845968
1540.2 1845968
1540.7 1846000
1541.2 1845992
1541.7 1845960
1542.2 1845960
1542.7 1845960
1543.2 1845960
1543.7 1845960
1544.2 1845960
1544.7 1845960
1545.2 1845960
1545.7 1845960
1546.2 1845960
1546.7 1845992
1547.2 1845992
1547.7 1845992
1548.3 1845992
1548.8 1845992
1549.3 1845992
1549.8 1845992
1550.3 1845992
1550.8 1845992
1551.3 1845960
1551.8 1845960
1552.3 1845960
1552.8 1845960
1553.3 1845960
1553.8 1845960
1554.3 1845992
1554.8 1845992
1555.3 1845992
1555.8 1845992
1556.3 1845960
1556.8 1845960
1557.3 1845960
1557.8 1845960
1558.3 1845960
1558.8 1845960
1559.3 1845960
1559.8 1845960
1560.3 1851292
1560.8 1850868
1561.3 1852068
1561.8 1851500
1562.3 1851640
1562.8 1852208
1563.3 1851640
1563.8 1851752
1564.3 1851388
1564.8 1852084
1565.3 1851804
1565.8 1851856
1566.3 1851964
1566.8 1851852
1567.3 1852736
1567.8 1852060
1568.3 1851916
1568.8 1851948
1569.3 1851996
1569.8 1851964
1570.3 1851844
1570.8 1852116
1571.3 1851372
1571.8 1851388
1572.3 1851744
1572.8 1851872
1573.3 1851744
1573.8 1852264
1574.3 1851820
1574.8 1851884
1575.3 1851592
1575.8 1851436
1576.3 1851404
1576.8 1851988
1577.3 1851688
1577.8 1851640
1578.3 1851768
1578.8 1851784
1579.3 1851420
1579.8 1851200
1580.3 1852312
1580.8 1851664
1581.3 1851964
1581.8 1851744
1582.3 1845888
1582.8 1845856
1583.3 1845856
1583.8 1845856
1584.3 1845856
1584.8 1845856
1585.3 1845848
1585.8 1845880
1586.3 1845880
1586.8 1845880
1587.3 1845848
1587.8 1845848
1588.3 1845848
1588.8 1845848
1589.3 1845848
1589.8 1845848
1590.3 1845848
1590.8 1845848
1591.3 1845848
1591.8 1845816
1592.3 1845816
1592.8 1845880
1593.3 1845880
1593.8 1845880
1594.3 1845880
1594.8 1845880
1595.3 1845880
1595.8 1845880
1596.3 1845880
1596.8 1845880
1597.3 1845848
1597.8 1845848
1598.3 1845848
1598.8 1845848
1599.3 1845848
1599.8 1845848
1600.3 1845880
1600.8 1845880
1601.3 1845848
1601.8 1845848
1602.3 1845848
1602.8 1845848
1603.3 1845848
1603.8 1845848
1604.3 1845848
1604.8 1851720
1605.3 1851468
1605.8 1850868
1606.3 1851664
1606.8 1851728
1607.3 1851696
1607.8 1852168
1608.3 1851916
1608.8 1851980
1609.3 1852120
1609.8 1852096
1610.3 1852208
1610.8 1852248
1611.3 1852272
1611.8 1851956
1612.3 1851988
1612.8 1851860
1613.3 1851924
1613.8 1851736
1614.3 1852208
1614.8 1851704
1615.3 1851468
1615.8 1851532
1616.3 1851608
1616.8 1851624
1617.3 1851420
1617.8 1851232
1618.3 1851136
1618.8 1851248
1619.3 1851232
1619.8 1851096
1620.3 1851300
1620.8 1851444
1621.3 1851332
1621.8 1852172
1622.3 1851932
1622.8 1851948
1623.3 1851900
1623.8 1851868
1624.3 1851856
1624.8 1852236
1625.3 1851972
1625.8 1851720
1626.3 1851828
1626.8 1845824
1627.3 1845824
1627.8 1845824
1628.4 1845824
1628.9 1845824
1629.4 1845824
1630.0 1845792
1630.5 1845784
1631.0 1845848
1631.5 1845848
1632.0 1845848
1632.6 1845848
1633.1 1845848
1633.6 1845848
1634.1 1845848
1634.6 1845816
1635.1 1845816
1635.6 1845816
1636.1 1845816
1636.6 1845816
1637.1 1845816
1637.6 1845816
1638.1 1845848
1638.6 1845848
1639.1 1845848
1639.6 1845816
1640.1 1845816
1640.6 1845816
1641.1 1845816
1641.6 1845816
1642.1 1845816
1642.6 1845816
1643.1 1845816
1643.6 1845784
1644.1 1845784
1644.6 1845784
1645.1 1845784
1645.6 1845848
1646.1 1845848
1646.6 1845848
1647.1 1845848
1647.6 1845848
1648.1 1845816
1648.6 1845816
1649.1 1845816
1649.6 1845816
1650.1 1852088
1650.6 1851632
1651.1 1851600
1651.6 1851852
1652.1 1851788
1652.6 1851868
1653.1 1851632
1653.6 1852072
1654.1 1851804
1654.6 1851852
1655.1 1851812
1655.6 1851812
1656.1 1851704
1656.6 1851876
1657.1 1851780
1657.6 1851812
1658.1 1851860
1658.6 1852096
1659.1 1851908
1659.6 1851732
1660.1 1852032
1660.6 1851888
1661.1 1852000
1661.6 1851792
1662.1 1852092
1662.6 1851920
1663.1 1851984
1663.6 1851604
1664.1 1852092
1664.6 1851652
1665.1 1851492
1665.6 1851600
1666.1 1851656
1666.6 1851772
1667.1 1851664
1667.6 1851884
1668.1 1851568
1668.6 1851964
1669.1 1851868
1669.6 1851900
1670.1 1851908
1670.6 1851908
1671.1 1852064
1671.6 1852160
1672.1 1845872
1672.6 1845872
1673.1 1845872
1673.6 1845872
1674.1 1845872
1674.6 1845936
1675.1 1845936
1675.6 1845928
1676.1 1845928
1676.6 1845896
1677.1 1845896
1677.6 1845896
1678.1 1845896
1678.6 1845896
1679.1 1845896
1679.6 1845896
1680.1 1845896
1680.6 1845896
1681.1 1845960
1681.6 1845928
1682.1 1845928
1682.6 1845928
1683.1 1845928
1683.6 1845928
1684.1 1845928
1684.6 1845928
1685.1 1845928
1685.6 1845928
1686.1 1845896
1686.6 1845896
1687.1 1845896
1687.6 1845896
1688.2 1845896
1688.7 1845928
1689.2 1845928
1689.7 1845928
1690.2 1845928
1690.7 1845896
1691.3 1845896
1691.8 1845896
1692.3 1845896
1692.8 1845896
1693.3 1845896
1693.8 1845896
1694.3 1845896
1694.8 1845896
1695.3 1852080
1695.8 1851704
1696.3 1851260
1696.8 1851404
1697.3 1851340
1697.8 1850852
1698.3 1851136
1698.8 1851640
1699.3 1851860
1699.8 1851608
1700.3 1851788
1700.8 1851868
1701.3 1852168
1701.8 1852072
1702.3 1852136
1702.8 1851948
1703.3 1851964
1703.8 1851852
1704.3 1851932
1704.8 1851804
1705.3 1852176
1705.8 1851672
1706.3 1851592
1706.8 1851464
1707.3 1851528
1707.8 1850804
1708.3 1851040
1708.8 1851356
1709.3 1851640
1709.8 1851484
1710.3 1851568
1710.8 1851364
1711.3 1851648
1711.8 1851804
1712.3 1852088
1712.8 1851756
1713.3 1851696
1713.8 1851584
1714.3 1851552
1714.8 1851380
1715.3 1851752
1715.8 1851844
1716.3 1851844
1716.8 1851672
1717.3 1845768
1717.8 1845768
1718.3 1845768
1718.9 1845736
1719.4 1845736
1719.9 1845736
1720.4 1845736
1720.9 1845728
1721.4 1845728
1721.9 1845728
1722.4 1845728
1722.9 1845792
1723.4 1845792
1723.9 1845760
1724.4 1845760
1724.9 1845760
1725.4 1845760
1725.9 1845760
1726.4 1845760
1727.0 1845760
1727.5 1845760
1728.0 1845760
1728.5 1845728
1729.0 1845728
1729.5 1845728
1730.0 1845728
1730.5 1845728
1731.0 1845760
1731.5 1845760
1732.0 1845760
1732.6 1845760
1733.1 1845728
1733.6 1845728
1734.1 1845728
1734.6 1845728
1735.1 1845728
1735.6 1845728
1736.1 1845728
1736.6 1845728
1737.1 1845728
1737.6 1845728
1738.1 1845728
1738.6 1845728
1739.1 1845760
1739.6 1845760
1740.1 1852080
1740.6 1852528
1741.1 1852024
1741.6 1851852
1742.1 1852072
1742.6 1852152
1743.1 1851788
1743.6 1852372
1744.1 1851820
1744.6 1851944
1745.1 1851588
1745.6 1852256
1746.1 1851748
1746.6 1851480
1747.1 1851448
1747.6 1851608
1748.1 1851684
1748.6 1851700
1749.1 1851620
1749.6 1852000
1750.1 1852152
1750.6 1851820
1751.1 1851944
1751.6 1852088
1752.1 1851992
1752.6 1851820
1753.1 1851756
1753.6 1851740
1754.1 1851868
1754.6 1851740
1755.1 1851812
1755.6 1851592
1756.1 1851560
1756.6 1851796
1757.1 1851688
1757.6 1851592
1758.1 1851244
1758.6 1852032
1759.1 1851812
1759.6 1851844
1760.1 1851456
1760.6 1851568
1761.1 1851488
1761.6 1851488
1762.1 1845840
1762.6 1845840
1763.2 1845840
1763.7 1845840
1764.2 1845840
1764.7 1845840
1765.2 1845840
1765.7 1845864
1766.2 1845864
1766.7 1845864
1767.2 1845864
1767.7 1845864
1768.2 1845864
1768.7 1845864
1769.2 1845864
1769.8 1845864
1770.3 1845864
1770.9 1845864
1771.4 1845832
1771.9 1845832
1772.4 1845864
1774.2 1845864
1777.8 1845864
1778.3 1845864
1779.6 1845864
1780.1 1845832
1781.9 1845832
1782.4 1845832
1784.5 1845832
1785.0 1851796
1785.5 1851560
1786.0 1852032
1786.5 1851984
1787.0 1851432
1787.5 1851544
1788.0 1851372
1788.5 1851388
1789.0 1851292
1789.5 1851164
1790.0 1851188
1790.5 1851488
1791.0 1851376
1791.5 1851756
1792.0 1851644
1792.5 1852072
1793.0 1852008
1793.5 1852056
1794.0 1851944
1794.5 1851944
1795.0 1851984
1795.5 1851604
1796.0 1851872
1796.5 1852220
1797.0 1851780
1797.5 1852236
1798.0 1851952
1798.5 1851968
1799.0 1851796
1799.5 1852016
1800.0 1851992
1800.5 1851740
1801.0 1851644
1801.5 1851644
1802.0 1852244
1802.5 1852036
1803.0 1851408
1803.5 1851676
1804.0 1851960
1804.5 1851804
1805.0 1852068
1805.5 1851988
1806.0 1852116
1806.5 1851956
1807.0 1851940
1807.5 1845708
1809.6 1845708
1811.4 1845704
1811.9 1845704
1812.4 1845704
1812.9 1845704
1813.4 1845672
1813.9 1845672
1815.8 1845672
1817.6 1845672
1818.1 1845672
1819.9 1845672
1824.2 1845704
1827.2 1845704
1829.1 1845704
1829.6 1845704
1830.1 1851992
1830.6 1851692
1831.1 1851360
1831.6 1851328
1832.1 1851692
1832.6 1851864
1833.1 1851944
1833.6 1851944
1834.1 1851928
1834.6 1852040
1835.1 1851996
1835.6 1851444
1836.1 1851620
1836.6 1851744
1837.1 1852012
1837.6 1851712
1838.1 1852092
1838.6 1851660
1839.1 1851456
1839.6 1851620
1840.1 1851708
1840.6 1852008
1841.1 1851944
1841.6 1852056
1842.1 1852088
1842.6 1851992
1843.1 1852088
1843.6 1851772
1844.1 1851756
1844.6 1851708
1845.1 1852036
1845.6 1852084
1846.1 1851924
1846.6 1851704
1847.1 1851788
1847.6 1851752
1848.1 1852100
1848.6 1852036
1849.1 1851800
1849.6 1851784
1850.1 1851732
1850.6 1851908
1851.1 1852096
1851.6 1851952
1852.1 1846060
1852.6 1846060
1856.3 1846088
1856.8 1846088
1862.2 1846088
1864.0 1846088
1869.4 1846056
1869.9 1846056
1873.6 1846056
1874.5 1846056
1875.0 1852200
1875.5 1851744
1876.0 1851444
1876.5 1851412
1877.0 1851384
1877.5 1851540
1878.0 1851556
1878.5 1851492
1879.0 1851380
1879.5 1851648
1880.0 1851944
1880.5 1851804
1881.0 1852180
1881.5 1851912
1882.0 1851992
1882.5 1851360
1883.0 1851504
1883.5 1851868
1884.0 1851788
1884.5 1851756
1885.0 1851924
1885.5 1852304
1886.0 1852036
1886.5 1851988
1887.0 1852256
1887.5 1851656
1888.0 1852068
1888.5 1851988
1889.0 1851956
1889.5 1852004
1890.0 1851636
1890.5 1852048
1891.0 1851764
1891.5 1852016
1892.0 1851920
1892.5 1851828
1893.0 1851572
1893.5 1851904
1894.0 1851792
1894.5 1851780
1895.0 1851428
1895.5 1850956
1896.0 1852032
1896.5 1851672
1898.7 1845532
1899.2 1845532
1899.7 1845564
1900.2 1845560
1903.2 1845560
1906.8 1845528
1907.3 1845528
1907.8 1845528
1909.8 1845528
1910.3 1845528
1910.8 1845528
1911.3 1845528
1913.1 1845528
1913.6 1845496
1915.2 1845496
1915.7 1845496
1916.7 1845560
1918.1 1845560
1919.2 1845560
1919.7 1851524
1920.2 1851896
1920.7 1851740
1921.2 1852116
1921.7 1851756
1922.2 1851944
1922.7 1851928
1923.2 1851816
1923.7 1851832
1924.2 1851788
1924.7 1851736
1925.2 1851768
1925.7 1851624
1926.2 1851768
1926.7 1852084
1927.2 1851688
1927.7 1851956
1928.2 1851736
1928.7 1851924
1929.2 1851940
1929.7 1851808
1930.2 1852048
1930.7 1851732
1931.2 1851700
1931.7 1851684
1932.2 1851652
1932.7 1852016
1933.2 1851812
1933.7 1852016
1934.2 1851968
1934.7 1852128
1935.2 1851940
1935.7 1851988
1936.2 1852036
1936.7 1851672
1937.2 1851420
1937.7 1851388
1938.2 1851452
1938.7 1852068
1939.2 1851784
1939.7 1850968
1940.2 1851000
1940.7 1851488
1941.2 1852156
1941.7 1852084
1942.2 1845908
1942.7 1845940
1944.3 1845940
1944.9 1845940
1945.4 1845936
1947.3 1845904
1947.8 1845904
1948.3 1845904
1950.1 1845904
1951.9 1845904
1953.8 1845904
1955.8 1845904
1957.9 1845904
1959.5 1845936
1961.3 1845936
1963.1 1845936
1964.5 1845936
1965.0 1851444
1965.5 1851380
1966.0 1851600
1966.5 1851616
1967.0 1851772
1967.5 1851980
1968.0 1851900
1968.5 1851772
1969.0 1852168
1969.5 1851632
1970.0 1852300
1970.5 1852064
1971.0 1852092
1971.5 1851808
1972.0 1851844
1972.5 1852048
1973.0 1852252
1973.5 1851716
1974.0 1851004
1974.5 1851496
1975.0 1851812
1975.5 1852092
1976.0 1851916
1976.5 1852076
1977.0 1851632
1977.5 1851428
1978.0 1851556
1978.5 1851536
1979.0 1851380
1979.5 1851616
1980.0 1852032
1980.5 1851588
1981.0 1852268
1981.5 1851668
1982.0 1851888
1982.5 1851920
1983.0 1851904
1983.5 1851840
1984.0 1851824
1984.5 1851352
1985.0 1851332
1985.5 1851752
1986.0 1851800
1986.5 1851532
1987.0 1848420
1989.1 1845840
1991.2 1845836
1991.7 1845836
1992.2 1845836
1992.9 1845868
1994.7 1845868
1995.2 1845868
1995.7 1845868
1996.7 1845868
1997.4 1845868
1997.9 1845868
1998.4 1845868
1999.5 1845836
2000.0 1845836
2000.5 1845836
2006.3 1845868
2006.8 1845868
2007.3 1845868
2007.8 1845868
2008.3 1845836
2008.8 1845836
2009.5 1845836
2010.0 1845836
2010.5 1845836
2011.0 1848520
2011.5 1848928
2012.0 1848928
2012.5 1848976
2013.0 1850144
2013.5 1851580
2014.0 1852088
2014.5 1851872
2015.0 1852036
2015.5 1852728
2016.0 1854260
2016.5 1853268
2017.0 1852736
2017.5 1853552
2018.0 1852776
2018.5 1852696
2019.0 1852348
2019.5 1853364
2020.0 1852816
2020.5 1852224
2021.0 1852016
2021.5 1852192
2022.0 1852968
2022.5 1851636
2023.0 1853308
2023.5 1852252
2024.0 1851772
2024.5 1852100
2025.0 1852316
2025.5 1852848
2026.0 1852380
2026.5 1851884
2027.0 1851924
2027.5 1851796
2028.0 1851860
2028.5 1851844
2029.0 1851796
2029.5 1851608
2030.0 1851680
2030.5 1851948
2031.0 1851968
2031.5 1851716
2032.0 1852304
2032.5 1851804
2033.0 1852268
2033.5 1852000
2034.0 1851708
2034.5 1851540
2035.0 1852540
2035.5 1852356
2036.0 1851600
2036.5 1852272
2037.0 1851924
2037.5 1851924
2038.0 1851876
2038.5 1851940
2039.0 1852256
2039.5 1851844
2040.0 1845904
2040.5 1845904
2041.0 1845904
2041.5 1845904
2042.0 1845868
2042.5 1845868
2043.0 1845868
2043.5 1845868
2044.9 1845868
2045.4 1845868
2045.9 1845868
2046.4 1845868
2046.9 1845868
2047.4 1845868
2047.9 1845900
2048.4 1845900
2048.9 1845900
2049.4 1845900
2049.9 1845900
2051.8 1845900
2052.3 1845900
2052.8 1845900
2053.3 1845900
2053.8 1845868
2054.5 1845868
2055.0 1852220
2055.5 1851768
2056.0 1851740
2056.5 1852128
2057.0 1851880
2057.5 1851848
2058.0 1851868
2058.5 1851020
2059.0 1852356
2059.5 1852032
2060.0 1851948
2060.5 1852136
2061.0 1851868
2061.5 1851176
2062.0 1851096
2062.5 1850976
2063.0 1851300
2063.5 1851380
2064.0 1851600
2064.5 1851756
2065.0 1851768
2065.5 1851500
2066.0 1851864
2066.5 1851704
2067.0 1851560
2067.5 1852024
2068.0 1851644
2068.5 1852200
2069.0 1852212
2069.5 1851724
2070.0 1852460
2070.5 1852628
2071.0 1852040
2071.5 1851600
2072.0 1852120
2072.5 1852104
2073.0 1852136
2073.5 1851552
2074.0 1851552
2074.5 1853852
2075.0 1853152
2075.5 1852484
2076.0 1852432
2076.5 1851864
2077.0 1852244
2077.5 1852084
2078.1 1845716
2078.6 1845716
2079.1 1845716
2079.6 1845716
2080.1 1845716
2080.6 1845716
2081.1 1845712
2082.3 1845696
2082.9 1845696
2083.4 1845664
2083.9 1845664
2084.4 1845728
2085.2 1845728
2085.7 1845728
2086.2 1845728
2086.7 1845728
2087.4 1845728
2087.9 1845696
2088.4 1845696
2089.0 1845696
2089.6 1845696
2090.1 1845696
2090.6 1845696
2091.3 1845696
2091.8 1845696
2092.3 1845760
2093.1 1845760
2094.0 1845728
2094.6 1845728
2095.1 1845728
2098.7 1845728
2099.5 1845728
2100.0 1852476
2100.5 1852096
2101.0 1851892
2101.5 1851700
2102.0 1851024
2102.5 1851292
2103.0 1851972
2103.5 1851488
2104.0 1851940
2104.5 1852004
2105.0 1851748
2105.5 1851904
2106.0 1851920
2106.5 1851548
2107.0 1851312
2107.5 1851312
2108.0 1852008
2108.5 1852308
2109.0 1852132
2109.5 1851760
2110.0 1853504
2110.5 1852168
2111.0 1851904
2111.5 1852060
2112.0 1852316
2112.5 1851940
2113.0 1852460
2113.5 1852016
2114.0 1852080
2114.5 1851812
2115.0 1851680
2115.5 1851808
2116.0 1851808
2116.5 1851792
2117.0 1852012
2117.5 1851776
2118.0 1851856
2118.5 1851840
2119.0 1851648
2119.5 1851620
2120.0 1851820
2120.5 1852216
2121.0 1851568
2121.5 1851648
2122.0 1846100
2122.5 1846100
2123.4 1846100
2125.2 1846096
2125.7 1846096
2126.2 1846096
2126.7 1846096
2127.2 1846096
2127.7 1846128
2128.2 1846128
2128.7 1846128
2129.5 1846128
2130.1 1846128
2130.6 1846128
2131.1 1846128
2131.6 1846128
2135.1 1846096
2136.9 1846096
2137.4 1846096
2139.9 1846096
2140.4 1846096
2140.9 1846128
2141.4 1846128
2141.9 1846128
2142.4 1846128
2142.9 1846128
2143.4 1846128
2144.5 1846096
2145.0 1852220
2145.5 1851776
2146.0 1851320
2146.5 1851744
2147.0 1852164
2147.5 1851784
2148.0 1851532
2148.5 1852000
2149.0 1852064
2149.5 1851652
2150.0 1851504
2150.5 1851836
2151.0 1851852
2151.5 1851600
2152.0 1851804
2152.5 1852024
2153.0 1852152
2153.5 1851568
2154.0 1852168
2154.5 1851428
2155.0 1851688
2155.5 1852020
2156.0 1851896
2156.5 1851864
2157.0 1851816
2157.5 1851532
2158.0 1851832
2158.5 1851864
2159.0 1851848
2159.5 1852116
2160.0 1851908
2160.5 1852004
2161.0 1851940
2161.5 1851748
2162.0 1851560
2162.5 1851544
2163.0 1851924
2163.5 1851940
2164.0 1851496
2164.5 1851908
2165.0 1851872
2165.5 1851920
2166.0 1851824
2166.5 1851492
2167.0 1845308
2167.5 1845308
2168.0 1845308
2170.1 1845304
2171.9 1845304
2172.4 1845304
2172.9 1845304
2173.4 1845304
2173.9 1845304
2175.8 1845304
2179.5 1845304
2181.3 1845304
2184.9 1845304
2186.7 1845304
2188.6 1845304
2189.1 1845272
2189.6 1848576
2190.1 1852212
2190.6 1852144
2191.1 1852304
2191.6 1851844
2192.1 1851828
2192.6 1851812
2193.1 1851876
2193.6 1851656
2194.1 1851716
2194.6 1851920
2195.1 1851264
2195.6 1851344
2196.1 1851472
2196.6 1851628
2197.1 1851328
2197.6 1851580
2198.1 1851644
2198.6 1851500
2199.1 1851184
2199.6 1851308
2200.1 1852664
2200.6 1852316
2201.1 1851560
2201.6 1851064
2202.1 1851860
2202.6 1851732
2203.1 1851828
2203.6 1851796
2204.1 1851908
2204.6 1851492
2205.1 1851776
2205.6 1851824
2206.1 1851808
2206.6 1851904
2207.1 1851792
2207.6 1851952
2208.1 1851840
2208.6 1851920
2209.1 1851556
2209.6 1851552
2210.1 1851504
2210.6 1851536
2211.1 1851584
2211.6 1851584
2212.1 1845684
2212.6 1845684
2213.1 1845684
2214.8 1845684
2216.7 1845680
2218.6 1845680
2219.1 1845680
2220.9 1845648
2224.5 1845648
2226.4 1845680
2230.0 1845680
2231.8 1845680
2232.3 1845648
2234.1 1845648
2234.6 1845648
2235.1 1852020
2235.6 1851848
2236.1 1852132
2236.6 1851832
2237.1 1851972
2237.6 1852036
2238.1 1851832
2238.6 1851848
2239.1 1851768
2239.6 1852068
2240.1 1852128
2240.6 1852064
2241.1 1851972
2241.6 1851748
2242.1 1851584
2242.6 1851772
2243.1 1851820
2243.6 1852484
2244.1 1851648
2244.6 1852008
2245.1 1852248
2245.6 1852072
2246.1 1851788
2246.6 1851080
2247.1 1851176
2247.6 1851256
2248.1 1851032
2248.6 1851016
2249.1 1850952
2249.6 1851172
2250.1 1851252
2250.6 1851220
2251.1 1850796
2251.6 1851456
2252.1 1851488
2252.6 1851380
2253.1 1851520
2253.6 1851788
2254.1 1852008
2254.6 1851424
2255.1 1851292
2255.6 1851404
2256.1 1851276
2256.6 1851308
2257.1 1845816
2257.6 1845816
2258.1 1845816
2260.3 1845816
2262.3 1845816
2262.8 1845816
2263.3 1845816
2263.8 1845816
2264.3 1845816
2264.8 1845848
2266.1 1845848
2266.6 1845848
2267.1 1845848
2267.7 1845848
2268.8 1845848
2269.3 1845848
2269.8 1845848
2270.3 1845816
2270.8 1845816
2271.3 1845816
2271.8 1845816
2272.3 1845816
2272.8 1845816
2273.4 1845848
2273.9 1845848
2274.4 1845848
2274.9 1845848
2275.4 1845816
2275.9 1845816
2276.7 1845816
2277.7 1845816
2278.2 1845816
2278.7 1845816
2279.2 1845816
2279.7 1845816
2280.2 1851480
2280.7 1851656
2281.2 1851432
2281.7 1851844
2282.2 1852112
2282.7 1852016
2283.2 1852080
2283.7 1851780
2284.2 1851780
2284.7 1851936
2285.2 1851764
2285.7 1852064
2286.2 1852348
2286.7 1852048
2287.2 1851796
2287.7 1852252
2288.2 1851844
2288.7 1852096
2289.2 1851844
2289.7 1851748
2290.2 1851560
2290.7 1851732
2291.2 1851876
2291.7 1852032
2292.2 1852000
2292.7 1851856
2293.2 1852220
2293.7 1851908
2294.2 1851700
2294.7 1851528
2295.2 1851496
2295.7 1851416
2296.2 1851780
2296.7 1851764
2297.2 1851416
2297.7 1851448
2298.2 1851844
2298.7 1851764
2299.2 1851628
2299.7 1851472
2300.2 1851364
2300.7 1851064
2301.2 1851016
2301.7 1850968
2302.2 1845184
2302.7 1845184
2303.2 1845184
2303.7 1845152
2304.2 1845152
2304.7 1845152
2305.2 1845152
2305.7 1845152
2306.2 1845152
2306.7 1845152
2307.2 1845152
2307.7 1845152
2308.2 1845120
2308.7 1845120
2309.3 1845184
2309.8 1845184
2310.3 1845184
2310.8 1845184
2311.3 1845184
2311.8 1845184
2312.3 1845184
2312.8 1845152
2313.3 1845152
2313.8 1845152
2314.3 1845152
2314.8 1845152
2315.3 1845152
2315.8 1845152
2316.3 1845152
2316.8 1845152
2317.3 1845152
2317.8 1845152
2318.3 1845152
2318.8 1845152
2319.3 1845152
2319.8 1845152
2320.3 1845152
2320.8 1845152
2321.3 1845152
2321.8 1845152
2322.3 1845120
2322.8 1845120
2323.3 1845120
2323.8 1845120
2324.3 1845120
2324.8 1850068
2325.3 1851756
2325.8 1851944
2326.3 1852120
2326.8 1852152
2327.3 1851536
2327.8 1851772
2328.3 1852104
2328.8 1852212
2329.3 1852308
2329.8 1851976
2330.3 1852104
2330.8 1852012
2331.3 1851948
2331.8 1851692
2332.3 1851440
2332.8 1851364
2333.3 1851180
2333.8 1851324
2334.3 1851276
2334.8 1851672
2335.3 1851024
2335.8 1851372
2336.3 1851544
2336.8 1851624
2337.3 1851152
2337.8 1851668
2338.3 1851436
2338.8 1851324
2339.3 1851276
2339.8 1851640
2340.3 1851608
2340.8 1852040
2341.3 1852148
2341.8 1851788
2342.3 1851852
2342.8 1851820
2343.3 1852076
2343.8 1852440
2344.3 1852356
2344.8 1851800
2345.3 1852260
2345.8 1852084
2346.3 1852672
2346.8 1852176
2347.3 1846212
2347.9 1846212
2348.4 1846212
2348.9 1846212
2349.4 1846212
2349.9 1846244
2350.4 1846244
2350.9 1846244
2351.4 1846244
2351.9 1846212
2352.4 1846212
2352.9 1846212
2353.4 1846212
2353.9 1846212
2354.4 1846212
2354.9 1846212
2355.4 1846212
2355.9 1846212
2356.4 1846212
2356.9 1846180
2357.4 1846244
2357.9 1846244
2358.4 1846244
2358.9 1846244
2359.4 1846244
2359.9 1846244
2360.4 1846244
2360.9 1846212
2361.4 1846212
2361.9 1846212
2362.4 1846212
2362.9 1846212
2363.4 1846212
2363.9 1846212
2364.4 1846212
2364.9 1846244
2365.4 1846244
2365.9 1846212
2366.5 1846212
2367.0 1846212
2367.5 1846212
2368.0 1846212
2368.5 1846212
2369.0 1846212
2369.5 1846212
2370.0 1851292
2370.5 1851164
2371.0 1851544
2371.5 1851432
2372.0 1851356
2372.5 1851340
2373.0 1850944
2373.5 1851324
2374.0 1851072
2374.5 1850928
2375.0 1851452
2375.5 1851588
2376.0 1851672
2376.5 1852108
2377.0 1851832
2377.5 1851832
2378.0 1851852
2378.5 1852224
2379.0 1852008
2379.5 1851820
2380.0 1851396
2380.5 1850800
2381.0 1850684
2381.5 1851540
2382.0 1852776
2382.5 1851820
2383.0 1852776
2383.5 1853720
2384.0 1853552
2384.5 1854492
2385.0 1855536
2385.5 1856300
2386.0 1857024
2386.5 1857756
2387.0 1858592
2387.5 1858972
2388.0 1860176
2388.5 1860736
2389.0 1860116
2389.5 1859676
2390.0 1860984
2390.5 1860080
2391.0 1862044
2391.5 1860888
2392.0 1861836
2392.5 1861392
2393.0 1862168
2393.5 1861832
2394.0 1860368
2394.5 1860996
2395.0 1861232
2395.5 1862392
2396.0 1862216
2396.5 1862812
2397.0 1862808
2397.5 1863204
2398.0 1861764
2398.5 1861576
2399.0 1861840
2399.5 1862232
2400.0 1855664
2400.5 1856368
2401.0 1855928
2401.5 1855824
2402.0 1855792
2402.5 1855792
2403.0 1855696
2403.5 1855696
2404.0 1855664
2404.5 1855664
2405.0 1855884
2405.5 1855884
2406.0 1855980
2406.5 1855728
2407.0 1855696
2407.5 1855600
2408.0 1855624
2408.5 1855176
2409.0 1855792
2409.5 1855964
2410.0 1862220
2410.5 1864636
2411.0 1864612
2411.5 1855508
2412.0 1853956
2412.5 1854268
2413.0 1855064
2413.5 1855456
2414.0 1855496
2414.5 1855380
2415.0 1855216
2415.5 1856476
2416.0 1857576
2416.5 1859276
2417.0 1859104
2417.5 1859104
2418.0 1860096
2418.5 1861104
2419.0 1863184
2419.5 1864096
2420.0 1864916
2420.5 1865632
2421.0 1867808
2421.5 1869548
2422.0 1867376
2422.5 1854328
2423.0 1854436
2423.5 1853252
2424.0 1851560
2424.5 1846368
2425.0 1846304
2426.1 1846304
2426.6 1846304
2427.1 1845892
2427.6 1845804
2428.1 1845796
2428.6 1845796
2429.1 1845716
2429.6 1846488
2430.1 1847884
2430.6 1850588
2431.1 1851588
2431.6 1851840
2432.1 1854836
2432.6 1857616
2433.1 1858096
2433.6 1858256
2434.1 1858256
2434.7 1857968
2435.2 1857776
2435.7 1857776
2436.3 1857744
2436.9 1861740
2437.4 1853848
2437.9 1853824
2438.5 1850044
2439.0 1850340
2439.5 1850276
2440.0 1850276
2440.5 1850276
2441.0 1850276
2441.5 1850276
2442.0 1850244
2442.5 1850308
2443.0 1850308
2443.5 1850308
2444.0 1850308
2444.5 1850304
2445.0 1850304
2445.5 1850304
2446.0 1850304
2446.5 1850304
2447.0 1850304
2447.5 1850272
2448.0 1850272
2448.5 1850272
2449.0 1850272
2449.5 1850272
2450.0 1850304
2450.5 1850304
2451.0 1850272
2451.5 1850272
2452.0 1850272
2452.5 1850272
2453.0 1850272
2453.5 1850272
2454.0 1850272
2454.5 1850272
2455.0 1850272
2455.5 1850272
2456.0 1850272
2456.5 1850240
2457.1 1850304
2457.9 1850304
2458.4 1850304
2458.9 1850304
2459.4 1850304
2461.2 1850300
2462.9 1850268
2463.4 1850268
2463.9 1850268
2464.4 1850268
2464.9 1850268
2465.4 1850268
2467.3 1850268
2468.9 1850268
2470.9 1850332
2474.4 1850300
2474.9 1850300
2480.2 1850300
2480.7 1850300
2484.3 1849544
2484.8 1849544
2488.3 1848504
2493.6 1848504
2500.0 1848536
2501.8 1848536
2503.7 1848536
2504.2 1848536
2504.7 1848536
2506.4 1848504
2509.9 1848504
2513.5 1848504
2515.4 1848504
2515.9 1848504
2516.4 1848504
2518.2 1848504
2518.7 1848536
2520.6 1848536
2521.1 1848536
2522.6 1848536
2523.1 1848536
2524.9 1848536
2527.0 1848536
2528.8 1848536
2532.3 1848504
2534.1 1848504
2536.0 1848504
2541.4 1848536
2545.0 1848536
2545.5 1848536
2547.4 1848504
2547.9 1848504
2549.7 1848504
2551.6 1848504
2553.4 1848504
2553.9 1848504
2555.7 1848504
2557.6 1848472
2558.1 1848472
2558.6 1848536
2562.3 1848536
2562.8 1848536
2564.6 1848536
2565.1 1848536
2565.6 1848536
2567.4 1848504
2567.9 1848504
2568.4 1848504
2568.9 1848504
2570.7 1848504
2572.5 1848504
2574.3 1848536
2574.8 1848536
2575.3 1848536
2577.1 1848504
2577.6 1848504
2584.8 1848504
2585.3 1848504
2590.1 1848500
2590.6 1848500
2593.1 1848468
2593.6 1848468
2594.1 1848532
2594.6 1848532
2595.1 1848532
2595.6 1848532
2597.6 1848532
2598.1 1848532
2598.6 1848532
2599.1 1848532
2599.9 1848500
2600.4 1848500
2600.9 1848500
2601.4 1848500
2601.9 1848500
2602.6 1848500
2603.1 1848500
2603.6 1848564
2604.1 1848532
2604.6 1848532
2605.1 1848532
2605.6 1848532
2606.1 1848532
2607.4 1848532
2607.9 1848532
2608.4 1848532
2611.0 1848532
2611.5 1848532
2612.0 1848532
2613.4 1848500
2615.4 1848532
2615.9 1848532
2616.7 1848532
2617.7 1848532
2618.2 1848532
2621.3 1848500
2621.8 1848500
2622.3 1848500
2623.2 1848500
2623.8 1848500
2624.3 1848500
2625.3 1848500
2626.8 1848500
2627.4 1848532
2627.9 1848532
2628.4 1848532
2628.9 1848532
2629.4 1848532
2629.9 1848532
2630.6 1848532
2631.2 1848532
2631.8 1848532
2633.9 1848500
2634.4 1848500
2635.4 1848500
2635.9 1848500
2636.4 1848500
2636.9 1848500
2637.4 1848500
2637.9 1848532
2639.3 1848532
2640.4 1848532
2640.9 1848500
2641.4 1848500
2641.9 1848500
2642.4 1848500
2642.9 1848500
2643.4 1848500
2643.9 1848500
2644.7 1848500
2645.2 1848500
2645.9 1848500
2646.4 1848532
2646.9 1848532
2647.4 1848532
2647.9 1848532
2649.0 1848532
2649.5 1848532
2650.3 1848532
2650.8 1848532
2651.9 1848500
2652.4 1848500
2652.9 1848500
2653.4 1848500
2654.3 1848500
2655.0 1848500
2655.5 1848500
2656.0 1848532
2656.5 1848532
2658.7 1848500
2659.2 1848500
2659.7 1848500
2660.2 1848500
2661.7 1848500
2662.2 1848500
2662.7 1848500
2663.2 1848500
2665.2 1848468
2665.7 1848468
2666.7 1848468
2667.2 1848468
2667.7 1848468
2668.2 1848532
2668.7 1848532
2669.2 1848532
2669.7 1848532
2672.0 1848500
2673.2 1848500
2673.7 1848500
2674.2 1848500
2677.3 1848500
2679.2 1848500
2681.9 1848560
2682.4 1848560
2686.1 1848528
2686.9 1848528
2687.8 1848528
2688.3 1848528
2688.8 1848528
2689.4 1848528
2689.9 1848528
2691.7 1848528
2692.2 1848496
2692.7 1848496
2696.4 1848496
2696.9 1848528
2698.0 1848528
2701.6 1848528
2704.3 1848528
2705.3 1848496
2707.1 1848496
2716.0 1848496
2717.8 1848496
2719.6 1848496
2720.1 1848496
2722.0 1848496
2722.5 1848496
2724.3 1848528
2726.1 1848528
2728.0 1848528
2729.9 1848528
2730.4 1848528
2732.2 1848528
2734.1 1848496
2737.7 1848496
2738.2 1848496
2740.0 1848496
2740.5 1848528
2744.2 1848528
2744.7 1848528
2745.2 1848528
2747.0 1848496
2747.5 1848496
2751.1 1848496
2754.7 1848496
2755.2 1848496
2755.7 1848496
2759.3 1848496
2761.1 1848464
2763.0 1848528
2766.5 1848528
2767.0 1848528
2768.8 1848528
2770.7 1848528
2774.3 1848176
2774.8 1848176
2776.8 1848176
2777.6 1848176
2778.1 1848176
2778.6 1848140
2779.1 1848140
2779.6 1848172
2780.1 1848172
2780.6 1848172
2782.7 1848140
2785.0 1848136
2785.6 1848136
2786.5 1848136
2788.5 1848136
2789.3 1848136
2790.9 1848136
2791.5 1848136
2792.0 1848104
2794.0 1848104
2794.5 1848104
2796.7 1848168
2797.2 1848168
2797.7 1848168
2798.2 1848168
2800.2 1848136
2800.7 1848136
2801.2 1848136
2801.7 1848136
2802.8 1848136
2803.5 1848136
2804.1 1848136
2804.7 1848136
2805.2 1848200
2805.7 1848200
2806.6 1848168
2807.1 1848168
2807.6 1848168
2808.9 1848168
2809.4 1848168
2810.5 1848168
2812.4 1848168
2812.9 1848168
2813.4 1848168
2815.2 1848136
2815.7 1848136
2817.6 1848136
2819.9 1848168
2820.4 1848168
2820.9 1848168
2821.4 1848168
2821.9 1848168
2822.4 1848168
2822.9 1848168
2824.2 1848136
2824.8 1848136
2826.4 1848136
2826.9 1848136
2827.4 1848136
2827.9 1848136
2830.7 1848168
2832.8 1848168
2833.3 1848168
2833.8 1848168
2834.3 1848168
2835.4 1848168
2835.9 1848168
2836.4 1848168
2836.9 1848168
2837.4 1848136
2837.9 1848136
2841.9 1848136
2842.4 1848136
2843.2 1848136
2844.0 1848168
2844.5 1848168
2845.0 1848168
2845.9 1848136
2846.4 1848136
2846.9 1848136
2847.4 1848136
2847.9 1848136
2849.9 1848136
2850.4 1848136
2850.9 1848136
2852.0 1848136
2852.5 1848136
2853.0 1848168
2853.5 1848168
2854.0 1848168
2854.9 1848168
2855.4 1848168
2855.9 1848168
2856.4 1848168
2857.1 1848168
2857.6 1848136
2859.7 1848136
2860.2 1848136
2861.4 1848136
2862.1 1848136
2862.6 1848136
2863.1 1848136
2863.8 1848168
2864.4 1848168
2864.9 1848136
2865.4 1848136
2866.4 1848136
2866.9 1848136
2867.4 1848136
2867.9 1848136
2868.4 1848136
2869.3 1848136
2870.0 1848136
2870.8 1848136
2871.3 1848104
2873.3 1848104
2873.8 1848104
2874.3 1848168
2874.8 1848168
2876.8 1848168
2877.4 1848168
2878.3 1848168
2879.0 1848136
2880.1 1848136
2880.6 1848136
2881.1 1848136
2881.6 1848136
2882.1 1848136
2882.9 1848136
2883.7 1848200
2884.5 1848200
2885.6 1848168
2886.1 1848168
2886.6 1848168
2887.1 1848168
2887.6 1848168
2888.1 1848168
2889.1 1848168
2889.6 1848168
2890.1 1848168
2890.7 1848168
2892.7 1848136
2893.2 1848136
2893.7 1848168
2894.2 1848168
2896.5 1848168
2897.0 1848168
2897.5 1848168
2898.0 1848136
2898.5 1848136
2900.6 1848136
2901.4 1848136
2901.9 1848136
2902.4 1848136
2902.9 1848136
2903.4 1848136
2905.6 1848136
2906.1 1848168
2906.6 1848168
2907.1 1848168
2907.7 1848168
2908.2 1848168
2909.5 1848168
2910.2 1848168
2910.7 1848168
2911.2 1848168
2911.7 1848168
2912.2 1848168
2912.7 1848136
2913.5 1848136
2914.0 1848136
2914.5 1848168
2916.0 1848168
2916.5 1848168
2917.2 1848168
2918.0 1848136
2918.5 1848136
2919.0 1848136
2919.5 1848136
2920.0 1848136
2922.0 1848136
2922.5 1848136
2923.0 1848136
2923.5 1848136
2924.0 1848104
2924.5 1848168
2925.0 1848168
2925.5 1848168
2926.0 1848168
2927.2 1848168
2927.7 1848168
2929.7 1848168
2930.2 1848168
2930.7 1848168
2931.2 1848136
2931.9 1848136
2933.9 1848136
2934.8 1848136
2939.1 1848168
2942.0 1848168
2942.5 1848136
2943.0 1848136
2943.5 1848136
2944.0 1848136
2944.5 1848136
2945.0 1848136
2945.6 1848136
2946.1 1848136
2946.6 1848136
2947.1 1848136
2947.6 1848104
2948.1 1848104
2948.6 1848168
2949.1 1848168
2949.6 1848168
2950.1 1848168
2950.6 1848168
2951.1 1848168
2951.6 1848168
2952.1 1848168
2952.6 1848136
2953.2 1848136
2953.7 1848136
2954.2 1848136
2954.7 1848136
2955.2 1848136
2955.8 1848136
2956.3 1848136
2956.8 1848168
2957.4 1848168
2957.9 1848168
2958.4 1848168
2958.9 1848168
2959.4 1848168
2959.9 1848168
2960.4 1848168
2960.9 1848168
2961.4 1848136
2961.9 1848136
2962.4 1848136
2962.9 1848136
2963.4 1848168
2963.9 1848168
2964.4 1848168
2964.9 1848168
2965.4 1848168
2965.9 1848168
2966.4 1848136
2966.9 1848136
2967.4 1848136
2967.9 1848136
2968.4 1848136
2968.9 1848136
2969.4 1848136
2969.9 1848136
2970.4 1848136
2970.9 1848136
2971.4 1848168
2971.9 1848168
2972.4 1848168
2972.9 1848168
2973.4 1848168
2973.9 1848168
2974.4 1848168
2974.9 1848168
2975.5 1848136
2976.0 1848136
2976.5 1848136
2977.0 1848136
2977.5 1848136
2978.0 1848136
2978.5 1848168
2979.0 1848168
2979.5 1848168
2980.0 1848168
2980.5 1848168
2981.0 1848136
2981.5 1848136
2982.0 1848136
2982.5 1848136
2983.1 1848136
2983.6 1848136
2984.1 1848136
2984.6 1848136
2985.1 1848104
2985.6 1848168
2986.2 1848168
2986.7 1848168
2987.2 1848168
2987.8 1848168
2988.3 1848168
2988.8 1848168
2989.3 1848168
2989.8 1848136
2990.3 1848136
2990.8 1848136
2991.3 1848136
2991.8 1848136
2992.3 1848136
2992.9 1848136
2993.4 1848168
2993.9 1848168
2994.4 1848168
2994.9 1848136
2995.4 1848136
2995.9 1848136
2996.5 1848136
2997.0 1848136
2997.5 1848136
2998.0 1848136
2998.5 1848136
2999.0 1848136
2999.5 1848104
3000.0 1848104
3000.5 1848104
