0.5 1830708
1.0 1830708
1.5 1830708
2.0 1830708
2.5 1830676
4.8 1830676
5.3 1830676
5.8 1830676
8.0 1830708
8.5 1830708
10.3 1830708
11.3 1830708
12.5 1830676
13.0 1830676
16.0 1830676
19.3 1830676
20.6 1830676
22.5 1830676
24.3 1830644
24.8 1830644
28.9 1830708
29.5 1830708
30.0 1837900
30.5 1837616
31.0 1838140
31.5 1838660
32.0 1838500
32.5 1838692
33.0 1838532
33.5 1838680
34.0 1839020
34.5 1839376
35.0 1838928
35.5 1838644
36.0 1838616
36.5 1839180
37.0 1838376
37.5 1838368
38.0 1838036
38.5 1838540
39.0 1839060
39.5 1839012
40.0 1838296
40.5 1838652
41.0 1838872
41.5 1838808
42.0 1838300
42.5 1838588
43.0 1838952
43.5 1838920
44.0 1838760
44.5 1838320
45.0 1838256
45.5 1838572
46.0 1838800
46.5 1838864
47.0 1839096
47.5 1838816
48.0 1838832
48.5 1839164
49.0 1838832
49.5 1838832
50.0 1838136
50.5 1838168
51.0 1838660
51.5 1838516
52.0 1838880
52.5 1836996
53.0 1832724
53.5 1832724
54.0 1832724
54.6 1832724
57.6 1832756
58.1 1832756
60.1 1832756
60.6 1832756
61.1 1832756
63.1 1832756
63.6 1832756
65.4 1832756
65.9 1832756
66.4 1832724
68.2 1832724
68.7 1832724
69.2 1832724
70.2 1832756
72.1 1832756
72.6 1832756
73.1 1832756
73.6 1832756
74.1 1832724
74.6 1832724
75.1 1839380
75.6 1838952
76.1 1838824
76.6 1838880
77.1 1838612
77.6 1837760
78.1 1837728
78.6 1837824
79.1 1838012
79.6 1837728
80.1 1838616
80.6 1838808
81.1 1839124
81.6 1838232
82.1 1840220
82.6 1839832
83.1 1838844
83.6 1839468
84.1 1838620
84.6 1838696
85.1 1839324
85.6 1838492
86.1 1837896
86.6 1837924
87.1 1838304
87.6 1838084
88.1 1838476
88.6 1838664
89.1 1838824
89.6 1838256
90.1 1838808
90.6 1838540
91.1 1838476
91.6 1838856
92.1 1838396
92.6 1838556
93.1 1838504
93.6 1838460
94.1 1838764
94.6 1839016
95.1 1838744
95.6 1838508
96.1 1838460
96.6 1838728
97.1 1838508
97.6 1832892
99.4 1832892
103.0 1832924
104.9 1832924
106.7 1832892
108.6 1832892
110.5 1832892
111.0 1832892
112.9 1832892
115.1 1832892
115.6 1832892
117.2 1832860
117.7 1832860
119.5 1832860
120.0 1838328
120.5 1838964
121.0 1838972
121.5 1838488
122.0 1838076
122.5 1838392
123.0 1838548
123.5 1838984
124.0 1838572
124.5 1838984
125.0 1838604
125.5 1838716
126.0 1838724
126.5 1838944
127.0 1838928
127.5 1838672
128.0 1838816
128.5 1838736
129.0 1838960
129.5 1838752
130.0 1838660
130.5 1839540
131.0 1839384
131.5 1839444
132.0 1839100
132.5 1838796
133.0 1839432
133.5 1838944
134.0 1838556
134.5 1838572
135.0 1839076
135.5 1838984
136.0 1839152
136.5 1839704
137.0 1838636
137.5 1838836
138.0 1838728
138.5 1838668
139.0 1838696
139.5 1838712
140.0 1838564
140.5 1838736
141.0 1838564
141.5 1838612
142.0 1838768
142.5 1832276
143.0 1832276
143.5 1832276
145.9 1832276
147.8 1832276
151.8 1832276
153.6 1832244
155.2 1832308
158.8 1832308
162.2 1832308
162.7 1832308
164.5 1832308
165.0 1838828
165.5 1838688
166.0 1838564
166.5 1838652
167.0 1839028
167.5 1838896
168.0 1838740
168.5 1838816
169.0 1838628
169.5 1838840
170.0 1838572
170.5 1838792
171.0 1839044
171.5 1838768
172.0 1838848
172.5 1838736
173.0 1839076
173.5 1838920
174.0 1838592
174.5 1838436
175.0 1838840
175.5 1838668
176.0 1838732
176.5 1839140
177.0 1838952
177.5 1838840
178.0 1839028
178.5 1838808
179.0 1838872
179.5 1838720
180.0 1838848
180.5 1838296
181.0 1838168
181.5 1838708
182.0 1838688
182.5 1838768
183.0 1838548
183.5 1838500
184.0 1838580
184.5 1838880
185.0 1838848
185.5 1838612
186.0 1839068
186.5 1838484
187.0 1838564
187.5 1832796
188.0 1832796
191.7 1832796
192.2 1832796
192.7 1832764
193.2 1832764
195.1 1832764
197.0 1832764
197.5 1832764
198.0 1832796
201.4 1832796
201.9 1832796
205.6 1832764
207.4 1832764
209.5 1832764
210.0 1839132
210.5 1838944
211.0 1838880
211.5 1838800
212.0 1838468
212.5 1838864
213.0 1838484
213.5 1838928
214.0 1838564
214.5 1838612
215.0 1838752
215.5 1838660
216.0 1838480
216.5 1838036
217.0 1838060
217.5 1837900
218.0 1838140
218.5 1837980
219.0 1837776
219.5 1837792
220.0 1837396
220.5 1837824
221.0 1838372
221.5 1838124
222.0 1838140
222.5 1838532
223.0 1838800
223.5 1838944
224.0 1838816
224.5 1838880
225.0 1838628
225.5 1838596
226.0 1838676
226.5 1839008
227.0 1838628
227.5 1838516
228.0 1838660
228.5 1838468
229.0 1838532
229.5 1838516
230.0 1838848
230.5 1838452
231.0 1838564
231.5 1838408
232.0 1838708
232.5 1838912
233.0 1838804
233.5 1832832
234.0 1832544
236.2 1832544
237.0 1832544
237.5 1832544
238.0 1832544
238.5 1832544
239.0 1832576
239.7 1832576
240.2 1832576
240.8 1832576
242.0 1832544
244.1 1832544
244.6 1832544
245.1 1832544
245.6 1832544
246.1 1832544
246.6 1832544
247.1 1832512
247.8 1832576
249.8 1832576
250.3 1832576
252.5 1832576
253.0 1832576
253.6 1832576
254.1 1832576
254.6 1834736
255.1 1838988
255.6 1838724
256.1 1839252
256.6 1839140
257.1 1838716
257.6 1838572
258.1 1838508
258.6 1838384
259.1 1838208
259.6 1838272
260.1 1838256
260.6 1838240
261.1 1838320
261.6 1838604
262.1 1838476
262.6 1838560
263.1 1838256
263.6 1838288
264.1 1838176
264.6 1838392
265.1 1839044
265.6 1839548
266.1 1838636
266.6 1838508
267.1 1838020
267.6 1838636
268.1 1838588
268.6 1838508
269.1 1838776
269.6 1838492
270.1 1838572
270.6 1838476
271.1 1839220
271.6 1838412
272.1 1839092
272.6 1837816
273.1 1838100
273.6 1838304
274.1 1838604
274.6 1838200
275.1 1838428
275.6 1838888
276.1 1838792
276.6 1838744
277.1 1838740
277.6 1839424
278.1 1838872
278.6 1832664
279.1 1832664
279.6 1832664
280.1 1832664
280.6 1832664
281.1 1832664
281.6 1832664
282.1 1832664
282.6 1832664
283.1 1832632
283.6 1832632
284.1 1832632
284.6 1832632
285.1 1832664
285.6 1832664
286.1 1832664
286.6 1832664
287.1 1832664
287.6 1832664
288.1 1832632
288.6 1832632
289.1 1832632
289.6 1832632
290.1 1832632
290.6 1832632
291.1 1832632
291.6 1832632
292.1 1832600
292.6 1832664
293.1 1832664
293.6 1832664
294.1 1832664
294.6 1832664
295.1 1832664
295.6 1832664
296.1 1832664
296.6 1832632
297.1 1832632
297.6 1832632
298.1 1832632
298.6 1832632
299.1 1832632
299.6 1832632
300.1 1838716
300.6 1838320
301.1 1837588
301.6 1838652
302.1 1838856
302.6 1838680
303.1 1838604
303.6 1838792
304.1 1838508
304.6 1838904
305.1 1838492
305.6 1838540
306.1 1838620
306.6 1838320
307.1 1838588
307.6 1838164
308.1 1838336
308.6 1838700
309.1 1839136
309.6 1838840
310.1 1838840
310.6 1838476
311.1 1839016
311.6 1838860
312.1 1838604
312.6 1838872
313.1 1838952
313.6 1838716
314.1 1838968
314.6 1838840
315.1 1838904
315.6 1838760
316.1 1838588
316.6 1838872
317.1 1838476
317.6 1838684
318.1 1838572
318.6 1838652
319.1 1838416
319.6 1838904
320.1 1838936
320.6 1838620
321.1 1838920
321.6 1838716
322.1 1838228
322.6 1838064
323.1 1838652
323.6 1832940
324.1 1832940
324.6 1832940
325.1 1832908
325.6 1832908
326.1 1832972
326.6 1832972
327.1 1832972
327.6 1832972
328.1 1832972
328.6 1832972
329.1 1832972
329.6 1832972
330.1 1832940
330.6 1832940
331.1 1832940
331.6 1832940
332.1 1832940
332.6 1832940
333.1 1832940
333.6 1832940
334.1 1832972
334.6 1832940
335.1 1832940
335.6 1832940
336.1 1832940
336.6 1832940
337.1 1832940
337.6 1832940
338.1 1832940
338.6 1832940
339.1 1832908
339.6 1832908
340.1 1832908
340.6 1832908
341.1 1832972
341.6 1832972
342.1 1832972
342.6 1832972
343.2 1832972
343.7 1832972
344.2 1832940
344.7 1832940
345.2 1838644
345.7 1838580
346.2 1838468
346.7 1838912
347.2 1838944
347.7 1838248
348.2 1838248
348.7 1838436
349.2 1838736
349.7 1838668
350.2 1838824
350.7 1838540
351.2 1838492
351.7 1838320
352.2 1838668
352.7 1838320
353.2 1838180
353.7 1838036
354.2 1837988
354.7 1837864
355.2 1838336
355.7 1838272
356.2 1838352
356.7 1838196
357.2 1838400
357.7 1838524
358.2 1838872
358.7 1838776
359.2 1838728
359.7 1838588
360.2 1838508
360.7 1838444
361.2 1838524
361.7 1838604
362.2 1838004
362.7 1837864
363.2 1838540
363.7 1838412
364.2 1838460
364.7 1838652
365.2 1838636
365.7 1838824
366.2 1838604
366.7 1838540
367.2 1838256
367.7 1836168
368.2 1832432
368.7 1832432
369.2 1832432
369.7 1832432
370.2 1832432
370.7 1832432
371.2 1832432
371.7 1832432
372.2 1832400
372.7 1832400
373.2 1832464
373.7 1832464
374.2 1832464
374.7 1832464
375.2 1832464
375.7 1832464
376.3 1832464
376.8 1832464
377.3 1832432
377.8 1832432
378.3 1832432
378.8 1832432
379.3 1832432
379.8 1832432
380.3 1832432
380.8 1832432
381.3 1832464
381.8 1832464
382.3 1832464
382.8 1832464
383.3 1832464
383.8 1832464
384.3 1832464
384.8 1832464
385.3 1832464
385.8 1832464
386.3 1832432
386.9 1832432
387.4 1832432
388.0 1832432
388.5 1832432
389.0 1832432
389.5 1832464
390.0 1838544
390.5 1838580
391.0 1838896
391.5 1838604
392.0 1838760
392.5 1838636
393.0 1838448
393.5 1838604
394.0 1838652
394.5 1838840
395.0 1838760
395.5 1838808
396.0 1838904
396.5 1838572
397.0 1839204
397.5 1838020
398.0 1838068
398.5 1838036
399.0 1838336
399.5 1838620
400.0 1839104
400.5 1839732
401.0 1839328
401.5 1838980
402.0 1839076
402.5 1838604
403.0 1838840
403.5 1839016
404.0 1838668
404.5 1838400
405.0 1838384
405.5 1837880
406.0 1837768
406.5 1837800
407.0 1837864
407.5 1837848
408.0 1838052
408.5 1838020
409.0 1837880
409.5 1837988
410.0 1837752
410.5 1838384
411.0 1838824
411.5 1838476
412.0 1838540
412.5 1835144
413.0 1832552
413.5 1832552
414.0 1832552
414.5 1832552
415.0 1832552
415.5 1832584
416.0 1832584
416.5 1832584
417.0 1832584
417.5 1832552
418.0 1832552
418.5 1832552
419.0 1832552
419.5 1832552
420.0 1832552
420.5 1832552
421.0 1832552
421.5 1832552
422.0 1832584
422.5 1832584
423.0 1832584
423.5 1832584
424.0 1832584
424.5 1832584
425.0 1832584
425.5 1832584
426.0 1832584
426.5 1832552
427.0 1832552
427.6 1832552
428.1 1832552
428.6 1832552
429.1 1832552
429.6 1832584
430.1 1832584
430.6 1832584
431.1 1832584
431.6 1832552
432.2 1832552
432.7 1832552
433.2 1832552
433.7 1832552
434.2 1832552
434.7 1838148
435.2 1839560
435.7 1838884
436.2 1838464
436.7 1838240
437.2 1838384
437.7 1838572
438.2 1838840
438.7 1838744
439.2 1838492
439.7 1838464
440.2 1838272
440.7 1838492
441.2 1838604
441.7 1838460
442.2 1838856
442.7 1839016
443.2 1838556
443.7 1838744
444.2 1838572
444.7 1838776
445.2 1838872
445.7 1838680
446.2 1838572
446.7 1838208
447.2 1838428
447.7 1838356
448.2 1838248
448.7 1838264
449.2 1838328
449.7 1838376
450.2 1838188
450.7 1838172
451.2 1838060
451.7 1839028
452.2 1839248
452.7 1838452
453.2 1838620
453.7 1838840
454.2 1838652
454.7 1838824
455.2 1838524
455.7 1838180
456.2 1838080
456.7 1838652
457.2 1838556
457.7 1832756
458.2 1832756
458.7 1832756
459.2 1832756
459.7 1832756
460.2 1832756
460.7 1832756
461.2 1832756
461.7 1832756
462.2 1832756
462.7 1832788
463.2 1832788
463.7 1832788
464.2 1832788
464.7 1832788
465.2 1832788
465.7 1832788
466.2 1832788
466.7 1832788
467.2 1832788
467.7 1832756
468.2 1832756
468.7 1832756
469.2 1832756
469.7 1832788
470.2 1832788
470.7 1832788
471.2 1832788
471.7 1832756
472.2 1832756
472.7 1832756
473.2 1832756
473.7 1832756
474.2 1832756
474.7 1832756
475.2 1832756
475.7 1832756
476.2 1832756
476.7 1832724
477.2 1832788
477.7 1832788
478.2 1832788
478.7 1832788
479.2 1832788
479.7 1839868
480.2 1838856
480.7 1838588
481.2 1838524
481.7 1838492
482.2 1838680
482.7 1838604
483.2 1838636
483.7 1838384
484.2 1838572
484.7 1838540
485.2 1838572
485.7 1838240
486.2 1838492
486.7 1838824
487.2 1838224
487.7 1838256
488.2 1838572
488.7 1838696
489.2 1838588
489.7 1838556
490.2 1838460
490.7 1838620
491.2 1838980
491.7 1838572
492.2 1838808
492.7 1838760
493.2 1838728
493.7 1838840
494.2 1838712
494.7 1838496
495.2 1838492
495.7 1838508
496.2 1838368
496.7 1839924
497.2 1839956
497.7 1838484
498.2 1838564
498.7 1838580
499.2 1838484
499.7 1837960
500.2 1839132
500.7 1838564
501.2 1838816
501.7 1838596
502.2 1838656
502.7 1832796
503.2 1832860
503.7 1832828
504.2 1832828
504.7 1832828
505.2 1832828
505.7 1832828
506.2 1832828
506.8 1832828
507.3 1832828
507.9 1832828
508.4 1832828
508.9 1832796
509.4 1832796
509.9 1832796
510.4 1832796
510.9 1832796
511.4 1832796
511.9 1832828
512.4 1832828
512.9 1832828
513.4 1832828
513.9 1832796
514.4 1832796
514.9 1832796
515.4 1832796
515.9 1832796
516.4 1832796
516.9 1832796
517.4 1832796
517.9 1832764
518.4 1832828
518.9 1832828
519.4 1832828
519.9 1832828
520.4 1832828
520.9 1832828
521.6 1832828
522.1 1832828
522.6 1832828
523.3 1832828
523.8 1832796
524.3 1832796
524.8 1839512
525.3 1838572
525.8 1838320
526.3 1838160
526.8 1838160
527.3 1838304
527.8 1838556
528.3 1838588
528.8 1838492
529.3 1838668
529.8 1838556
530.3 1838556
530.8 1838792
531.3 1839280
531.8 1838872
532.3 1838220
532.8 1838792
533.3 1838668
533.8 1838776
534.3 1838760
534.8 1838728
535.3 1838460
535.8 1838880
536.3 1838460
536.8 1838572
537.3 1838256
537.8 1838192
538.3 1838240
538.8 1838712
539.3 1839108
539.8 1838288
540.3 1838272
540.8 1838352
541.3 1838904
541.8 1838968
542.3 1838716
542.8 1838904
543.3 1838492
543.8 1838460
544.3 1838604
544.8 1838556
545.3 1839076
545.8 1838524
546.3 1838588
546.8 1838604
547.3 1838904
547.8 1832924
548.3 1832924
548.8 1832924
549.3 1832924
549.8 1832924
550.3 1832924
550.8 1832924
551.3 1832924
551.8 1832956
552.3 1832956
552.8 1832956
553.3 1832956
553.9 1832956
554.4 1832956
555.0 1832956
555.5 1832956
556.0 1832956
556.5 1832956
557.0 1832924
557.6 1832924
558.1 1832924
558.7 1832956
559.2 1832956
559.7 1832956
560.2 1832956
560.7 1832956
561.2 1832956
561.7 1832924
562.2 1832924
562.7 1832924
563.2 1832924
563.7 1832924
564.2 1832924
564.7 1832924
565.2 1832924
565.7 1832892
566.2 1832956
566.7 1832956
567.2 1832956
567.7 1832956
568.2 1832956
568.7 1832956
569.2 1832956
569.7 1839724
570.2 1838816
570.7 1838784
571.2 1838548
571.7 1838420
572.2 1838548
572.7 1838452
573.2 1838264
573.7 1838360
574.2 1838280
574.7 1838124
575.2 1837808
575.7 1837920
576.2 1837488
576.7 1837948
577.2 1838264
577.7 1838668
578.2 1838352
578.7 1838368
579.2 1838448
579.7 1838796
580.2 1838872
580.7 1838444
581.2 1838412
581.7 1837032
582.2 1838284
582.7 1837904
583.2 1837708
583.7 1838308
584.2 1838176
584.7 1839056
585.2 1838436
585.7 1839408
586.2 1838956
586.7 1838064
587.2 1840716
587.7 1839800
588.2 1839412
588.7 1838864
589.2 1839020
589.7 1839288
590.2 1839288
590.7 1838948
591.2 1839008
591.7 1838776
592.2 1838856
592.7 1838404
593.2 1838180
593.7 1838608
594.2 1838812
594.7 1838856
595.2 1833180
595.7 1833180
596.3 1833180
596.8 1833180
597.3 1833180
597.8 1833176
598.4 1833176
598.9 1833144
599.4 1833144
599.9 1833144
600.4 1833144
600.9 1833144
601.5 1833144
602.0 1833144
602.5 1833144
603.0 1833176
603.5 1833176
604.0 1833176
604.5 1833176
605.0 1833176
605.5 1833176
606.0 1833176
606.5 1833176
607.0 1833176
607.6 1833176
608.1 1833144
608.6 1833144
609.1 1833144
609.6 1833144
610.1 1833144
610.6 1833144
611.1 1833176
611.6 1833176
612.1 1833176
612.6 1833176
613.1 1833144
613.6 1833144
614.1 1833144
614.6 1833144
615.1 1838704
615.6 1838784
616.1 1839020
616.6 1839224
617.1 1838640
617.6 1838928
618.1 1838800
618.6 1838800
619.1 1838864
619.6 1839116
620.1 1839112
620.6 1839032
621.1 1839128
621.6 1838844
622.1 1838796
622.6 1839204
623.1 1839724
623.6 1839316
624.1 1839192
624.6 1838812
625.1 1839072
625.6 1838708
626.1 1838944
626.6 1838848
627.1 1838852
627.6 1838252
628.1 1838688
628.6 1838388
629.1 1838180
629.6 1838244
630.1 1838284
630.6 1838632
631.1 1838740
631.6 1839024
632.1 1839232
632.6 1838992
633.1 1839008
633.6 1838708
634.1 1839088
634.6 1838880
635.1 1838848
635.6 1838800
636.1 1839004
636.6 1839416
637.1 1838924
637.6 1833208
638.1 1833240
638.6 1833240
639.1 1833240
639.6 1833240
640.1 1833204
640.6 1833204
641.1 1833204
641.7 1833204
642.2 1833204
642.7 1833204
643.2 1833204
643.8 1833204
644.3 1833204
644.9 1833204
645.4 1833172
645.9 1833236
646.4 1833236
647.1 1833236
647.6 1833236
648.1 1833236
648.6 1833236
649.1 1833236
649.6 1833236
650.1 1833204
650.6 1833204
651.1 1833204
651.6 1833204
652.1 1833204
652.6 1833204
653.1 1833204
653.6 1833204
654.1 1833236
654.6 1833204
655.1 1833204
655.6 1833204
656.1 1833204
656.6 1833204
657.1 1833204
657.6 1833204
658.2 1833204
658.7 1833204
659.2 1833172
659.7 1836832
660.2 1838668
660.7 1839048
661.2 1838544
661.7 1838544
662.2 1838512
662.7 1838496
663.2 1838560
663.7 1838276
664.2 1838276
664.7 1838524
665.2 1838256
665.7 1838524
666.2 1838872
666.7 1838996
667.2 1838696
667.7 1839076
668.2 1839012
668.7 1838632
669.2 1838964
669.7 1839004
670.2 1838800
670.7 1838972
671.2 1838972
671.7 1839020
672.2 1838768
672.7 1838768
673.2 1838736
673.7 1839148
674.2 1838832
674.7 1838652
675.2 1838480
675.7 1838700
676.2 1839016
676.7 1839000
677.2 1838620
677.7 1839080
678.2 1839080
678.7 1838700
679.2 1838860
679.7 1838852
680.2 1838836
680.7 1838740
681.2 1838708
681.7 1838788
682.2 1838692
682.7 1838772
683.2 1839116
683.7 1833140
684.2 1833140
684.7 1833140
685.2 1833172
685.7 1833172
686.2 1833172
686.7 1833172
687.3 1833140
687.8 1833140
688.3 1833140
688.8 1833140
689.3 1833140
689.8 1833140
690.3 1833140
690.8 1833140
691.3 1833140
691.8 1833140
692.3 1833172
692.8 1833172
693.3 1833172
693.9 1833172
694.4 1833172
694.9 1833172
695.4 1833172
695.9 1833172
696.4 1833172
696.9 1833172
697.4 1833140
697.9 1833140
698.5 1833140
699.0 1833140
699.5 1833140
700.0 1833172
700.5 1833172
701.0 1833172
701.5 1833140
702.0 1833140
702.5 1833140
703.0 1833140
703.6 1833140
704.1 1833140
704.6 1836104
705.1 1838960
705.6 1839088
706.1 1838644
706.6 1838852
707.1 1838676
707.6 1838640
708.1 1838960
708.6 1839244
709.1 1838896
709.6 1838844
710.1 1839336
710.6 1839000
711.1 1838904
711.6 1838704
712.1 1839036
712.6 1838940
713.1 1838768
713.6 1839036
714.1 1839224
714.6 1838964
715.1 1838964
715.6 1839216
716.1 1839108
716.6 1838696
717.1 1839184
717.6 1838932
718.1 1838948
718.6 1838996
719.1 1838760
719.6 1838852
720.1 1838916
720.6 1838648
721.1 1838808
721.6 1839248
722.1 1839708
722.6 1839888
723.1 1839520
723.6 1839180
724.1 1838892
724.6 1838944
725.1 1839496
725.6 1839196
726.1 1838992
726.6 1838976
727.1 1838616
727.6 1838676
728.1 1839372
728.6 1832964
729.1 1832932
729.6 1832932
730.2 1832932
730.7 1832928
731.2 1832928
731.7 1832960
732.2 1832960
732.7 1832960
733.2 1832960
733.7 1832928
734.2 1832928
734.7 1832928
735.2 1832928
735.7 1832928
736.2 1832928
736.7 1832928
737.2 1832928
737.7 1832928
738.3 1832896
738.8 1832960
739.3 1832960
739.9 1832960
740.4 1832960
740.9 1832960
741.5 1832960
742.0 1832960
742.5 1832960
743.0 1832960
743.5 1832928
744.1 1832928
744.6 1832928
745.2 1832928
745.7 1832928
746.2 1832960
746.7 1832960
747.2 1832960
747.7 1832960
748.2 1832960
748.7 1832928
749.2 1832928
749.7 1838932
750.2 1840048
750.7 1839028
751.2 1838916
751.7 1839028
752.2 1838644
752.7 1838840
753.2 1838508
753.7 1838140
754.2 1839152
754.7 1839280
755.2 1839652
755.7 1838952
756.2 1839236
756.7 1839172
757.2 1839124
757.7 1839220
758.2 1838968
758.7 1839112
759.2 1838556
759.7 1838668
760.2 1838956
760.7 1838940
761.2 1839052
761.7 1839192
762.2 1838892
762.7 1839020
763.2 1839112
763.7 1838988
764.2 1838860
764.7 1839568
765.2 1838800
765.7 1839052
766.2 1838848
766.7 1839084
767.2 1838924
767.7 1839176
768.2 1839224
768.7 1838800
769.2 1838736
769.7 1838660
770.2 1838916
770.7 1838980
771.2 1838808
771.7 1838680
772.2 1838932
772.7 1838884
773.2 1839012
773.7 1832856
774.2 1832856
774.7 1832856
775.2 1832856
775.7 1832856
776.3 1832856
776.8 1832824
777.3 1832824
777.8 1832824
778.3 1832824
778.8 1832824
779.3 1832824
779.8 1832824
780.3 1832824
780.8 1832824
781.3 1832824
781.8 1832856
782.3 1832856
782.8 1832856
783.3 1832856
783.8 1832856
784.3 1832856
784.8 1832856
785.3 1832856
785.8 1832856
786.3 1832856
786.8 1832824
787.3 1832824
787.8 1832824
788.4 1832824
788.9 1832856
789.4 1832856
789.9 1832856
790.4 1832856
790.9 1832824
791.4 1832824
791.9 1832824
792.5 1832824
793.1 1832824
793.6 1832824
794.1 1832824
794.6 1832824
795.1 1839292
795.6 1839188
796.1 1839216
796.6 1838760
797.1 1838840
797.6 1838852
798.1 1839028
798.6 1839200
799.1 1839312
799.6 1839392
800.1 1839408
800.6 1839060
801.1 1839216
801.6 1839044
802.1 1839424
802.6 1838808
803.1 1838164
803.6 1838240
804.1 1838888
804.6 1838728
805.1 1838688
805.6 1839256
806.1 1841576
806.6 1839720
807.1 1839328
807.6 1839248
808.1 1839156
808.6 1838396
809.1 1838948
809.6 1839076
810.1 1839148
810.6 1839260
811.1 1839196
811.6 1838936
812.1 1838904
812.6 1838652
813.1 1838952
813.6 1839300
814.1 1839268
814.6 1839332
815.1 1838944
815.6 1839292
816.1 1839308
816.6 1838820
817.1 1838992
817.6 1838788
818.1 1839056
818.6 1836500
819.1 1833044
819.6 1833044
820.2 1833044
820.7 1833040
821.2 1833040
821.7 1833040
822.2 1833040
822.7 1833008
823.2 1833008
823.7 1833008
824.2 1833008
824.7 1833008
825.2 1833008
825.7 1833040
826.2 1833040
826.7 1833040
827.3 1833040
827.8 1833008
828.3 1833008
828.8 1833008
829.3 1833008
829.8 1833008
830.3 1833008
830.8 1833008
831.3 1833008
832.0 1832976
832.9 1832976
834.3 1832976
834.8 1833040
835.3 1833040
835.8 1833040
836.3 1833040
838.0 1833040
838.5 1833040
839.5 1833008
840.0 1839028
840.5 1838900
841.0 1838884
841.5 1838744
842.0 1838880
842.5 1838736
843.0 1838560
843.5 1839192
844.0 1838940
844.5 1838860
845.0 1838996
845.5 1838868
846.0 1838932
846.5 1838836
847.0 1838728
847.5 1838996
848.0 1838536
848.5 1838556
849.0 1838712
849.5 1838460
850.0 1838656
850.5 1838560
851.0 1838672
851.5 1838640
852.0 1838876
852.5 1838876
853.0 1839224
853.5 1839004
854.0 1839352
854.5 1839004
855.0 1839004
855.5 1838844
856.0 1838940
856.5 1838704
857.0 1840056
857.5 1839096
858.0 1839208
858.5 1838828
859.0 1838956
859.5 1838592
860.0 1839280
860.5 1838928
861.0 1839068
861.5 1838832
862.0 1838912
862.5 1838848
863.0 1838864
863.5 1832988
865.6 1832984
866.1 1832984
866.6 1832984
867.1 1832984
867.6 1832984
868.1 1832984
869.9 1832984
871.7 1832952
873.5 1832952
874.0 1832952
874.5 1833016
877.8 1833016
878.3 1833016
880.3 1833016
882.1 1832984
882.6 1832984
883.1 1832984
884.5 1832984
885.0 1838656
885.5 1838972
886.0 1838868
886.5 1839608
887.0 1839200
887.5 1839244
888.0 1839276
888.5 1839196
889.0 1839212
889.5 1839180
890.0 1838944
890.5 1838768
891.0 1838280
891.5 1838392
892.0 1838172
892.5 1838384
893.0 1837832
893.5 1838052
894.0 1838132
894.5 1838620
895.0 1839172
895.5 1838904
896.0 1839124
896.5 1838712
897.0 1838904
897.5 1838868
898.0 1839232
898.5 1839168
899.0 1839280
899.5 1838948
900.0 1838488
900.5 1838916
901.0 1838864
901.5 1839200
902.0 1838868
902.5 1838420
903.0 1838704
903.5 1838436
904.0 1838576
904.5 1839204
905.0 1839688
905.5 1839124
906.0 1839012
906.5 1838996
907.0 1838932
907.5 1838864
908.0 1838864
908.5 1833088
909.0 1833088
910.9 1833088
911.4 1833088
915.1 1833048
915.6 1833048
917.5 1833112
921.1 1833112
923.0 1833112
923.5 1833112
924.0 1833112
924.5 1833112
926.3 1833080
926.8 1833080
929.5 1833080
930.0 1839084
930.5 1838912
931.0 1839244
931.5 1838896
932.0 1839196
932.5 1839400
933.0 1839244
933.5 1838960
934.0 1838720
934.5 1839008
935.0 1839168
935.5 1839152
936.0 1839200
936.5 1839200
937.0 1839152
937.5 1838868
938.0 1839060
938.5 1839232
939.0 1838616
939.5 1840392
940.0 1839372
940.5 1839180
941.0 1839024
941.5 1839324
942.0 1839196
942.5 1838928
943.0 1838992
943.5 1839040
944.0 1839308
944.5 1838992
945.0 1839192
945.5 1839156
946.0 1839128
946.5 1839160
947.0 1838704
947.5 1838500
948.0 1838356
948.5 1838640
949.0 1838924
949.5 1839176
950.0 1839248
950.5 1839120
951.0 1839040
951.5 1839184
952.0 1838836
952.5 1838948
953.0 1839088
953.5 1834776
955.7 1833276
957.6 1833276
959.5 1833276
960.0 1833276
961.6 1833276
965.3 1833276
965.8 1833276
966.3 1833244
966.8 1833308
967.3 1833308
967.8 1833308
968.3 1833308
970.1 1833308
972.0 1833308
972.5 1833308
974.3 1833308
974.8 1839520
975.3 1839072
975.8 1839088
976.3 1839232
976.8 1839216
977.3 1838980
977.8 1838964
978.3 1838932
978.8 1838868
979.3 1838932
979.8 1839080
980.3 1838544
980.8 1838812
981.3 1838844
981.8 1838940
982.3 1838828
982.8 1838764
983.3 1838860
983.8 1838592
984.3 1839020
984.8 1839288
985.3 1839068
985.8 1838928
986.3 1839760
986.8 1839364
987.3 1838904
987.8 1839992
988.3 1839376
988.8 1838968
989.3 1838652
989.8 1838928
990.3 1838440
990.8 1838768
991.3 1838816
991.8 1839116
992.3 1839196
992.8 1839132
993.3 1838800
993.8 1839036
994.3 1839276
994.8 1839076
995.3 1838888
995.8 1839320
996.3 1838624
996.8 1838880
997.3 1839008
997.8 1838784
998.3 1837676
998.8 1833192
999.3 1833192
1000.0 1833188
1000.5 1833188
1005.9 1833188
1006.4 1833188
1008.2 1833188
1009.3 1833156
1012.6 1833156
1013.1 1833156
1013.6 1833156
1014.1 1833156
1014.6 1833156
1015.1 1833156
1016.9 1833188
1018.8 1833156
1019.5 1833156
1020.0 1838988
1020.5 1838860
1021.0 1838528
1021.5 1838752
1022.0 1839272
1022.5 1839144
1023.0 1838388
1023.5 1838388
1024.0 1838972
1024.5 1838940
1025.0 1839468
1025.5 1838804
1026.0 1838944
1026.5 1838964
1027.0 1839008
1027.5 1838916
1028.0 1838868
1028.5 1838740
1029.0 1838884
1029.5 1838632
1030.0 1838720
1030.5 1838528
1031.0 1838528
1031.5 1838688
1032.0 1838560
1032.5 1838544
1033.0 1838528
1033.5 1838700
1034.0 1838956
1034.5 1838712
1035.0 1839012
1035.5 1839200
1036.0 1838868
1036.5 1838744
1037.0 1838176
1037.5 1838332
1038.0 1838712
1038.5 1838552
1039.0 1839716
1039.5 1839200
1040.0 1838752
1040.5 1838720
1041.0 1839244
1041.5 1838752
1042.0 1839116
1042.5 1839068
1043.0 1839124
1043.5 1833256
1044.0 1833256
1044.5 1833256
1046.3 1833252
1053.5 1833220
1057.2 1833220
1059.0 1833220
1061.0 1833252
1062.9 1833252
1063.4 1833252
1064.5 1833252
1065.0 1839244
1065.5 1839120
1066.0 1838980
1066.5 1838804
1067.0 1838504
1067.5 1838820
1068.0 1838664
1068.5 1838648
1069.0 1838504
1069.5 1838616
1070.0 1839036
1070.5 1839212
1071.0 1839100
1071.5 1838944
1072.0 1839068
1072.5 1839068
1073.0 1838816
1073.5 1839224
1074.0 1839084
1074.5 1839068
1075.0 1839108
1075.5 1839612
1076.0 1839344
1076.5 1839328
1077.0 1838920
1077.5 1838904
1078.0 1839156
1078.5 1839124
1079.0 1839124
1079.5 1839280
1080.0 1839492
1080.5 1838784
1081.0 1838752
1081.5 1838596
1082.0 1838736
1082.5 1838500
1083.0 1839036
1083.5 1838816
1084.0 1838972
1084.5 1839020
1085.0 1839024
1085.5 1839120
1086.0 1839180
1086.5 1838992
1087.0 1838944
1087.5 1838804
1088.0 1838804
1088.5 1833084
1090.5 1832984
1091.0 1832984
1092.9 1832984
1094.7 1832984
1096.6 1832984
1097.1 1832984
1100.0 1833016
1100.5 1833016
1102.3 1832984
1104.2 1832984
1104.8 1832984
1105.3 1832984
1107.2 1832984
1109.5 1832984
1110.0 1839140
1110.5 1839028
1111.0 1839092
1111.5 1839260
1112.0 1839240
1112.5 1839336
1113.0 1838820
1113.5 1839400
1114.0 1839100
1114.5 1839020
1115.0 1838968
1115.5 1838492
1116.0 1839000
1116.5 1838856
1117.0 1839268
1117.5 1838828
1118.0 1838292
1118.5 1838196
1119.0 1838528
1119.5 1838936
1120.0 1838928
1120.5 1838652
1121.0 1838796
1121.5 1838640
1122.0 1838828
1122.5 1839112
1123.0 1839000
1123.5 1838780
1124.0 1839032
1124.5 1839000
1125.0 1839180
1125.5 1839404
1126.0 1839308
1126.5 1839168
1127.0 1838804
1127.5 1838944
1128.0 1839008
1128.5 1838740
1129.0 1838632
1129.5 1838804
1130.0 1839000
1130.5 1839108
1131.0 1839172
1131.5 1839300
1132.0 1838544
1132.5 1838384
1133.0 1838512
1133.5 1832924
1134.0 1832924
1134.5 1832924
1135.0 1832924
1136.9 1832920
1138.6 1832952
1139.1 1832952
1141.0 1832952
1142.7 1832920
1143.5 1832920
1144.3 1832920
1145.0 1832920
1145.5 1832920
1146.0 1832920
1146.5 1832920
1147.0 1832920
1147.5 1832888
1148.0 1832888
1148.5 1832888
1149.0 1832888
1150.2 1832952
1150.7 1832952
1151.4 1832952
1151.9 1832952
1152.4 1832952
1153.2 1832952
1153.9 1832920
1154.4 1832920
1154.9 1839264
1155.4 1838980
1155.9 1838884
1156.4 1838776
1156.9 1838980
1157.4 1839108
1157.9 1838932
1158.4 1838964
1158.9 1839200
1159.4 1839108
1159.9 1839176
1160.4 1839048
1160.9 1839048
1161.4 1839140
1161.9 1839112
1162.4 1838748
1162.9 1838684
1163.4 1838828
1163.9 1838764
1164.4 1838780
1164.9 1838712
1165.4 1839044
1165.9 1838916
1166.4 1838996
1166.9 1838916
1167.4 1838948
1167.9 1839304
1168.4 1838956
1168.9 1839288
1169.4 1839112
1169.9 1839060
1170.4 1839360
1170.9 1839424
1171.4 1838964
1171.9 1839516
1172.4 1839376
1172.9 1839716
1173.4 1839484
1173.9 1839248
1174.4 1839140
1174.9 1838528
1175.4 1838260
1175.9 1838372
1176.4 1838716
1176.9 1839096
1177.4 1838652
1177.9 1838716
1178.4 1832840
1178.9 1832872
1184.0 1832872
1185.8 1832872
1187.7 1832872
1189.6 1832840
1193.4 1832840
1199.5 1832840
1200.0 1838740
1200.5 1838772
1201.0 1838612
1201.5 1838392
1202.0 1838504
1202.5 1838440
1203.0 1838912
1203.5 1838876
1204.0 1838756
1204.5 1838612
1205.0 1838624
1205.5 1838672
1206.0 1838436
1206.5 1838596
1207.0 1838388
1207.5 1838704
1208.0 1838640
1208.5 1838908
1209.0 1839004
1209.5 1838528
1210.0 1838964
1210.5 1838616
1211.0 1838632
1211.5 1838776
1212.0 1838316
1212.5 1838780
1213.0 1838784
1213.5 1838712
1214.0 1839044
1214.5 1838996
1215.0 1838972
1215.5 1839288
1216.0 1839256
1216.5 1838592
1217.0 1838768
1217.5 1838924
1218.0 1838892
1218.5 1838624
1219.0 1838264
1219.5 1838280
1220.0 1838872
1220.5 1838748
1221.0 1839064
1221.5 1838904
1222.0 1839144
1222.5 1839204
1223.0 1838984
1223.5 1833576
1224.0 1833288
1227.5 1833316
1231.0 1833316
1232.9 1833316
1234.7 1833284
1235.2 1833284
1236.4 1833284
1236.9 1833284
1242.2 1833284
1242.7 1833284
1244.5 1833284
1245.0 1839784
1245.5 1839224
1246.0 1838788
1246.5 1839040
1247.0 1839012
1247.5 1839200
1248.0 1839120
1248.5 1839152
1249.0 1839280
1249.5 1839296
1250.0 1839036
1250.5 1839256
1251.0 1838412
1251.5 1838524
1252.0 1838412
1252.5 1838428
1253.0 1838268
1253.5 1838712
1254.0 1838776
1254.5 1838616
1255.0 1838340
1255.5 1838372
1256.0 1838388
1256.5 1838452
1257.0 1838072
1257.5 1838532
1258.0 1839020
1258.5 1839120
1259.0 1839188
1259.5 1839192
1260.0 1839044
1260.5 1839092
1261.0 1839236
1261.5 1838952
1262.0 1838840
1262.5 1839016
1263.0 1838920
1263.5 1838808
1264.0 1838888
1264.5 1839236
1265.0 1839040
1265.5 1839076
1266.0 1838976
1266.5 1838492
1267.0 1838712
1267.5 1838996
1268.0 1838996
1268.5 1833236
1269.0 1833236
1269.8 1833232
1270.3 1833232
1270.8 1833232
1271.3 1833232
1271.8 1833264
1272.8 1833264
1273.4 1833264
1276.9 1833232
1277.4 1833232
1279.2 1833232
1279.7 1833232
1280.2 1833232
1280.7 1833232
1283.8 1833232
1284.3 1833232
1284.8 1833200
1285.3 1833200
1287.1 1833264
1289.5 1833264
1290.0 1838980
1290.5 1838984
1291.0 1838652
1291.5 1838888
1292.0 1839536
1292.5 1838796
1293.0 1839144
1293.5 1838824
1294.0 1839204
1294.5 1838968
1295.0 1839260
1295.5 1839008
1296.0 1838944
1296.5 1839008
1297.0 1839148
1297.5 1838740
1298.0 1838976
1298.5 1838360
1299.0 1838392
1299.5 1838408
1300.0 1838764
1300.5 1838336
1301.0 1838604
1301.5 1838384
1302.0 1838920
1302.5 1839500
1303.0 1838984
1303.5 1838620
1304.0 1838256
1304.5 1838260
1305.0 1838328
1305.5 1838660
1306.0 1838612
1306.5 1838424
1307.0 1838612
1307.5 1839180
1308.0 1838800
1308.5 1838864
1309.0 1838960
1309.5 1838772
1310.0 1838216
1310.5 1838340
1311.0 1838844
1311.5 1838780
1312.0 1839048
1312.5 1838640
1313.0 1838704
1313.5 1836716
1314.0 1832784
1314.5 1832784
1315.0 1832748
1315.5 1832812
1317.7 1832812
1319.7 1832812
1320.2 1832812
1320.7 1832812
1321.2 1832812
1322.0 1832812
1326.3 1832780
1328.2 1832780
1330.1 1832780
1330.6 1832780
1331.1 1832780
1333.1 1832780
1333.6 1832780
1334.5 1832812
1335.0 1838604
1335.5 1838684
1336.0 1838668
1336.5 1839124
1337.0 1838904
1337.5 1838856
1338.0 1839144
1338.5 1839220
1339.0 1839252
1339.5 1838872
1340.0 1838832
1340.5 1838880
1341.0 1839116
1341.5 1838944
1342.0 1838944
1342.5 1838960
1343.0 1838880
1343.5 1838912
1344.0 1838784
1344.5 1838880
1345.0 1838920
1345.5 1838776
1346.0 1838808
1346.5 1838904
1347.0 1838748
1347.5 1838964
1348.0 1839252
1348.5 1838668
1349.0 1838732
1349.5 1838936
1350.0 1838664
1350.5 1838788
1351.0 1838756
1351.5 1838772
1352.0 1839060
1352.5 1838996
1353.0 1838664
1353.5 1838584
1354.0 1838852
1354.5 1838948
1355.0 1838712
1355.5 1838920
1356.0 1839300
1356.5 1838824
1357.0 1838932
1357.5 1838900
1358.0 1839332
1361.6 1833016
1362.1 1833016
1362.6 1833016
1363.1 1833048
1363.6 1833048
1364.1 1833048
1364.7 1833048
1365.2 1833016
1365.7 1833016
1366.2 1833016
1366.7 1833016
1367.2 1833016
1367.7 1833016
1368.2 1833016
1368.7 1833016
1369.2 1833016
1369.7 1833016
1370.2 1833016
1370.7 1833048
1371.2 1833048
1371.7 1833048
1372.2 1833048
1372.7 1833048
1373.2 1833048
1373.7 1833048
1374.2 1833048
1374.7 1833016
1375.2 1833016
1375.7 1833016
1376.2 1833016
1376.7 1833016
1377.2 1833048
1377.7 1833048
1378.2 1833048
1378.7 1833048
1379.3 1833016
1379.8 1833016
1380.3 1839100
1380.8 1839008
1381.3 1838816
1381.8 1838960
1382.3 1838660
1382.8 1838800
1383.3 1839244
1383.8 1839132
1384.3 1839604
1384.8 1839292
1385.3 1838796
1385.8 1838612
1386.3 1839016
1386.8 1838844
1387.3 1838876
1387.8 1839144
1388.3 1838828
1388.8 1839032
1389.3 1838608
1389.8 1839064
1390.3 1838996
1390.8 1838636
1391.3 1838652
1391.8 1838904
1392.3 1839092
1392.8 1839140
1393.3 1838796
1393.8 1838888
1394.3 1838888
1394.8 1838652
1395.3 1838868
1395.8 1839056
1396.3 1838632
1396.8 1838916
1397.3 1838932
1397.8 1838740
1398.3 1839516
1398.8 1838900
1399.3 1838992
1399.8 1838504
1400.3 1838544
1400.8 1838560
1401.3 1838844
1401.8 1838748
1402.3 1838704
1402.8 1838688
1403.3 1839160
1403.8 1838956
1404.6 1832988
1405.1 1832984
1405.6 1832984
1406.1 1833048
1406.6 1833016
1407.1 1833016
1407.9 1833016
1409.3 1833016
1410.8 1833016
1412.2 1833016
1412.7 1833016
1413.2 1833016
1413.7 1833016
1414.2 1833016
1414.7 1832984
1416.7 1832984
1417.2 1832984
1420.9 1833016
1421.4 1833016
1423.5 1833016
1424.5 1833016
1425.0 1833016
1425.5 1838732
1426.0 1838888
1426.5 1838904
1427.0 1839140
1427.5 1839076
1428.0 1839124
1428.5 1839076
1429.0 1839132
1429.5 1839560
1430.0 1839036
1430.5 1839104
1431.0 1838804
1431.5 1838836
1432.0 1838804
1432.5 1839044
1433.0 1839096
1433.5 1839048
1434.0 1839096
1434.5 1838592
1435.0 1838924
1435.5 1839624
1436.0 1839168
1436.5 1839168
1437.0 1838836
1437.5 1838932
1438.0 1838648
1438.5 1838788
1439.0 1838916
1439.5 1839328
1440.0 1839232
1440.5 1838932
1441.0 1839004
1441.5 1839036
1442.0 1838912
1442.5 1838864
1443.0 1838452
1443.5 1838596
1444.0 1839196
1444.5 1838800
1445.0 1838736
1445.5 1839016
1446.0 1838860
1446.5 1838844
1447.0 1839128
1447.5 1838748
1448.0 1839048
1448.5 1839064
1449.0 1832672
1449.5 1832672
1453.1 1832668
1454.9 1832700
1460.4 1832700
1462.3 1832700
1462.8 1832668
1464.7 1832668
1469.5 1832668
1470.0 1838888
1470.5 1838636
1471.0 1838792
1471.5 1838808
1472.0 1838940
1472.5 1839100
1473.0 1839036
1473.5 1839152
1474.0 1838896
1474.5 1838800
1475.0 1838668
1475.5 1838508
1476.0 1838856
1476.5 1838996
1477.0 1839204
1477.5 1839028
1478.0 1838856
1478.5 1838824
1479.0 1838808
1479.5 1839220
1480.0 1839152
1480.5 1838884
1481.0 1838756
1481.5 1838820
1482.0 1838788
1482.5 1838900
1483.0 1838948
1483.5 1838836
1484.0 1838836
1484.5 1838796
1485.0 1838536
1485.5 1838504
1486.0 1838552
1486.5 1838456
1487.0 1838740
1487.5 1838756
1488.0 1838836
1488.5 1838708
1489.0 1838456
1489.5 1838584
1490.0 1839460
1490.5 1838768
1491.0 1838688
1491.5 1838548
1492.0 1838612
1492.5 1838688
1493.0 1839036
1493.5 1835360
1494.0 1832764
1494.5 1832764
1496.3 1832760
1499.1 1832728
1500.0 1832728
1500.5 1832728
1501.0 1832728
1501.5 1832728
1502.0 1832760
1502.5 1832760
1503.0 1832760
1503.5 1832760
1504.0 1832760
1504.5 1832760
1505.0 1832728
1505.5 1832728
1506.3 1832728
1507.0 1832728
1507.5 1832728
1508.6 1832728
1509.2 1832728
1509.7 1832728
1510.2 1832760
1510.7 1832760
1511.2 1832760
1511.7 1832760
1512.2 1832760
1512.7 1832760
1513.2 1832760
1513.7 1832760
1514.2 1832760
1514.7 1832760
1515.2 1838836
1515.7 1838924
1516.2 1839728
1516.7 1838828
1517.2 1839064
1517.7 1838860
1518.2 1839080
1518.7 1839208
1519.2 1838892
1519.7 1839272
1520.2 1839088
1520.7 1839388
1521.2 1838852
1521.7 1839104
1522.2 1838536
1522.7 1838568
1523.2 1839044
1523.7 1838836
1524.2 1838836
1524.7 1839152
1525.2 1838736
1525.7 1838784
1526.2 1839320
1526.7 1838812
1527.2 1839068
1527.7 1839448
1528.2 1839020
1528.7 1839256
1529.2 1838912
1529.7 1838388
1530.2 1838828
1530.7 1839096
1531.2 1838908
1531.7 1839048
1532.2 1838844
1532.7 1838924
1533.2 1838780
1533.7 1839112
1534.2 1839000
1534.7 1838780
1535.2 1838832
1535.7 1838532
1536.2 1838468
1536.7 1838468
1537.2 1838564
1537.7 1838360
1538.2 1838500
1538.7 1838580
1539.2 1832456
1540.9 1832452
1542.8 1832452
1544.7 1832516
1545.2 1832516
1545.7 1832484
1546.9 1832484
1547.4 1832484
1547.9 1832484
1548.4 1832484
1550.2 1832484
1550.7 1832484
1551.2 1832484
1551.7 1832484
1553.5 1832452
1554.0 1832452
1555.9 1832452
1557.7 1832484
1558.2 1832484
1559.5 1832484
1560.0 1838436
1560.5 1838340
1561.0 1838040
1561.5 1838008
1562.0 1838356
1562.5 1838404
1563.0 1838340
1563.5 1838780
1564.0 1838968
1564.5 1839308
1565.0 1838688
1565.5 1838688
1566.0 1838816
1566.5 1839100
1567.0 1839084
1567.5 1839176
1568.0 1838800
1568.5 1838988
1569.0 1839132
1569.5 1839288
1570.0 1838936
1570.5 1838904
1571.0 1839032
1571.5 1838308
1572.0 1838372
1572.5 1838608
1573.0 1839048
1573.5 1839332
1574.0 1839096
1574.5 1838764
1575.0 1839008
1575.5 1838884
1576.0 1838960
1576.5 1839088
1577.0 1839104
1577.5 1839104
1578.0 1839088
1578.5 1838976
1579.0 1839372
1579.5 1839024
1580.0 1838908
1580.5 1839084
1581.0 1839212
1581.5 1839320
1582.0 1839480
1582.5 1838956
1583.0 1839116
1583.5 1833064
1584.0 1833032
1584.5 1833032
1585.0 1833028
1587.8 1833028
1591.4 1833028
1595.0 1833028
1596.9 1833028
1597.4 1833028
1597.9 1833060
1598.4 1833060
1603.6 1833060
1604.5 1833060
1605.0 1838740
1605.5 1838992
1606.0 1839568
1606.5 1839144
1607.0 1838936
1607.5 1838876
1608.0 1838844
1608.5 1838908
1609.0 1839016
1609.5 1839220
1610.0 1839032
1610.5 1839252
1611.0 1839080
1611.5 1839024
1612.0 1838724
1612.5 1838756
1613.0 1838676
1613.5 1838916
1614.0 1838676
1614.5 1838532
1615.0 1838912
1615.5 1839276
1616.0 1838976
1616.5 1839544
1617.0 1839436
1617.5 1839260
1618.0 1839008
1618.5 1838788
1619.0 1839088
1619.5 1838944
1620.0 1839688
1620.5 1839200
1621.0 1838848
1621.5 1839056
1622.0 1838836
1622.5 1839152
1623.0 1838864
1623.5 1839040
1624.0 1838692
1624.5 1839072
1625.0 1838504
1625.5 1838440
1626.0 1838804
1626.5 1838884
1627.0 1838836
1627.5 1838488
1628.0 1838804
1628.5 1832920
1630.3 1832888
1632.1 1832888
1634.9 1832888
1636.9 1832888
1637.4 1832888
1639.2 1832888
1641.1 1832952
1643.0 1832920
1644.7 1832920
1646.6 1832920
1648.5 1832920
1649.5 1832920
1650.0 1838944
1650.5 1838836
1651.0 1838672
1651.5 1839008
1652.0 1838928
1652.5 1839388
1653.0 1838976
1653.5 1838896
1654.0 1839228
1654.5 1838912
1655.0 1839112
1655.5 1838872
1656.0 1838892
1656.5 1838732
1657.0 1838512
1657.5 1838592
1658.0 1839708
1658.5 1839016
1659.0 1838828
1659.5 1839096
1660.0 1839316
1660.5 1839156
1661.0 1839080
1661.5 1839224
1662.0 1838812
1662.5 1838780
1663.0 1838652
1663.5 1838544
1664.0 1838624
1664.5 1838656
1665.0 1838892
1665.5 1838924
1666.0 1839112
1666.5 1838860
1667.0 1838592
1667.5 1838452
1668.0 1839080
1668.5 1839112
1669.0 1839000
1669.5 1838796
1670.0 1838708
1670.5 1838692
1671.0 1838992
1671.5 1839040
1672.0 1839104
1672.5 1838960
1673.0 1838876
1673.5 1832964
1674.0 1832964
1674.5 1832932
1675.1 1832932
1675.6 1832932
1676.1 1832932
1676.6 1832932
1677.1 1832932
1677.6 1832932
1678.1 1832932
1678.6 1832932
1679.1 1832932
1679.6 1832964
1680.1 1832964
1680.6 1832964
1681.1 1832964
1681.6 1832964
1682.2 1832964
1682.7 1832964
1683.2 1832964
1683.8 1832964
1684.3 1832932
1684.8 1832932
1685.3 1832932
1685.8 1832932
1686.3 1832932
1686.8 1832932
1687.3 1832964
1687.8 1832964
1688.3 1832964
1688.8 1832964
1689.3 1832932
1689.9 1832932
1690.4 1832932
1690.9 1832932
1691.4 1832932
1692.0 1832932
1692.5 1832932
1693.0 1832932
1693.5 1832900
1694.0 1832900
1694.5 1832964
1695.0 1838536
1695.5 1838708
1696.0 1838772
1696.5 1839048
1697.0 1839600
1697.5 1838716
1698.0 1839208
1698.5 1838936
1699.0 1839064
1699.5 1839032
1700.0 1838532
1700.5 1838724
1701.0 1839088
1701.5 1839260
1702.0 1839056
1702.5 1839340
1703.0 1839136
1703.5 1839152
1704.0 1839184
1704.5 1838896
1705.0 1839016
1705.5 1839128
1706.0 1839428
1706.5 1838984
1707.0 1839264
1707.5 1839208
1708.0 1839128
1708.5 1839096
1709.0 1838920
1709.5 1838952
1710.0 1839144
1710.5 1839236
1711.0 1838968
1711.5 1838780
1712.0 1839268
1712.5 1839032
1713.0 1838636
1713.5 1839284
1714.0 1839460
1714.5 1838576
1715.0 1838684
1715.5 1839080
1716.0 1839016
1716.5 1838952
1717.0 1838876
1717.5 1839224
1718.0 1838920
1718.5 1834636
1719.0 1833180
1719.5 1833148
1720.0 1833148
1720.5 1833148
1721.0 1833148
1721.5 1833148
1722.0 1833148
1722.5 1833148
1723.0 1833148
1723.5 1833148
1724.0 1833148
1724.5 1833180
1725.0 1833180
1725.5 1833180
1726.0 1833180
1726.5 1833180
1727.0 1833180
1727.5 1833180
1728.0 1833180
1728.5 1833180
1729.0 1833180
1729.5 1833148
1730.0 1833148
1730.5 1833148
1731.1 1833148
1731.6 1833148
1732.1 1833148
1732.6 1833180
1733.1 1833180
1733.7 1833148
1734.2 1833148
1734.7 1833148
1735.2 1833148
1735.7 1833148
1736.2 1833148
1736.8 1833148
1737.3 1833148
1737.8 1833148
1738.3 1833116
1738.8 1833116
1739.3 1833180
1739.8 1839976
1740.3 1839048
1740.8 1839584
1741.3 1838908
1741.8 1838748
1742.3 1838748
1742.8 1838956
1743.3 1838644
1743.8 1838804
1744.3 1838724
1744.8 1839132
1745.3 1839052
1745.8 1839184
1746.3 1839056
1746.8 1839024
1747.3 1839008
1747.8 1839040
1748.3 1838708
1748.8 1839212
1749.3 1838660
1749.8 1838860
1750.3 1839016
1750.8 1839144
1751.3 1838828
1751.8 1839080
1752.3 1838796
1752.8 1838812
1753.3 1839032
1753.8 1839032
1754.3 1839016
1754.8 1839192
1755.3 1838904
1755.8 1838812
1756.3 1838748
1756.8 1838812
1757.3 1838860
1757.8 1838860
1758.3 1838876
1758.8 1838796
1759.3 1838828
1759.8 1839032
1760.3 1839016
1760.8 1839128
1761.3 1839080
1761.8 1838940
1762.3 1838716
1762.8 1839128
1763.3 1838908
1763.8 1832744
1764.3 1832744
1764.8 1832744
1765.3 1832744
1765.8 1832776
1766.3 1832776
1766.8 1832744
1767.3 1832744
1767.8 1832744
1768.3 1832744
1768.8 1832744
1769.3 1832744
1769.8 1832744
1770.3 1832744
1770.8 1832744
1771.4 1832744
1771.9 1832712
1772.4 1832712
1772.9 1832712
1773.4 1832776
1773.9 1832776
1774.4 1832776
1774.9 1832776
1775.4 1832776
1775.9 1832776
1776.4 1832744
1777.0 1832744
1777.5 1832744
1778.0 1832744
1778.5 1832744
1779.0 1832744
1779.5 1832744
1780.0 1832744
1780.5 1832744
1781.0 1832744
1781.5 1832776
1782.0 1832776
1782.5 1832776
1783.1 1832776
1783.6 1832776
1784.1 1832776
1784.6 1836940
1785.1 1838260
1785.6 1838132
1786.1 1838144
1786.6 1838528
1787.1 1838180
1787.6 1838244
1788.1 1838276
1788.6 1838512
1789.1 1839016
1789.6 1839160
1790.1 1839252
1790.6 1839172
1791.1 1838700
1791.6 1839000
1792.1 1838984
1792.6 1838888
1793.1 1839000
1793.6 1838984
1794.1 1838796
1794.6 1838748
1795.1 1838700
1795.6 1838748
1796.1 1838700
1796.6 1838400
1797.1 1838528
1797.6 1838512
1798.1 1838404
1798.6 1838684
1799.1 1838828
1799.6 1838732
1800.1 1838860
1800.6 1838652
1801.1 1838620
1801.6 1838732
1802.1 1838528
1802.6 1838716
1803.1 1839000
1803.6 1839016
1804.1 1839208
1804.6 1839048
1805.1 1838764
1805.6 1838588
1806.1 1838588
1806.6 1838464
1807.1 1838448
1807.6 1838652
1808.1 1838760
1808.6 1833044
1809.1 1833044
1809.6 1833044
1810.1 1833044
1810.7 1833044
1811.2 1833044
1811.7 1833044
1812.2 1833044
1812.8 1833044
1813.3 1833044
1813.8 1833076
1814.3 1833076
1814.8 1833076
1815.3 1833076
1815.8 1833076
1816.3 1833076
1816.8 1833076
1817.3 1833076
1817.8 1833044
1818.3 1833044
1818.8 1833044
1819.3 1833044
1819.9 1833044
1820.4 1833044
1820.9 1833044
1821.4 1833044
1821.9 1833076
1822.5 1833044
1823.0 1833044
1823.5 1833044
1824.0 1833044
1824.5 1833044
1825.0 1833044
1825.5 1833044
1826.0 1833044
1826.5 1833044
1827.0 1833044
1827.5 1833044
1828.1 1833012
1828.6 1833012
1829.1 1833012
1829.6 1836096
1830.1 1839088
1830.6 1838596
1831.1 1838788
1831.6 1839048
1832.1 1838432
1832.6 1838652
1833.1 1838812
1833.6 1838924
1834.1 1838480
1834.6 1838512
1835.1 1838860
1835.6 1838684
1836.1 1838512
1836.6 1838528
1837.1 1839712
1837.6 1838048
1838.1 1838844
1838.6 1838764
1839.1 1838764
1839.6 1838732
1840.1 1838700
1840.6 1839032
1841.1 1838576
1841.6 1838624
1842.1 1838668
1842.6 1839000
1843.1 1839220
1843.6 1838796
1844.1 1838780
1844.6 1838780
1845.1 1838988
1845.6 1838888
1846.1 1838920
1846.6 1838968
1847.1 1839096
1847.6 1838780
1848.1 1838528
1848.6 1838496
1849.1 1838464
1849.6 1838640
1850.1 1839144
1850.6 1838668
1851.1 1839048
1851.6 1838936
1852.1 1839048
1852.6 1839044
1853.1 1839144
1853.6 1833132
1854.1 1833132
1854.6 1833132
1855.1 1833132
1855.6 1833100
1856.1 1833100
1856.6 1833100
1857.1 1833100
1857.6 1833100
1858.1 1833100
1858.6 1833100
1859.2 1833100
1859.7 1833100
1860.2 1833100
1860.7 1833100
1861.2 1833132
1861.7 1833132
1862.2 1833132
1862.7 1833132
1863.2 1833132
1863.7 1833132
1864.2 1833132
1864.7 1833132
1865.2 1833100
1865.7 1833100
1866.2 1833100
1866.7 1833100
1867.2 1833100
1867.7 1833100
1868.3 1833100
1868.8 1833132
1869.3 1833132
1869.8 1833100
1870.3 1833100
1870.8 1833100
1871.3 1833100
1871.8 1833100
1872.4 1833100
1872.9 1833100
1873.4 1833100
1873.9 1833100
1874.4 1833100
1874.9 1838640
1875.4 1838908
1875.9 1838688
1876.4 1838600
1876.9 1837156
1877.4 1837780
1877.9 1837640
1878.4 1838436
1878.9 1838348
1879.4 1839460
1879.9 1840188
1880.4 1837568
1880.9 1838080
1881.4 1838336
1881.9 1838296
1882.4 1840200
1882.9 1840404
1883.4 1840316
1883.9 1840660
1884.4 1841532
1884.9 1843152
1885.4 1843844
1885.9 1843408
1886.4 1844228
1886.9 1844420
1887.4 1845172
1887.9 1845388
1888.4 1845268
1888.9 1845856
1889.4 1846496
1889.9 1847144
1890.4 1846352
1890.9 1847176
1891.4 1847756
1891.9 1847972
1892.4 1847196
1892.9 1845860
1893.4 1846408
1893.9 1849152
1894.4 1849228
1894.9 1842184
1895.4 1841868
1895.9 1841536
1896.4 1841656
1896.9 1840800
1897.4 1840768
1897.9 1841124
1898.4 1842344
1898.9 1841828
1899.4 1842156
1899.9 1842556
1900.4 1842984
1900.9 1842616
1901.4 1844192
1901.9 1844560
1902.4 1843256
1902.9 1844564
1903.4 1844760
1903.9 1844168
1904.4 1845976
1904.9 1848388
1905.4 1849420
1905.9 1849876
1906.4 1850676
1906.9 1849436
1907.4 1850044
1907.9 1851572
1908.4 1850560
1908.9 1850564
1909.4 1849876
1909.9 1850840
1910.4 1851396
1910.9 1850656
1911.4 1850432
1911.9 1850216
1912.4 1846380
1912.9 1846940
1913.4 1846748
1913.9 1846792
1914.4 1846960
1914.9 1846384
1915.4 1846256
1915.9 1846864
1916.4 1848672
1916.9 1848460
1917.4 1847668
1917.9 1847424
1918.4 1846672
1918.9 1846584
1919.4 1847960
1919.9 1846124
1920.4 1849132
1920.9 1846620
1921.4 1850472
1921.9 1848004
1922.4 1847236
1922.9 1847848
1923.4 1847860
1923.9 1847788
1924.4 1848776
1924.9 1849744
1925.4 1850120
1925.9 1850548
1926.4 1851088
1926.9 1850612
1927.4 1851500
1927.9 1851180
1928.4 1848628
1928.9 1849620
1929.4 1849332
1929.9 1849232
1930.4 1849204
1930.9 1850524
1931.4 1853052
1931.9 1853444
1932.4 1854312
1932.9 1854944
1933.4 1854408
1933.9 1854352
1934.4 1855128
1934.9 1847972
1935.4 1845940
1935.9 1841340
1936.4 1841340
1937.0 1841340
1937.5 1841340
1938.0 1841340
1938.5 1841340
1939.0 1841308
1939.5 1841372
1940.0 1841372
1940.5 1841372
1941.0 1841372
1941.5 1841372
1942.0 1841372
1942.5 1841564
1943.0 1841532
1943.5 1841564
1944.0 1841436
1944.6 1841308
1945.1 1841308
1945.6 1841308
1946.1 1841308
1946.6 1841308
1947.1 1841340
1947.6 1841340
1948.1 1841340
1948.6 1841308
1949.1 1841308
1949.6 1841308
1950.1 1841304
1950.6 1841304
1951.1 1841304
1951.6 1841304
1952.1 1841304
1952.6 1841304
1953.1 1841272
1953.6 1841272
1954.1 1841272
1954.6 1841272
1955.1 1841336
1955.6 1841336
1956.1 1841336
1956.6 1841336
1957.1 1841336
1957.6 1841336
1958.1 1841304
1958.6 1841304
1959.1 1841304
1959.6 1841304
1960.1 1841304
1960.6 1841304
1961.1 1841304
1961.6 1841304
1962.1 1841368
1962.6 1841336
1963.2 1841336
1963.7 1841336
1964.2 1841336
1964.7 1841336
1965.2 1841336
1965.7 1841336
1966.2 1841336
1966.7 1841336
1967.3 1841304
1967.8 1841304
1968.3 1841304
1968.8 1841304
1969.3 1841336
1969.8 1841336
1970.3 1841336
1970.8 1841336
1971.3 1841336
1971.8 1841336
1972.3 1841304
1972.8 1841304
1973.4 1841304
1973.9 1841304
1974.4 1841304
1974.9 1841304
1975.4 1841304
1975.9 1841304
1976.4 1841304
1976.9 1841336
1977.4 1841336
1977.9 1841336
1978.4 1841336
1978.9 1841336
1979.4 1841336
1979.9 1841336
1980.4 1841336
1980.9 1841336
1981.4 1841304
1981.9 1841304
1982.4 1841304
1982.9 1841304
1983.4 1841304
1983.9 1841304
1984.4 1841336
1984.9 1841336
1985.4 1841336
1985.9 1841336
1986.4 1841304
1986.9 1841304
1987.4 1841304
1987.9 1841304
1988.4 1841304
1988.9 1841304
1989.4 1841304
1989.9 1841304
1990.4 1841304
1990.9 1841304
1991.4 1841336
1991.9 1841336
1992.4 1841336
1992.9 1841336
1993.4 1841336
1993.9 1841336
1994.4 1841336
1994.9 1841084
1995.4 1841052
1996.0 1841052
1996.5 1841052
1997.0 1839540
1997.5 1839540
1998.0 1839540
1998.6 1839540
1999.1 1839572
1999.6 1839572
2000.2 1839540
2000.7 1839540
2001.3 1839540
2001.8 1839540
2002.3 1839540
2002.8 1839540
2003.4 1839540
2003.9 1839540
2004.4 1839540
2004.9 1839540
2005.4 1839508
2005.9 1839508
2006.4 1839572
2006.9 1839572
2007.4 1839572
2007.9 1839572
2008.4 1839572
2009.0 1839572
2009.5 1839572
2010.1 1839572
2010.6 1839540
2011.1 1839540
2011.6 1839540
2012.1 1839540
2012.6 1839540
2013.2 1839540
2013.7 1839540
2014.2 1839604
2014.7 1839572
2015.2 1839572
2015.7 1839572
2016.2 1839572
2016.7 1839572
2017.2 1839572
2017.7 1839572
2018.3 1839572
2018.8 1839572
2019.3 1839540
2019.8 1839540
2020.3 1839540
2020.8 1839540
2021.3 1839572
2021.8 1839572
2022.3 1839572
2022.8 1839572
2023.3 1839572
2023.8 1839572
2024.3 1839572
2024.8 1839540
2025.3 1839540
2025.8 1839540
2026.3 1839540
2026.8 1839540
2027.3 1839540
2027.8 1839540
2028.3 1839540
2028.8 1839572
2029.3 1839572
2029.9 1839572
2030.4 1839572
2030.9 1839572
2031.4 1839572
2031.9 1839572
2032.4 1839572
2032.9 1839572
2033.4 1839572
2033.9 1839540
2034.4 1839540
2034.9 1839540
2035.4 1839540
2035.9 1839540
2036.4 1839572
2036.9 1839572
2037.4 1839572
2037.9 1839572
2038.4 1839540
2038.9 1839540
2039.4 1839540
2039.9 1839540
2040.4 1839540
2040.9 1839540
2041.4 1839540
2041.9 1839540
2042.4 1839540
2042.9 1839540
2043.4 1839572
2043.9 1839572
2044.4 1839572
2045.0 1839572
2045.5 1839572
2046.0 1839572
2046.5 1839572
2047.0 1839572
2047.5 1839540
2048.0 1839540
2048.5 1839540
2049.0 1839540
2049.5 1839540
2050.0 1839540
2050.5 1839540
2051.2 1839540
2051.7 1839572
2052.2 1839572
2052.8 1839540
2053.3 1839540
2053.8 1839540
2054.3 1839540
2054.8 1839540
2055.3 1839540
2055.8 1839540
2056.3 1839540
2056.8 1839540
2057.3 1839508
2057.8 1839508
2058.3 1839572
2058.8 1839572
2059.3 1839572
2059.8 1839572
2060.3 1839572
2060.8 1839572
2061.3 1839572
2061.8 1839572
2062.3 1839540
2062.8 1839540
2063.3 1839540
2063.8 1839540
2064.3 1839540
2064.8 1839540
2065.3 1839540
2065.9 1839540
2066.4 1839572
2066.9 1839572
2067.4 1839572
2067.9 1839572
2068.4 1839572
2068.9 1839572
2069.4 1839572
2070.0 1839572
2070.5 1839572
2071.0 1839572
2071.5 1839540
2072.0 1839540
2072.5 1839540
2073.0 1839540
2073.5 1839572
2074.0 1839572
2074.5 1839572
2075.0 1839572
2075.5 1839572
2076.0 1839572
2076.5 1839540
2077.0 1839540
2077.6 1839540
2078.1 1839540
2078.6 1839540
2079.1 1839540
2079.6 1839540
2080.1 1839540
2080.6 1839572
2081.1 1839572
2081.6 1839572
2082.1 1839572
2082.6 1839572
2083.1 1839572
2083.6 1839572
2084.2 1839572
2084.7 1839572
2085.2 1839572
2085.7 1839540
2086.2 1839540
2086.7 1839540
2087.2 1839540
2087.7 1839540
2088.2 1839540
2088.7 1839572
2089.2 1839572
2089.7 1839572
2090.3 1839572
2090.8 1839540
2091.3 1839540
2091.8 1839540
2092.3 1839540
2092.8 1839540
2093.3 1839540
2093.8 1839540
2094.3 1839540
2094.8 1839508
2095.4 1839508
2095.9 1839572
2096.4 1839572
2096.9 1839572
2097.4 1839572
2097.9 1839572
2098.4 1839572
2098.9 1839572
2099.4 1839572
2099.9 1839540
2100.4 1839540
2100.9 1839540
2101.4 1839540
2101.9 1839540
2102.4 1839540
2103.0 1839572
2103.5 1839572
2104.0 1839572
2104.5 1839572
2105.0 1839540
2105.5 1839540
2106.0 1839540
2106.5 1839540
2107.0 1839540
2107.5 1839540
2108.0 1839540
2108.5 1839540
2109.0 1839508
2109.5 1839508
2110.0 1839508
2110.5 1839508
2111.0 1839572
2111.5 1839572
2112.0 1839572
2112.5 1839572
2113.0 1839572
2113.5 1839572
2114.0 1839540
2114.5 1839540
2115.0 1839540
2115.5 1839540
2116.0 1839540
2116.5 1839540
2117.0 1839540
2117.5 1839540
2118.0 1839604
2118.5 1839572
2119.1 1839572
2119.6 1839572
2120.1 1839572
2120.6 1839572
2121.1 1839572
2121.6 1839572
2122.1 1839572
2122.6 1839572
2123.2 1839540
2123.7 1839540
2124.2 1839540
2124.7 1839540
2125.3 1839540
2125.8 1839572
2126.3 1839572
2126.8 1839572
2127.3 1839572
2127.8 1839572
2128.3 1839572
2128.8 1839540
2129.4 1839540
2129.9 1839540
2130.4 1839540
2130.9 1839540
2131.4 1839540
2131.9 1839540
2132.4 1839540
2132.9 1839572
2133.4 1839572
2133.9 1839572
2134.4 1839572
2134.9 1839572
2135.4 1839572
2135.9 1839572
2136.4 1839572
2136.9 1839572
2137.5 1839572
2138.0 1839540
2138.5 1839540
2139.0 1839540
2139.5 1839540
2140.0 1839540
2140.5 1839540
2141.0 1839572
2141.5 1839572
2142.0 1839572
2142.5 1839572
2143.0 1839540
2143.5 1839540
2144.0 1839540
2144.5 1839540
2145.0 1839540
2145.5 1839540
2146.0 1839540
2146.6 1839540
2147.1 1839508
2147.6 1839572
2148.1 1839572
2148.6 1839572
2149.1 1839572
2149.6 1839572
2150.1 1839572
2150.6 1839572
2151.2 1839572
2151.7 1839572
2152.2 1839540
2152.7 1839540
2153.2 1839540
2153.7 1839540
2154.2 1839540
2154.7 1839540
2155.2 1839572
2155.7 1839572
2156.2 1839572
2156.8 1839572
2157.3 1839540
2157.8 1839540
2158.3 1839540
2158.8 1839540
2159.3 1839540
2159.9 1839540
2160.4 1839540
2160.9 1839540
2161.4 1839508
2161.9 1839508
2162.4 1839508
2162.9 1839508
2163.4 1839572
2163.9 1839572
2164.4 1839572
2164.9 1839572
2165.4 1839572
2165.9 1839540
2166.4 1839540
2166.9 1839540
2167.4 1839540
2167.9 1839540
2168.4 1839540
2168.9 1839540
2169.4 1839540
2169.9 1839540
2170.5 1839540
2171.0 1839572
2171.5 1839572
2172.0 1839572
2172.5 1839572
2173.0 1839572
2173.5 1839572
2174.0 1839572
2174.5 1839572
2175.0 1839572
2175.5 1839540
2176.0 1839540
2176.5 1839540
2177.0 1839540
2177.5 1839540
2178.0 1839572
2178.5 1839572
2179.0 1839572
2179.5 1839572
2180.0 1839572
2180.5 1839572
2181.0 1839572
2181.5 1839540
2182.1 1839540
2182.6 1839540
2183.1 1839540
2183.6 1839540
2184.1 1839540
2184.6 1839540
2185.1 1839572
2185.6 1839572
2186.1 1839572
2186.7 1839572
2187.2 1839572
2187.7 1839572
2188.2 1839572
2188.7 1839572
2189.2 1839572
2189.7 1839572
2190.2 1839540
2190.7 1839540
2191.2 1839540
2191.7 1839540
2192.3 1839572
2192.8 1839572
2193.3 1839572
2193.8 1839572
2194.3 1839540
2194.8 1839540
2195.3 1839540
2195.8 1839540
2196.3 1839540
2196.8 1839540
2197.3 1839540
2197.8 1839540
2198.3 1839540
2198.8 1839540
2199.3 1839508
2199.8 1839572
2200.3 1839572
2200.8 1839572
2201.3 1839572
2201.8 1839572
2202.3 1839572
2202.8 1839572
2203.3 1839572
2203.9 1839572
2204.4 1839540
2204.9 1839540
2205.4 1839540
2205.9 1839540
2206.4 1839540
2206.9 1839540
2207.4 1839572
2207.9 1839572
2208.4 1839540
2208.9 1839540
2209.4 1839540
2209.9 1839540
2210.4 1839540
2210.9 1839540
2211.4 1839540
2211.9 1839540
2212.5 1839540
2213.0 1839540
2213.5 1839508
2214.0 1839508
2214.5 1839572
2215.0 1839572
2215.5 1839572
2216.0 1839572
2216.6 1839572
2217.1 1839572
2217.6 1839572
2218.1 1839540
2218.6 1839540
2219.1 1839540
2219.6 1839540
2220.1 1839540
2220.7 1839540
2221.2 1839540
2221.7 1839540
2222.2 1839540
2222.7 1839540
2223.2 1839572
2223.7 1839572
2224.3 1839572
2224.8 1839572
2225.3 1839572
2225.9 1839572
2226.4 1839572
2226.9 1839572
2227.4 1839540
2228.0 1839540
2228.5 1839540
2229.0 1839540
2229.5 1839572
2230.0 1839572
2230.5 1839572
2231.0 1839572
2231.5 1839572
2232.0 1839572
2232.5 1839540
2233.0 1839540
2233.5 1839540
2234.0 1839540
2234.5 1839540
2235.0 1839540
2235.5 1839540
2236.0 1839540
2236.6 1839540
2237.1 1839540
2237.6 1839572
2238.1 1839572
2238.6 1839572
2239.1 1839572
2239.6 1839572
2240.1 1839572
2240.6 1839572
2241.1 1839572
2241.6 1839540
2242.1 1839540
2242.6 1839540
2243.1 1839540
2243.6 1839540
2244.1 1839540
2244.6 1839572
2245.1 1839572
2245.6 1839572
2246.1 1839572
2246.6 1839540
2247.1 1839540
2247.6 1839540
2248.1 1839540
2248.6 1839540
2249.1 1839540
2249.6 1839540
2250.1 1839540
2250.6 1839540
2251.1 1839508
2251.6 1839572
2252.1 1839572
2252.6 1839572
2253.1 1839572
2253.6 1839572
2254.1 1839572
2254.6 1839572
2255.2 1839572
2255.7 1839572
2256.2 1839572
2256.7 1839540
2257.2 1839540
2257.7 1839540
2258.2 1839540
2258.7 1839540
2259.2 1839540
2259.8 1839572
2260.3 1839572
2260.8 1839572
2261.3 1839572
2261.8 1839540
2262.3 1839540
2262.8 1839540
2263.3 1839540
2263.8 1839540
2264.3 1839540
2264.8 1839540
2265.3 1839540
2265.8 1839508
2266.3 1839508
2266.8 1839572
2267.3 1839572
2267.8 1839572
2268.3 1839572
2268.8 1839572
2269.3 1839572
2269.8 1839540
2270.3 1839540
2270.8 1839540
2271.3 1839540
2271.8 1839540
2272.3 1839540
2272.8 1839540
2273.3 1839540
2273.8 1839604
2274.3 1839604
2274.8 1839604
2275.3 1839572
2275.9 1839572
2276.4 1839572
2276.9 1839572
2277.4 1839572
2277.9 1839572
2278.4 1839572
2278.9 1839572
2279.4 1839572
2279.9 1839540
2280.4 1839540
2280.9 1839540
2281.4 1839540
2281.9 1839572
2282.4 1839572
2282.9 1839572
2283.4 1839572
2283.9 1839540
2284.4 1839540
2284.9 1839540
2285.4 1839540
2285.9 1839540
2286.4 1839540
2286.9 1839540
2287.4 1839540
2287.9 1839540
2288.4 1839540
2288.9 1839540
2289.4 1839572
2289.9 1839572
2290.4 1839572
2290.9 1839572
2291.4 1839572
2291.9 1839572
2292.4 1839572
2292.9 1839572
2293.4 1839572
2293.9 1839540
2294.4 1839540
2294.9 1839540
2295.4 1839540
2295.9 1839540
2296.4 1839540
2296.9 1839572
2297.4 1839572
2297.9 1839540
2298.4 1839540
2298.9 1839540
2299.4 1839540
2299.9 1839540
2300.4 1839540
2300.9 1839540
2301.4 1839540
2301.9 1839540
2302.4 1839540
2302.9 1839508
2303.4 1839572
2303.9 1839572
2304.4 1839572
2304.9 1839572
2305.4 1839572
2305.9 1839572
2306.4 1839572
2306.9 1839572
2307.4 1839572
2307.9 1839540
2308.4 1839540
2308.9 1839540
2309.4 1839540
2309.9 1839540
2310.4 1839540
2310.9 1839572
2311.4 1839572
2311.9 1839540
2312.4 1839540
2312.9 1839540
2313.4 1839540
2313.9 1839540
2314.4 1839540
2314.9 1839540
2315.4 1839540
2315.9 1839540
2316.4 1839540
2316.9 1839508
2317.4 1839508
2317.9 1839572
2318.4 1839572
2318.9 1839572
2319.4 1839572
2319.9 1839572
2320.4 1839572
2320.9 1839572
2321.4 1839572
2321.9 1839540
2322.4 1839540
2322.9 1839540
2323.4 1839540
2323.9 1839540
2324.4 1839540
2324.9 1839540
2325.4 1839540
2325.9 1839572
2326.4 1839572
2327.0 1839572
2327.5 1839572
2328.0 1839572
2328.5 1839572
2329.0 1839572
2329.5 1839572
2330.0 1839572
2330.5 1839572
2331.0 1839540
2331.5 1839540
2332.0 1839540
2332.5 1839540
2333.0 1839540
2333.5 1839540
2334.0 1839572
2334.5 1839572
2335.0 1839572
2335.5 1839540
2336.0 1839540
2336.5 1839540
2337.0 1839540
2337.5 1839540
2338.0 1839540
2338.5 1839540
2339.0 1839540
2339.5 1839540
2340.0 1839572
2340.5 1839572
2341.0 1839572
2341.5 1839572
2342.0 1839572
2342.5 1839572
2343.0 1839572
2343.5 1839572
2344.0 1839572
2344.5 1839572
2345.0 1839572
2345.5 1839572
2346.0 1839540
2346.5 1839540
2347.0 1839540
2347.5 1839540
2348.0 1839572
2348.5 1839572
2349.0 1839572
2349.5 1839572
2350.0 1839540
2350.5 1839540
2351.0 1839540
2351.5 1839540
2352.0 1839540
2352.5 1839540
2353.0 1839540
2353.5 1839540
2354.0 1839508
2354.5 1839508
2355.0 1839572
2355.5 1839572
2356.0 1839572
2356.5 1839572
2357.0 1839572
2357.5 1839572
2358.0 1839572
2358.5 1839572
2359.0 1839540
2359.5 1839540
2360.0 1839540
2360.5 1839540
2361.0 1839540
2361.5 1839540
2362.0 1839572
2362.5 1839572
2363.0 1839572
2363.5 1839572
2364.0 1839540
2364.5 1839540
2365.0 1839540
2365.5 1839540
2366.0 1839540
2366.5 1839540
2367.0 1839540
2367.5 1839540
2368.1 1839508
2368.6 1839508
2369.1 1839508
2369.6 1839508
2370.1 1839572
2370.6 1839572
2371.1 1839572
2371.6 1839572
2372.1 1839572
2372.6 1839572
2373.1 1839540
2373.6 1839540
2374.1 1839540
2374.6 1839540
2375.1 1839540
2375.6 1839540
2376.1 1839540
2376.6 1839540
2377.1 1839604
2377.6 1839572
2378.1 1839572
2378.6 1839572
2379.1 1839572
2379.6 1839572
2380.1 1839572
2380.6 1839572
2381.1 1839572
2381.6 1839572
2382.1 1839540
2382.6 1839540
2383.1 1839540
2383.6 1839540
2384.1 1839572
2384.6 1839572
2385.1 1839572
2385.6 1839572
2386.1 1839572
2386.6 1839572
2387.1 1839540
2387.6 1839540
2388.1 1839540
2388.6 1839540
2389.1 1839540
2389.6 1839540
2390.1 1839540
2390.6 1839540
2391.1 1839540
2391.6 1839540
2392.1 1839572
2392.6 1839572
2393.1 1839572
2393.6 1839572
2394.1 1839572
2394.6 1839572
2395.1 1839572
2395.6 1839572
2396.1 1839540
2396.6 1839540
2397.1 1839540
2397.6 1839540
2398.1 1839540
2398.6 1839540
2399.2 1839572
2399.7 1839572
2400.2 1839572
2400.7 1839572
2401.2 1839540
2401.7 1839540
2402.2 1839540
2402.7 1839540
2403.2 1839540
2403.7 1839540
2404.2 1839540
2404.7 1839540
2405.2 1839540
2405.7 1839540
2406.2 1839572
2406.7 1839572
2407.2 1839572
2407.7 1839572
2408.2 1839572
2408.7 1839572
2409.2 1839572
2409.7 1839572
2410.2 1839540
2410.7 1839540
2411.2 1839540
2411.7 1839540
2412.2 1839540
2412.7 1839540
2413.2 1839540
2413.7 1839540
2414.2 1839572
2414.7 1839572
2415.2 1839540
2415.7 1839540
2416.2 1839540
2416.7 1839540
2417.2 1839540
2417.7 1839540
2418.2 1839540
2418.7 1839540
2419.2 1839540
2419.7 1839540
2420.2 1839508
2420.7 1839508
2421.2 1839572
2421.7 1839572
2422.2 1839572
2422.7 1839572
2423.2 1839572
2423.7 1839572
2424.2 1839540
2424.7 1839540
2425.2 1839540
2425.7 1839540
2426.2 1839540
2426.8 1839540
2427.3 1839540
2427.8 1839540
2428.3 1839604
2428.8 1839604
2429.3 1839572
2429.8 1839572
2430.3 1839572
2430.8 1839572
2431.3 1839572
2431.8 1839572
2432.3 1839572
2432.8 1839572
2433.3 1839572
2433.8 1839572
2434.3 1839540
2434.8 1839540
2435.3 1839540
2435.8 1839540
2436.3 1839572
2436.8 1839572
2437.3 1839572
2437.8 1839572
2438.3 1839540
2438.8 1839540
2439.3 1839540
2439.8 1839540
2440.3 1839540
2440.8 1839540
2441.3 1839540
2441.8 1839540
2442.3 1839540
2442.8 1839540
2443.3 1839572
2443.8 1839572
2444.3 1839572
2444.8 1839572
2445.3 1839572
2445.8 1839572
2446.3 1839572
2446.8 1839572
2447.3 1839572
2447.8 1839572
2448.3 1839540
2448.8 1839540
2449.3 1839540
2449.8 1839540
2450.3 1839572
2450.8 1839572
2451.3 1839572
2451.8 1839572
2452.3 1839540
2452.8 1839540
2453.3 1839540
2453.8 1839540
2454.3 1839540
2454.8 1839540
2455.3 1839540
2455.8 1839540
2456.3 1839540
2456.8 1839540
2457.3 1839508
2457.8 1839572
2458.3 1839572
2458.8 1839572
2459.3 1839572
2459.8 1839572
2460.3 1839572
2460.8 1839572
2461.3 1839572
2461.8 1839540
2462.3 1839540
2462.8 1839540
2463.3 1839540
2463.8 1839540
2464.3 1839540
2464.8 1839540
2465.3 1839572
2465.8 1839572
2466.3 1839540
2466.8 1839540
2467.3 1839540
2467.8 1839540
2468.3 1839548
2468.8 1839548
2469.3 1839808
2469.9 1839808
2470.4 1839492
2470.9 1839460
2471.4 1839460
2471.9 1839460
2472.4 1839524
2472.9 1839524
2473.4 1839524
2473.9 1839524
2474.4 1839716
2474.9 1839716
2475.4 1839620
2475.9 1839488
2476.4 1839456
2476.9 1839456
2477.5 1839456
2478.0 1839456
2478.5 1839456
2479.0 1839456
2479.6 1839456
2480.1 1839456
2480.6 1839488
2481.1 1839488
2481.6 1839484
2482.1 1839484
2482.6 1839484
2483.1 1839484
2483.6 1839484
2484.1 1839484
2484.6 1839484
2485.1 1839484
2485.6 1839452
2486.1 1839452
2486.6 1839452
2487.1 1839484
2487.7 1839484
2488.2 1839484
2488.7 1839484
2489.2 1839484
2489.7 1839484
2490.2 1839484
2490.7 1839452
2491.2 1839452
2491.7 1839452
2492.2 1839452
2492.7 1839452
2493.2 1839452
2493.7 1839452
2494.2 1839452
2494.7 1839484
2495.2 1839484
2495.7 1839484
2496.2 1839484
2496.7 1839484
2497.2 1839484
2497.7 1839484
2498.2 1839484
2498.8 1839484
2499.3 1839452
2499.8 1839452
2500.3 1839452
2500.8 1839452
2501.3 1839452
2501.8 1839452
2502.3 1839452
2502.8 1839484
2503.3 1839484
2503.8 1839484
2504.3 1839484
2504.8 1839452
2505.3 1839452
2505.8 1839452
2506.3 1839452
2506.8 1839452
2507.3 1839452
2507.8 1839452
2508.3 1839452
2508.8 1839420
2509.3 1839484
2509.8 1839484
2510.3 1839484
2510.8 1839484
2511.3 1839484
2511.8 1839484
2512.3 1839484
2512.8 1839484
2513.3 1839452
2513.8 1839452
2514.3 1839452
2514.8 1839452
2515.3 1839452
2515.8 1839452
2516.3 1839452
2516.8 1839484
2517.3 1839484
2517.8 1839484
2518.3 1839484
2518.8 1839452
2519.3 1839452
2519.8 1839452
2520.3 1839452
2520.8 1839452
2521.3 1839452
2521.8 1839452
2522.4 1839452
2522.9 1839420
2523.4 1839420
2523.9 1839420
2524.4 1839484
2524.9 1839484
2525.5 1839484
2526.0 1839484
2526.5 1839484
2527.0 1839484
2527.5 1839452
2528.0 1839452
2528.5 1839452
2529.0 1839452
2529.5 1839452
2530.0 1839452
2530.5 1839452
2531.0 1839452
2531.5 1839516
2532.0 1839516
2532.5 1839484
2533.0 1839484
2533.5 1839484
2534.0 1839484
2534.6 1839484
2535.1 1839484
2535.6 1839484
2536.1 1839484
2536.6 1839484
2537.1 1839484
2537.6 1839452
2538.1 1839452
2538.6 1839452
2539.1 1839452
2539.6 1839484
2540.1 1839484
2540.6 1839484
2541.1 1839484
2541.6 1839452
2542.1 1839452
2542.6 1839452
2543.1 1839452
2543.6 1839452
2544.2 1839452
2544.7 1839452
2545.2 1839452
2545.7 1839452
2546.2 1839452
2546.7 1839484
2547.2 1839484
2547.7 1839484
2548.2 1839484
2548.7 1839484
2549.2 1839484
2549.7 1839484
2550.2 1839484
2550.7 1839484
2551.2 1839484
2551.7 1839452
2552.2 1839452
2552.7 1839452
2553.3 1839452
2553.8 1839484
2554.3 1839484
2554.8 1839484
2555.3 1839484
2555.8 1839452
2556.3 1839452
2556.8 1839452
2557.3 1839452
2557.8 1839452
2558.3 1839452
2558.8 1839452
2559.3 1839452
2559.8 1839452
2560.3 1839452
2560.8 1839420
2561.4 1839484
2561.9 1839484
2562.4 1839484
2562.9 1839484
2563.4 1839484
2563.9 1839484
2564.4 1839484
2564.9 1839484
2565.4 1839484
2565.9 1839452
2566.4 1839452
2566.9 1839452
2567.4 1839452
2567.9 1839452
2568.5 1839484
2569.0 1839484
2569.5 1839484
2570.0 1839452
2570.5 1839452
2571.0 1839452
2571.6 1839452
2572.1 1839452
2572.7 1839452
2573.2 1839452
2573.7 1839452
2574.2 1839452
2574.7 1839420
2575.2 1839420
2575.7 1839420
2576.2 1839420
2576.7 1839484
2577.2 1839484
2577.7 1839484
2578.2 1839484
2578.8 1839484
2579.3 1839484
2579.8 1839452
2580.3 1839452
2580.8 1839452
2581.3 1839452
2581.8 1839452
2582.3 1839452
2582.8 1839452
2583.3 1839452
2583.8 1839516
2584.3 1839484
2584.8 1839484
2585.3 1839484
2585.8 1839484
2586.3 1839484
2586.8 1839484
2587.3 1839484
2587.8 1839484
2588.3 1839484
2588.8 1839452
2589.3 1839452
2589.8 1839452
2590.4 1839452
2590.9 1839484
2591.4 1839484
2591.9 1839484
2592.4 1839484
2592.9 1839484
2593.4 1839484
2594.0 1839452
2594.5 1839452
2595.0 1839452
2595.5 1839452
2596.0 1839452
2596.5 1839452
2597.1 1839452
2597.6 1839452
2598.1 1839452
2598.6 1839484
2599.1 1839484
2599.6 1839484
2600.1 1839484
2600.6 1839484
2601.1 1839484
2601.6 1839484
2602.1 1839484
2602.6 1839484
2603.1 1839484
2603.6 1839452
2604.1 1839452
2604.6 1839452
2605.1 1839452
2605.6 1839452
2606.1 1839484
2606.6 1839484
2607.1 1839484
2607.6 1839484
2608.1 1839452
2608.6 1839452
2609.1 1839452
2609.6 1839452
2610.2 1839452
2610.7 1839452
2611.2 1839452
2611.7 1839452
2612.2 1839452
2612.7 1839420
2613.2 1839484
2613.8 1839484
2614.3 1839484
2614.8 1839484
2615.3 1839484
2615.8 1839484
2616.3 1839484
2616.8 1839484
2617.3 1839484
2617.8 1839452
2618.3 1839452
2618.8 1839452
2619.3 1839452
2619.8 1839452
2620.3 1839452
2620.9 1839484
2621.5 1839484
2622.0 1839484
2622.5 1839484
2623.0 1839452
2623.5 1839452
2624.0 1839452
2624.5 1839452
2625.0 1839452
2625.6 1839452
2626.1 1839452
2626.6 1839452
2627.1 1839420
2627.6 1839420
2628.1 1839420
2628.6 1839420
2629.1 1839484
2629.7 1839484
2630.2 1839484
2630.7 1839484
2631.3 1839484
2631.8 1839484
2632.3 1839452
2632.8 1839452
2633.3 1839452
2633.8 1839452
2634.3 1839452
2634.8 1839452
2635.3 1839452
2635.8 1839452
2636.3 1839516
2636.9 1839484
2637.4 1839484
2637.9 1839484
2638.4 1839484
2638.9 1839484
2639.4 1839484
2639.9 1839484
2640.4 1839484
2640.9 1839484
2641.4 1839484
2641.9 1839452
2642.4 1839452
2642.9 1839452
2643.4 1839452
2644.0 1839484
2644.5 1839484
2645.0 1839484
2645.5 1839484
2646.1 1839452
2646.6 1839452
2647.1 1839452
2647.6 1839452
2648.1 1839452
2648.6 1839452
2649.2 1839452
2649.7 1839452
2650.2 1839452
2650.7 1839452
2651.2 1839484
2651.7 1839484
2652.2 1839484
2652.7 1839484
2653.3 1839484
2653.8 1839484
2654.3 1839484
2654.8 1839484
2655.3 1839484
2655.8 1839484
2656.3 1839452
2656.8 1839452
2657.3 1839452
2657.8 1839452
2658.3 1839484
2658.8 1839484
2659.3 1839484
2659.8 1839484
2660.3 1839452
2660.8 1839452
2661.3 1839452
2661.8 1839452
2662.3 1839452
2662.9 1839452
2663.4 1839452
2663.9 1839452
2664.4 1839452
2664.9 1839452
2665.4 1839420
2665.9 1839484
2666.4 1839484
2666.9 1839484
2667.4 1839484
2667.9 1839484
2668.4 1839484
2668.9 1839484
2669.5 1839484
2670.0 1839452
2670.5 1839452
2671.1 1839452
2671.6 1839452
2672.1 1839452
2672.6 1839452
2673.1 1839484
2673.6 1839484
2674.1 1839484
2674.6 1839484
2675.1 1839484
2675.6 1839484
2676.1 1839452
2676.6 1839452
2677.1 1839452
2677.6 1839452
2678.1 1839452
2678.6 1839452
2679.2 1839420
2679.7 1839420
2680.2 1839420
2680.7 1839420
2681.2 1839484
2681.7 1839484
2682.2 1839484
2682.7 1839484
2683.2 1839484
2683.7 1839484
2684.3 1839452
2684.8 1839452
2685.3 1839452
2685.8 1839452
2686.3 1839452
2686.8 1839452
2687.3 1839452
2687.8 1839452
2688.3 1839516
2688.8 1839484
2689.3 1839484
2689.8 1839484
2690.3 1839484
2690.9 1839484
2691.5 1839484
2692.0 1839484
2692.5 1839484
2693.1 1839484
2693.6 1839452
2694.1 1839452
2694.6 1839452
2695.1 1839452
2695.6 1839452
2696.1 1839484
2696.6 1839484
2697.1 1839484
2697.6 1839484
2698.1 1839484
2698.6 1839452
2699.1 1839452
2699.6 1839452
2700.1 1839452
2700.6 1839452
2701.1 1839452
2701.6 1839452
2702.2 1839452
2702.7 1839452
2703.2 1839484
2703.8 1839484
2704.3 1839484
2704.8 1839484
2705.3 1839484
2705.8 1839484
2706.3 1839484
2706.8 1839484
2707.3 1839484
2707.8 1839484
2708.3 1839452
2708.9 1839452
2709.4 1839452
2709.9 1839452
2710.4 1839452
2710.9 1839452
2711.4 1839484
2711.9 1839484
2712.4 1839484
2712.9 1839484
2713.4 1839452
2713.9 1839452
2714.4 1839452
2714.9 1839452
2715.4 1839452
2715.9 1839452
2716.5 1839452
2717.0 1839452
2717.5 1839420
2718.0 1839484
2718.5 1839484
2719.0 1839484
2719.5 1839484
2720.0 1839484
2720.5 1839484
2721.0 1839484
2721.5 1839484
2722.0 1839484
2722.5 1839452
2723.1 1839452
2723.6 1839452
2724.1 1839452
2724.6 1839452
2725.1 1839452
2725.6 1839484
2726.2 1839484
2726.7 1839484
2727.2 1839452
2727.7 1839452
2728.2 1839452
2728.7 1839452
2729.2 1839452
2729.7 1839452
2730.3 1839452
2730.8 1839452
2731.3 1839452
2731.8 1839420
2732.3 1839420
2732.8 1839484
2733.4 1839484
2733.9 1839484
2734.4 1839484
2734.9 1839484
2735.4 1839484
2735.9 1839484
2736.4 1839452
2736.9 1839452
2737.5 1839452
2738.0 1839452
2738.5 1839452
2739.0 1839452
2739.5 1839452
2740.0 1839452
2740.5 1839516
2741.0 1839484
2741.5 1839484
2742.0 1839484
2742.6 1839484
2743.1 1839484
2743.6 1839484
2744.1 1839484
2744.6 1839484
2745.1 1839484
2745.6 1839484
2746.1 1839484
2746.6 1839452
2747.1 1839452
2747.6 1839452
2748.1 1839452
2748.6 1839484
2749.1 1839484
2749.6 1839484
2750.1 1839484
2750.6 1839452
2751.2 1839452
2751.8 1839452
2752.3 1839452
2752.8 1839452
2753.3 1839452
2753.8 1839452
2754.3 1839452
2754.8 1839452
2755.3 1839484
2755.8 1839484
2756.3 1839484
2756.8 1839484
2757.3 1839484
2757.8 1839484
2758.3 1839484
2758.8 1839484
2759.3 1839484
2759.8 1839484
2760.3 1839452
2760.8 1839452
2761.3 1839452
2761.8 1839452
2762.3 1839452
2762.8 1839452
2763.4 1839452
2763.9 1839484
2764.4 1839484
2764.9 1839452
2765.4 1839452
2766.0 1839452
2766.5 1839452
2767.0 1839452
2767.5 1839452
2768.0 1839452
2768.5 1839452
2769.0 1839452
2769.5 1839452
2770.0 1839420
2770.5 1839484
2771.0 1839480
2771.5 1839480
2772.0 1839480
2772.5 1839480
2773.1 1839480
2773.6 1839480
2774.1 1839480
2774.6 1839448
2775.1 1839448
2775.6 1839448
2776.1 1839448
2776.6 1839448
2777.1 1839448
2777.6 1839480
2778.1 1839480
2778.7 1839480
2779.2 1839480
2779.7 1839448
2780.2 1839448
2780.7 1839448
2781.2 1839448
2781.7 1839448
2782.2 1839448
2782.7 1839448
2783.2 1839448
2783.7 1839416
2784.2 1839416
2784.7 1839416
2785.2 1839416
2785.7 1839480
2786.2 1839480
2786.7 1839480
2787.2 1839480
2787.7 1839480
2788.3 1839480
2788.8 1839448
2789.4 1839448
2789.9 1839448
2790.4 1839448
2790.9 1839448
2791.4 1839448
2791.9 1839448
2792.4 1839448
2792.9 1839512
2793.4 1839480
2793.9 1839480
2794.4 1839480
2794.9 1839480
2795.4 1839480
2796.0 1839480
2796.5 1839480
2797.0 1839480
2797.5 1839480
2798.0 1839480
2798.5 1839480
2799.0 1839448
2799.5 1839448
2800.1 1839480
2800.6 1839480
2801.1 1839480
2801.6 1839480
2802.1 1839480
2802.6 1839480
2803.1 1839480
2803.7 1839480
2804.2 1839448
2804.8 1839448
2805.3 1839448
2805.8 1839448
2806.4 1839448
2806.9 1839448
2807.6 1839448
2808.1 1839480
2808.6 1839480
2809.1 1839480
2809.6 1839480
2810.1 1839480
2810.6 1839480
2811.1 1839480
2811.6 1839480
2812.1 1839480
2812.6 1839448
2813.2 1839448
2813.7 1839448
2814.2 1839448
2814.7 1839448
2815.2 1839448
2815.7 1839448
2816.2 1839448
2816.8 1839480
2817.3 1839448
2817.8 1839448
2818.3 1839448
2818.8 1839448
2819.3 1839448
2819.8 1839448
2820.3 1839448
2820.9 1839448
2821.4 1839448
2821.9 1839448
2822.4 1839448
2822.9 1839480
2823.4 1839480
2823.9 1839480
2824.4 1839480
2824.9 1839480
2825.4 1839480
2825.9 1839480
2826.4 1839480
2826.9 1839448
2827.4 1839448
2827.9 1839448
2828.4 1839448
2828.9 1839448
2829.5 1839448
2830.0 1839448
2830.5 1839448
2831.0 1839480
2831.5 1839448
2832.0 1839448
2832.5 1839448
2833.1 1839448
2833.6 1839448
2834.1 1839448
2834.6 1839448
2835.1 1839448
2835.6 1839448
2836.1 1839448
2836.6 1839448
2837.1 1839416
2837.6 1839480
2838.1 1839480
2838.6 1839480
2839.1 1839480
2839.6 1839480
2840.1 1839480
2840.7 1839480
2841.2 1839480
2841.7 1839480
2842.2 1839448
2842.7 1839448
2843.2 1839448
2843.7 1839448
2844.2 1839448
2844.7 1839448
2845.2 1839512
2845.7 1839480
2846.2 1839480
2846.7 1839480
2847.3 1839480
2847.8 1839480
2848.3 1839480
2848.8 1839480
2849.3 1839480
2849.8 1839480
2850.3 1839480
2850.8 1839480
2851.4 1839480
2851.9 1839448
2852.4 1839448
2852.9 1839480
2853.4 1839480
2853.9 1839480
2854.4 1839480
2855.0 1839480
2855.5 1839480
2856.0 1839448
2856.5 1839448
2857.0 1839448
2857.5 1839448
2858.0 1839448
2858.5 1839448
2859.0 1839448
2859.6 1839448
2860.1 1839480
2860.6 1839480
2861.1 1839480
2861.6 1839480
2862.1 1839480
2862.6 1839480
2863.1 1839480
2863.7 1839480
2864.2 1839480
2864.7 1839480
2865.2 1839448
2865.7 1839448
2866.2 1839448
2866.7 1839448
2867.2 1839448
2867.7 1839448
2868.2 1839480
2868.7 1839480
2869.3 1839480
2869.8 1839480
2870.3 1839448
2870.8 1839448
2871.3 1839448
2871.9 1839448
2872.4 1839448
2872.9 1839448
2873.4 1839448
2874.0 1839448
2874.5 1839448
2875.0 1839416
2875.5 1839480
2876.0 1839480
2876.5 1839480
2877.0 1839480
2877.5 1839480
2878.0 1839480
2878.5 1839480
2879.1 1839480
2879.6 1839480
2880.1 1839448
2880.6 1839448
2881.1 1839448
2881.6 1839448
2882.1 1839448
2882.6 1839448
2883.1 1839480
2883.6 1839480
2884.1 1839448
2884.6 1839448
2885.1 1839448
2885.6 1839448
2886.1 1839448
2886.6 1839448
2887.1 1839448
2887.6 1839448
2888.1 1839448
2888.6 1839448
2889.1 1839416
2889.7 1839416
2890.2 1839416
2890.7 1839480
2891.2 1839480
2891.7 1839480
2892.3 1839480
2892.8 1839480
2893.4 1839480
2893.9 1839448
2894.4 1839448
2894.9 1839448
2895.4 1839448
2895.9 1839448
2896.4 1839448
2896.9 1839448
2897.4 1839448
2897.9 1839512
2898.4 1839480
2898.9 1839480
2899.4 1839480
2899.9 1839480
2900.4 1839480
2900.9 1839480
2901.4 1839480
2901.9 1839480
2902.4 1839480
2902.9 1839448
2903.4 1839448
2903.9 1839448
2904.4 1839448
2905.0 1839448
2905.5 1839480
2906.0 1839480
2906.5 1839480
2907.1 1839480
2907.6 1839480
2908.1 1839448
2908.7 1839448
2909.2 1839448
2909.8 1839448
2910.3 1839448
2910.8 1839448
2911.3 1839448
2911.8 1839448
2912.3 1839448
2912.8 1839448
2913.3 1839480
2913.8 1839480
2914.4 1839480
2914.9 1839480
2915.4 1839480
2916.0 1839480
2916.5 1839480
2917.0 1839480
2917.5 1839448
2918.0 1839448
2918.5 1839448
2919.0 1839448
2919.5 1839448
2920.1 1839480
2920.6 1839480
2921.1 1839480
2921.6 1839480
2922.1 1839448
2922.6 1839448
2923.1 1839448
2923.7 1839448
2924.3 1839448
2924.8 1839448
2925.3 1839448
2925.8 1839448
2926.3 1839448
2926.8 1839448
2927.3 1839416
2927.8 1839480
2928.3 1839480
2928.8 1839480
2929.3 1839480
2929.8 1839480
2930.3 1839480
2930.8 1839480
2931.3 1839480
2931.9 1839480
2932.4 1839448
2932.9 1839448
2933.5 1839448
2934.0 1839448
2934.5 1839448
2935.0 1839448
2935.5 1839480
2936.0 1839480
2936.5 1839480
2937.0 1839480
2937.5 1839448
2938.0 1839448
2938.5 1839448
2939.0 1839448
2939.6 1839448
2940.1 1839448
2940.6 1839448
2941.1 1839448
2941.6 1839448
2942.1 1839416
2942.6 1839480
2943.1 1839480
2943.6 1839480
2944.1 1839480
2944.7 1839480
2945.2 1839480
2945.7 1839480
2946.2 1839448
2946.7 1839448
2947.2 1839448
2947.7 1839448
2948.2 1839448
2948.7 1839448
2949.2 1839448
2949.7 1839448
2950.2 1839448
2950.7 1839448
2951.2 1839480
2951.8 1839480
2952.3 1839480
2952.8 1839480
2953.3 1839480
2953.8 1839480
2954.3 1839480
2954.8 1839480
2955.3 1839480
2955.8 1839480
2956.3 1839448
2956.8 1839448
2957.4 1839448
2957.9 1839448
2958.4 1839480
2958.9 1839480
2959.4 1839480
2959.9 1839480
2960.4 1839448
2960.9 1839448
2961.4 1839448
2962.0 1839448
2962.5 1839448
2963.0 1839448
2963.5 1839448
2964.1 1839448
2964.6 1839448
2965.1 1839480
2965.6 1839480
2966.1 1839480
2966.6 1839480
2967.1 1839480
2967.6 1839480
2968.1 1839480
2968.7 1839480
2969.2 1839480
2969.7 1839480
2970.2 1839480
2970.7 1839448
2971.2 1839448
2971.7 1839448
2972.2 1839448
2972.7 1839480
2973.2 1839480
2973.7 1839480
2974.2 1839480
2974.7 1839448
2975.2 1839448
2975.7 1839448
2976.2 1839448
2976.7 1839448
2977.2 1839448
2977.7 1839448
2978.2 1839448
2978.7 1839448
2979.2 1839448
2979.7 1839416
2980.2 1839480
2980.7 1839480
2981.2 1839480
2981.7 1839480
2982.2 1839480
2982.7 1839480
2983.2 1839480
2983.7 1839480
2984.2 1839480
2984.7 1839448
2985.2 1839448
2985.7 1839448
2986.2 1839448
2986.7 1839448
2987.2 1839448
2987.7 1839480
2988.3 1839480
2988.8 1839448
2989.3 1839448
2989.8 1839448
2990.3 1839448
2990.8 1839448
2991.3 1839448
2991.8 1839448
2992.3 1839448
2992.8 1839448
2993.3 1839416
2993.8 1839416
2994.3 1839416
2994.8 1839480
2995.3 1839480
2995.8 1839480
2996.3 1839480
2996.8 1839480
2997.4 1839480
2997.9 1839480
2998.4 1839480
2998.9 1839480
2999.4 1839480
2999.9 1839448
3000.4 1839448
