0.5 1834996
1.0 1834996
1.5 1834996
2.0 1834996
2.7 1834964
3.7 1834964
4.2 1834964
5.1 1834964
7.1 1834996
9.5 1834996
10.0 1834996
10.5 1834996
13.7 1834964
14.2 1834964
17.9 1834964
18.4 1834964
20.7 1834964
21.2 1834964
21.8 1834964
22.3 1834964
24.2 1834932
27.6 1834996
29.5 1834996
30.0 1841860
30.5 1842696
31.0 1843372
31.5 1843720
32.0 1843388
32.5 1843436
33.0 1843324
33.5 1843672
34.0 1843704
34.5 1843848
35.0 1843368
35.5 1843260
36.0 1842752
36.5 1842612
37.0 1842912
37.5 1843432
38.0 1843448
38.5 1843352
39.0 1843368
39.5 1843464
40.0 1843848
40.5 1843532
41.0 1843440
41.5 1843312
42.0 1843328
42.5 1843472
43.0 1843676
43.5 1843440
44.0 1843360
44.5 1843596
45.0 1843716
45.5 1843352
46.0 1843320
46.5 1843416
47.0 1843620
47.5 1843288
48.0 1843336
48.5 1843860
49.0 1843576
49.5 1843624
50.0 1843496
50.5 1843200
51.0 1843592
51.5 1843216
52.0 1837304
52.5 1837336
53.4 1837336
53.9 1837336
54.5 1837336
55.0 1837336
55.5 1837336
56.0 1837300
56.5 1837300
57.0 1837300
57.5 1837300
58.0 1837300
58.9 1837300
59.4 1837300
60.6 1837300
62.4 1837332
62.9 1837332
63.4 1837332
63.9 1837332
64.4 1837332
64.9 1837332
65.4 1837332
67.9 1837332
68.4 1837332
69.0 1837300
70.9 1837300
71.4 1837300
71.9 1837300
72.4 1837300
73.0 1837332
73.5 1837332
74.0 1837332
74.5 1837332
75.0 1843312
75.5 1843564
76.0 1843264
76.5 1843408
77.0 1843516
77.5 1843644
78.0 1843676
78.5 1843100
79.0 1843068
79.5 1843464
80.0 1843628
80.5 1843708
81.0 1843092
81.5 1843012
82.0 1843440
82.5 1843028
83.0 1842996
83.5 1842556
84.0 1842652
84.5 1842920
85.0 1843008
85.5 1843356
86.0 1843764
86.5 1843768
87.0 1843372
87.5 1843420
88.0 1843212
88.5 1843276
89.0 1843768
89.5 1843968
90.0 1843600
90.5 1843332
91.0 1843404
91.5 1843356
92.0 1843644
92.5 1843388
93.0 1843560
93.5 1843372
94.0 1843244
94.5 1843576
95.0 1843460
95.5 1843744
96.0 1843632
96.5 1843540
97.0 1837684
97.6 1837684
98.1 1837652
100.9 1837648
101.7 1837648
102.2 1837648
105.9 1837712
109.6 1837712
111.1 1837712
111.6 1837712
114.4 1837680
119.0 1837680
119.5 1837680
120.0 1843184
120.5 1843248
121.0 1844128
121.5 1843424
122.0 1842964
122.5 1842964
123.0 1843312
123.5 1843092
124.0 1843200
124.5 1843424
125.0 1843268
125.5 1843112
126.0 1843316
126.5 1843048
127.0 1843552
127.5 1843364
128.0 1843520
128.5 1842732
129.0 1843536
129.5 1844056
130.0 1843432
130.5 1843372
131.0 1842820
131.5 1843008
132.0 1843136
132.5 1843072
133.0 1842992
133.5 1843024
134.0 1842456
134.5 1843008
135.0 1843384
135.5 1843196
136.0 1843072
136.5 1843372
137.0 1843292
137.5 1843356
138.0 1843388
138.5 1843484
139.0 1843148
139.5 1842976
140.0 1842400
140.5 1843164
141.0 1842856
141.5 1842620
142.0 1836608
143.2 1836608
145.1 1836600
145.6 1836600
146.1 1836600
149.7 1836568
150.2 1836568
152.2 1836568
152.7 1836568
153.2 1836632
156.3 1836632
158.1 1836632
158.6 1836632
162.3 1836600
162.8 1836600
164.5 1836600
165.0 1842572
165.5 1842604
166.0 1843060
166.5 1842932
167.0 1842948
167.5 1843044
168.0 1843532
168.5 1843088
169.0 1842760
169.5 1842664
170.0 1842584
170.5 1842928
171.0 1843388
171.5 1843212
172.0 1843308
172.5 1843228
173.0 1843244
173.5 1843276
174.0 1843464
174.5 1843796
175.0 1843552
175.5 1843300
176.0 1843880
176.5 1843408
177.0 1843208
177.5 1843300
178.0 1843364
178.5 1843300
179.0 1843016
179.5 1843252
180.0 1842664
180.5 1842440
181.0 1843108
181.5 1842856
182.0 1842836
182.5 1843200
183.0 1843232
183.5 1843216
184.0 1843280
184.5 1842932
185.0 1842904
185.5 1843280
186.0 1843092
186.5 1843092
187.0 1837104
187.5 1837104
188.0 1837104
188.5 1837104
189.0 1837104
189.5 1837104
190.0 1837100
190.5 1837100
191.0 1837100
191.5 1837068
192.0 1837068
192.6 1837068
193.1 1837132
193.6 1837132
194.1 1837132
194.6 1837132
195.1 1837132
195.6 1837132
196.1 1837100
196.6 1837100
197.1 1837100
197.6 1837100
198.1 1837100
198.6 1837100
199.1 1837100
199.6 1837100
200.1 1837164
200.6 1837164
201.1 1837132
201.6 1837132
202.1 1837132
202.6 1837132
203.1 1837132
203.6 1837132
204.1 1837132
204.6 1837132
205.1 1837132
205.6 1837132
206.1 1837100
206.6 1837100
207.1 1837100
207.6 1837132
208.1 1837132
208.6 1837132
209.1 1837132
209.6 1837132
210.1 1843440
210.6 1843708
211.1 1843284
211.6 1843552
212.1 1843032
212.6 1843032
213.1 1843536
213.6 1843724
214.1 1843616
214.6 1843648
215.1 1843496
215.6 1843024
216.1 1843592
216.6 1843432
217.1 1843132
217.6 1843340
218.1 1843276
218.6 1843732
219.1 1843416
219.6 1843496
220.1 1843300
220.6 1843364
221.1 1843456
221.6 1843712
222.1 1843472
222.6 1843236
223.1 1843472
223.6 1843520
224.1 1843584
224.6 1843428
225.1 1843484
225.6 1843516
226.1 1843184
226.6 1843484
227.1 1843612
227.6 1843264
228.1 1843484
228.6 1843564
229.1 1843848
229.6 1843580
230.1 1843208
230.6 1843256
231.1 1843524
231.6 1842752
232.1 1836836
232.6 1836868
233.1 1836868
233.6 1836868
234.1 1836868
234.6 1836836
235.1 1836836
235.6 1836832
236.1 1836832
236.6 1836832
237.1 1836832
237.6 1836832
238.1 1836832
238.6 1836832
239.1 1836800
239.6 1836800
240.1 1836864
240.6 1836864
241.1 1836864
241.6 1836864
242.1 1836864
242.6 1836864
243.1 1836864
243.6 1836832
244.1 1836832
244.6 1836832
245.1 1836832
245.6 1836828
246.1 1836828
246.6 1836828
247.1 1836828
247.6 1836828
248.1 1836828
248.6 1836860
249.1 1836860
249.6 1836860
250.1 1836860
250.6 1836860
251.1 1836860
251.6 1836860
252.1 1836860
252.6 1836828
253.1 1836828
253.7 1836828
254.2 1836828
254.7 1841808
255.2 1842656
255.7 1842816
256.2 1843108
256.7 1842664
257.2 1842948
257.7 1843072
258.2 1843120
258.7 1843404
259.2 1843516
259.7 1843324
260.2 1843436
260.7 1843548
261.2 1843436
261.7 1843312
262.2 1843232
262.7 1843232
263.2 1843340
263.7 1842932
264.2 1843356
264.7 1843372
265.2 1842884
265.7 1842912
266.2 1842756
266.7 1843376
267.2 1843484
267.7 1843168
268.2 1843484
268.7 1843972
269.2 1843324
269.7 1843512
270.2 1843548
270.7 1843864
271.2 1843232
271.7 1843220
272.2 1842600
272.7 1843028
273.2 1843312
273.7 1843376
274.2 1843264
274.7 1842936
275.2 1842972
275.7 1843272
276.2 1843304
276.7 1841572
277.2 1837092
277.9 1837092
278.4 1837124
278.9 1837124
279.4 1837124
279.9 1837124
280.4 1837124
280.9 1837124
281.4 1837092
281.9 1837092
282.4 1837092
282.9 1837092
283.4 1837092
283.9 1837092
284.4 1837092
284.9 1837092
285.5 1837060
286.0 1837124
286.5 1837124
287.1 1837124
287.6 1837124
288.1 1837124
288.6 1837124
289.1 1837124
289.6 1837124
290.1 1837124
290.6 1837092
291.1 1837092
291.6 1837092
292.1 1837092
292.6 1837092
293.1 1837092
293.6 1837124
294.4 1837124
294.9 1837124
295.4 1837124
295.9 1837092
296.5 1837092
297.0 1837092
297.5 1837092
298.0 1837092
298.5 1837092
299.0 1837092
299.5 1837092
300.0 1843876
300.5 1843516
301.0 1842996
301.5 1843216
302.0 1843392
302.5 1843216
303.0 1843168
303.5 1843500
304.0 1843200
304.5 1843596
305.0 1843580
305.5 1843248
306.0 1843152
306.5 1843344
307.0 1842868
307.5 1843200
308.0 1843264
308.5 1843580
309.0 1843660
309.5 1843420
310.0 1843004
310.5 1842784
311.0 1843052
311.5 1842640
312.0 1843004
312.5 1843288
313.0 1843128
313.5 1843128
314.0 1843160
314.5 1842812
315.0 1842980
315.5 1843500
316.0 1843216
316.5 1843200
317.0 1843216
317.5 1843248
318.0 1843596
318.5 1843136
319.0 1843152
319.5 1843296
320.0 1843540
320.5 1843588
321.0 1843148
321.5 1842892
322.0 1843192
322.5 1837268
323.0 1837268
323.5 1837268
324.0 1837268
324.5 1837268
325.0 1837268
325.5 1837264
326.0 1837296
326.5 1837296
327.0 1837296
327.5 1837296
328.0 1837264
328.5 1837264
329.0 1837264
329.5 1837264
330.0 1837264
330.5 1837264
331.0 1837264
331.5 1837264
332.1 1837264
332.6 1837232
333.1 1837232
333.6 1837296
334.1 1837296
334.6 1837296
335.1 1837296
335.6 1837296
336.1 1837296
336.6 1837296
337.1 1837264
337.6 1837264
338.1 1837264
338.6 1837264
339.1 1837264
339.6 1837264
340.1 1837264
340.6 1837328
341.1 1837296
341.6 1837296
342.1 1837296
342.6 1837296
343.1 1837296
343.6 1837296
344.2 1837296
344.7 1841636
345.2 1843212
345.7 1843356
346.2 1842928
346.7 1842844
347.2 1842644
347.7 1843276
348.2 1843196
348.7 1843260
349.2 1843260
349.7 1843180
350.2 1843232
350.7 1843264
351.2 1843532
351.7 1843280
352.2 1843248
352.7 1843120
353.2 1843472
353.7 1843280
354.2 1843076
354.7 1842912
355.2 1843040
355.7 1842536
356.2 1843132
356.7 1843308
357.2 1842976
357.7 1843088
358.2 1843088
358.7 1843072
359.2 1843404
359.7 1843336
360.2 1843400
360.7 1843732
361.2 1843276
361.7 1843260
362.2 1843608
362.7 1843700
363.2 1843528
363.7 1843340
364.2 1843212
364.7 1843236
365.2 1843524
365.7 1843644
366.2 1843320
366.7 1842316
367.2 1837000
367.7 1837000
368.2 1837000
368.7 1837000
369.2 1837000
369.7 1837000
370.2 1837000
370.7 1837028
371.2 1837028
371.7 1837028
372.2 1837028
372.7 1837028
373.2 1837028
373.7 1837028
374.2 1837028
374.7 1837028
375.2 1836996
375.7 1836996
376.2 1836996
376.7 1836996
377.2 1836996
377.7 1837028
378.2 1837028
378.7 1837028
379.2 1837028
379.7 1837028
380.2 1836996
380.7 1836996
381.2 1836996
381.7 1836996
382.2 1836996
382.7 1836996
383.2 1836996
383.7 1836996
384.2 1836964
384.7 1836964
385.2 1837028
385.7 1837028
386.2 1837028
386.7 1837028
387.2 1837028
387.7 1837028
388.2 1837028
388.8 1837028
389.3 1836996
389.8 1843612
390.3 1842936
390.8 1843644
391.3 1843188
391.8 1843236
392.3 1843108
392.8 1843568
393.3 1842968
393.8 1843316
394.3 1843204
394.8 1843012
395.3 1842932
395.8 1842900
396.3 1842696
396.8 1842916
397.3 1842792
397.8 1843296
398.3 1843356
398.8 1842760
399.3 1843184
399.8 1843388
400.3 1843196
400.8 1842720
401.3 1842708
401.8 1842660
402.3 1843132
402.8 1843132
403.3 1843576
403.8 1843624
404.3 1843732
404.8 1843256
405.3 1843224
405.8 1843508
406.3 1843396
406.8 1843288
407.3 1843476
407.8 1843540
408.3 1843588
408.8 1843096
409.3 1843208
409.8 1842968
410.3 1842968
410.8 1843252
411.3 1843456
411.8 1843216
412.3 1837136
412.8 1837136
413.3 1837136
413.8 1837200
414.3 1837200
414.8 1837200
415.3 1837200
415.8 1837196
416.3 1837196
416.8 1837196
417.3 1837164
417.8 1837164
418.3 1837164
418.8 1837164
419.3 1837164
419.8 1837164
420.3 1837164
420.8 1837196
421.3 1837196
421.8 1837196
422.4 1837196
422.9 1837196
423.4 1837196
423.9 1837196
424.4 1837196
424.9 1837196
425.4 1837196
425.9 1837164
426.4 1837164
426.9 1837164
427.4 1837164
427.9 1837164
428.4 1837164
428.9 1837164
429.4 1837196
429.9 1837196
430.4 1837196
430.9 1837164
431.4 1837164
431.9 1837164
432.4 1837164
432.9 1837164
433.4 1837164
433.9 1837164
434.4 1837164
434.9 1840376
435.4 1842908
435.9 1843112
436.4 1843032
436.9 1843032
437.4 1843208
437.9 1843252
438.4 1842420
438.9 1842656
439.4 1843176
439.9 1842984
440.4 1843092
440.9 1843456
441.4 1843156
441.9 1842856
442.4 1843204
442.9 1843060
443.4 1843156
443.9 1843220
444.4 1842904
444.9 1843264
445.4 1842964
445.9 1843136
446.4 1843500
446.9 1843308
447.4 1843340
447.9 1843816
448.4 1843420
448.9 1843484
449.4 1843356
449.9 1843384
450.4 1843664
450.9 1842736
451.4 1842988
451.9 1843196
452.4 1843116
452.9 1843416
453.4 1843148
453.9 1843212
454.4 1843148
454.9 1843128
455.4 1843064
455.9 1843160
456.4 1843160
456.9 1843240
457.4 1836724
457.9 1836724
458.4 1836724
458.9 1836724
459.4 1836692
459.9 1836692
460.4 1836692
460.9 1836692
461.4 1836692
461.9 1836692
462.4 1836692
462.9 1836724
463.4 1836692
463.9 1836692
464.4 1836692
465.0 1836692
465.6 1836692
466.1 1836692
466.6 1836692
467.1 1836692
467.6 1836692
468.1 1836660
468.6 1836660
469.1 1836660
469.6 1836660
470.1 1836724
470.6 1836724
471.1 1836724
471.6 1836724
472.1 1836724
472.6 1836724
473.1 1836692
473.7 1836692
474.2 1836692
474.7 1836692
475.2 1836692
475.7 1836692
476.2 1836692
476.7 1836692
477.2 1836756
477.7 1836724
478.2 1836724
478.7 1836724
479.2 1836724
479.7 1838816
480.2 1842852
480.7 1842932
481.2 1842664
481.7 1842696
482.2 1843064
482.7 1843284
483.2 1843680
483.7 1843380
484.2 1843380
484.7 1843440
485.2 1843296
485.7 1843312
486.2 1843504
486.7 1843236
487.2 1843124
487.7 1842920
488.2 1843520
488.7 1842888
489.2 1843140
489.7 1843060
490.2 1843388
490.7 1843356
491.2 1843356
491.7 1843404
492.2 1843104
492.7 1843372
493.2 1843436
493.7 1843372
494.2 1843624
494.7 1843340
495.2 1843384
495.7 1842772
496.2 1843508
496.7 1843164
497.2 1843732
497.7 1843020
498.2 1843052
498.7 1842972
499.2 1843352
499.7 1843352
500.2 1843068
500.7 1843268
501.2 1843412
501.7 1843444
502.2 1837328
502.7 1837328
503.2 1837328
503.7 1837328
504.2 1837328
504.8 1837328
505.3 1837292
505.8 1837292
506.3 1837292
506.8 1837292
507.3 1837292
507.8 1837292
508.3 1837324
508.8 1837324
509.3 1837324
509.8 1837324
510.3 1837292
510.8 1837292
511.3 1837292
511.8 1837292
512.3 1837292
512.8 1837292
513.3 1837292
513.8 1837292
514.3 1837260
514.8 1837324
515.3 1837324
515.8 1837324
516.3 1837324
516.8 1837324
517.3 1837324
517.8 1837324
518.3 1837324
518.8 1837324
519.3 1837292
519.8 1837292
520.3 1837292
520.8 1837292
521.3 1837292
521.8 1837292
522.3 1837324
522.8 1837324
523.3 1837324
523.8 1837324
524.3 1837292
524.8 1843068
525.3 1843352
525.8 1843220
526.3 1842636
526.8 1842540
527.3 1843000
527.8 1842920
528.3 1843092
528.8 1842936
529.3 1843124
529.8 1843072
530.3 1843228
530.8 1843088
531.3 1843308
531.8 1843484
532.3 1843608
532.8 1843576
533.3 1843672
533.8 1842756
534.3 1843324
534.8 1843620
535.3 1843384
535.8 1843368
536.3 1843320
536.8 1843336
537.3 1843304
537.8 1843336
538.3 1843368
538.8 1843320
539.3 1843288
539.8 1843572
540.3 1842780
540.8 1843308
541.3 1843368
541.8 1843452
542.3 1843372
542.8 1843120
543.3 1843356
543.8 1842884
544.3 1843104
544.8 1843340
545.3 1843068
545.8 1842628
546.3 1842676
546.8 1836484
547.3 1836484
547.8 1836484
548.3 1836484
548.8 1836484
549.3 1836484
549.8 1836484
550.3 1836480
550.8 1836480
551.3 1836512
551.8 1836512
552.3 1836512
552.8 1836512
553.3 1836512
553.8 1836512
554.3 1836512
554.8 1836512
555.3 1836512
555.8 1836480
556.3 1836480
556.8 1836480
557.3 1836480
557.8 1836480
558.3 1836480
558.8 1836480
559.3 1836480
559.8 1836512
560.3 1836512
561.0 1836480
561.5 1836480
562.0 1836480
562.5 1836480
563.0 1836480
563.5 1836480
564.0 1836480
564.5 1836480
565.0 1836480
565.5 1836448
566.0 1836448
566.5 1836512
567.0 1836512
567.5 1836512
568.0 1836512
568.5 1836512
569.0 1836512
569.5 1836512
570.0 1842504
570.5 1843044
571.0 1842804
571.5 1842488
572.0 1842788
572.5 1842788
573.0 1843104
573.5 1843200
574.0 1843168
574.5 1842964
575.0 1843368
575.5 1842912
576.0 1842800
576.5 1842944
577.0 1842832
577.5 1842596
578.0 1842532
578.5 1842564
579.0 1842848
579.5 1842644
580.0 1842748
580.5 1843112
581.0 1843284
581.5 1843428
582.0 1843224
582.5 1842780
583.0 1843080
583.5 1843204
584.0 1842748
584.5 1842940
585.0 1842840
585.5 1843140
586.0 1844224
586.5 1843904
587.0 1843116
587.5 1843384
588.0 1843572
588.5 1843512
589.0 1843496
589.5 1843304
590.0 1843492
590.5 1843416
591.0 1843368
591.5 1843336
592.0 1837032
592.5 1837000
593.0 1837000
593.5 1837000
594.0 1837000
594.5 1837000
595.0 1837000
595.5 1836996
596.0 1836996
596.5 1836996
597.0 1836996
597.5 1836964
598.0 1836964
598.5 1836964
599.0 1836964
599.5 1836996
600.0 1836996
600.5 1836996
601.0 1836996
601.5 1836964
602.0 1836964
602.5 1836964
603.0 1836964
603.5 1836964
604.0 1836964
604.5 1836964
605.0 1836964
605.5 1836964
606.0 1836964
606.5 1836932
607.0 1836996
607.5 1836996
608.0 1836996
608.6 1836996
609.1 1836996
609.6 1836996
610.1 1836996
610.6 1836996
611.1 1836996
611.6 1836964
612.1 1836964
612.6 1836964
613.1 1836964
613.6 1836964
614.1 1836964
614.6 1840576
615.1 1843388
615.6 1843404
616.1 1843356
616.6 1843308
617.1 1843120
617.6 1843040
618.1 1843088
618.6 1843088
619.1 1843168
619.6 1843296
620.1 1843376
620.6 1843280
621.1 1843060
621.6 1843124
622.1 1843028
622.6 1843092
623.1 1842492
623.6 1842604
624.1 1843580
624.6 1843088
625.1 1843420
625.6 1843436
626.1 1843168
626.6 1843324
627.1 1843420
627.6 1843560
628.1 1843768
628.6 1843356
629.1 1843260
629.6 1843436
630.1 1843372
630.6 1843088
631.1 1843232
631.6 1842804
632.1 1843244
632.6 1843388
633.1 1843672
633.6 1843200
634.1 1843244
634.6 1843324
635.1 1843056
635.6 1843372
636.1 1843168
636.6 1842852
637.1 1836592
637.6 1836592
638.1 1836592
638.6 1836592
639.1 1836592
639.6 1836592
640.1 1836624
640.6 1836620
641.1 1836620
641.6 1836620
642.1 1836620
642.6 1836620
643.1 1836620
643.6 1836620
644.1 1836620
644.6 1836588
645.1 1836588
645.6 1836588
646.3 1836620
646.8 1836620
647.3 1836620
647.8 1836620
648.3 1836620
648.8 1836588
649.3 1836588
649.8 1836588
650.3 1836588
650.8 1836588
651.3 1836588
651.8 1836588
652.3 1836588
652.8 1836588
653.3 1836588
653.8 1836620
654.3 1836620
654.8 1836620
655.3 1836620
655.8 1836620
656.3 1836620
656.8 1836620
657.3 1836620
657.8 1836620
658.3 1836588
658.8 1836588
659.3 1836588
659.8 1840360
660.3 1843172
660.8 1843188
661.3 1842972
661.8 1843240
662.3 1842988
662.8 1843496
663.3 1843384
663.8 1843164
664.3 1843476
664.8 1843504
665.3 1843364
665.8 1843556
666.3 1843144
666.8 1843632
667.3 1843396
667.8 1843712
668.3 1843176
668.8 1843332
669.3 1843284
669.8 1843548
670.3 1843484
670.8 1843440
671.3 1843296
671.8 1843028
672.3 1842764
672.8 1842556
673.3 1842888
673.8 1842760
674.3 1842840
674.8 1843152
675.3 1843040
675.8 1842976
676.3 1842804
676.8 1842900
677.3 1842948
677.8 1843008
678.3 1843216
678.8 1842756
679.3 1842900
679.8 1844248
680.3 1843320
680.8 1843336
681.3 1843256
681.8 1837876
682.3 1837436
682.8 1837436
683.3 1837436
683.8 1837436
684.3 1837436
684.8 1837436
685.3 1837436
685.8 1837400
686.4 1837400
686.9 1837400
687.4 1837400
687.9 1837432
688.4 1837432
688.9 1837432
689.4 1837432
689.9 1837432
690.4 1837432
690.9 1837400
691.4 1837400
691.9 1837400
692.4 1837400
692.9 1837400
693.4 1837400
693.9 1837400
694.4 1837400
694.9 1837368
695.4 1837432
695.9 1837432
696.4 1837432
696.9 1837432
697.4 1837432
697.9 1837432
698.4 1837432
698.9 1837432
699.4 1837432
699.9 1837400
700.4 1837400
700.9 1837400
701.4 1837400
701.9 1837400
702.4 1837400
702.9 1837432
703.4 1837432
703.9 1837432
704.4 1837432
704.9 1843436
705.4 1843760
705.9 1843200
706.4 1843356
706.9 1843624
707.4 1843500
707.9 1843452
708.4 1843200
708.9 1843476
709.4 1843460
709.9 1843296
710.4 1843644
710.9 1843596
711.4 1843456
711.9 1843344
712.4 1843156
712.9 1843660
713.4 1843360
713.9 1843612
714.4 1843424
714.9 1843872
715.4 1843456
715.9 1843408
716.4 1843424
716.9 1843188
717.4 1843028
717.9 1842996
718.4 1842888
718.9 1843124
719.4 1843140
719.9 1843160
720.4 1843208
720.9 1843476
721.4 1843000
721.9 1842812
722.4 1842324
722.9 1842292
723.4 1842324
723.9 1842308
724.4 1842388
724.9 1842540
725.4 1842636
725.9 1842492
726.4 1842652
726.9 1836416
727.4 1836416
727.9 1836384
728.4 1836384
728.9 1836448
729.4 1836448
730.0 1836448
730.5 1836448
731.2 1836448
731.7 1836448
732.2 1836448
732.7 1836448
733.2 1836416
733.7 1836416
734.2 1836416
734.7 1836416
735.2 1836416
735.7 1836416
736.2 1836448
736.7 1836448
737.2 1836448
737.7 1836448
738.2 1836416
738.7 1836416
739.2 1836416
739.7 1836416
740.2 1836416
740.8 1836416
741.3 1836416
741.8 1836416
742.3 1836416
742.8 1836416
743.3 1836384
743.8 1836448
744.3 1836448
744.8 1836448
745.3 1836448
745.8 1836448
746.3 1836448
746.8 1836448
747.5 1836416
748.0 1836416
748.5 1836416
749.0 1836416
749.5 1836416
750.0 1842760
750.5 1843344
751.0 1843376
751.5 1843344
752.0 1843580
752.5 1843500
753.0 1843124
753.5 1843108
754.0 1842916
754.5 1843044
755.0 1843244
755.5 1843372
756.0 1843340
756.5 1843212
757.0 1843380
757.5 1842788
758.0 1843244
758.5 1843260
759.0 1843480
759.5 1842944
760.0 1843320
760.5 1843384
761.0 1843100
761.5 1843288
762.0 1843620
762.5 1843572
763.0 1843412
763.5 1843368
764.0 1843240
764.5 1843176
765.0 1843412
765.5 1843080
766.0 1843204
766.5 1843316
767.0 1843600
767.5 1843380
768.0 1843284
768.5 1843236
769.0 1843268
769.5 1843300
770.0 1842876
770.5 1843048
771.0 1842860
771.5 1842464
772.0 1836612
772.5 1836612
773.0 1836612
773.5 1836612
774.0 1836612
774.5 1836612
775.0 1836580
775.5 1836576
776.0 1836576
776.5 1836576
777.0 1836640
777.5 1836640
778.0 1836640
778.5 1836640
779.0 1836640
779.5 1836640
780.0 1836608
780.5 1836608
781.0 1836608
781.5 1836608
782.0 1836608
782.5 1836608
783.0 1836608
783.5 1836608
784.0 1836640
784.5 1836640
785.0 1836640
785.5 1836640
786.0 1836640
786.5 1836640
787.0 1836640
787.6 1836640
788.1 1836640
788.6 1836640
789.2 1836608
789.7 1836608
790.2 1836608
790.7 1836608
791.2 1836640
791.7 1836640
792.2 1836640
792.7 1836640
793.2 1836640
793.7 1836640
794.2 1836608
794.7 1841852
795.2 1842800
795.7 1842896
796.2 1843180
796.7 1843148
797.2 1843020
797.7 1843228
798.2 1843068
798.7 1843020
799.2 1843132
799.7 1843300
800.2 1842968
800.7 1843316
801.2 1843664
801.7 1843616
802.2 1843300
802.7 1843176
803.2 1843096
803.7 1843112
804.2 1843616
804.7 1843204
805.2 1843284
805.7 1843332
806.2 1843504
806.7 1843552
807.2 1843616
807.7 1843364
808.2 1843696
808.7 1843380
809.2 1843364
809.7 1843280
810.2 1842936
810.7 1843012
811.2 1842884
811.7 1843044
812.2 1843628
812.7 1843644
813.2 1843296
813.7 1843344
814.2 1843344
814.7 1843376
815.2 1843424
815.7 1842980
816.2 1843060
816.7 1843280
817.2 1837452
817.7 1837452
818.2 1837452
818.7 1837452
819.2 1837452
819.7 1837452
820.2 1837448
820.7 1837448
821.2 1837448
821.7 1837416
822.2 1837480
822.7 1837480
823.2 1837480
823.7 1837480
824.2 1837480
824.7 1837480
825.2 1837480
825.7 1837480
826.2 1837480
826.8 1837480
827.3 1837448
827.8 1837448
828.3 1837448
828.8 1837448
829.3 1837448
829.8 1837448
830.3 1837480
830.8 1837448
831.3 1837448
831.8 1837448
832.3 1837448
832.8 1837448
833.3 1837448
833.8 1837448
834.3 1837448
834.8 1837448
835.3 1837448
835.9 1837448
836.4 1837416
836.9 1837480
837.4 1837480
837.9 1837480
838.4 1837480
838.9 1837480
839.4 1837480
839.9 1843340
840.4 1843116
840.9 1843212
841.4 1843324
841.9 1843196
842.4 1843464
842.9 1843292
843.4 1843416
843.9 1843600
844.4 1843380
844.9 1843344
845.4 1843392
845.9 1843248
846.4 1843580
846.9 1843264
847.4 1843028
847.9 1842948
848.4 1843124
848.9 1843060
849.4 1842948
849.9 1842788
850.4 1843056
850.9 1843656
851.4 1843560
851.9 1843372
852.4 1843152
852.9 1842896
853.4 1843324
853.9 1843196
854.4 1843324
854.9 1843352
855.4 1843336
855.9 1843524
856.4 1842720
856.9 1842848
857.4 1842832
857.9 1843304
858.4 1843288
858.9 1843336
859.4 1843620
859.9 1843488
860.4 1843252
860.9 1843392
861.4 1843268
861.9 1837444
862.4 1837444
862.9 1837444
863.4 1837444
863.9 1837444
864.4 1837476
864.9 1837476
865.4 1837472
865.9 1837472
866.4 1837472
867.0 1837472
867.5 1837472
868.0 1837472
868.5 1837440
869.0 1837440
869.5 1837440
870.0 1837440
870.5 1837440
871.0 1837440
871.5 1837472
872.0 1837472
872.5 1837472
873.0 1837472
873.5 1837440
874.2 1837440
874.7 1837440
875.2 1837440
875.7 1837440
876.2 1837440
876.7 1837440
877.2 1837440
877.7 1837440
878.2 1837440
878.7 1837472
879.2 1837472
879.7 1837472
880.2 1837472
880.7 1837472
881.2 1837472
881.7 1837472
882.2 1837472
882.7 1837440
883.2 1837440
883.7 1837440
884.2 1837440
884.7 1843728
885.2 1843352
885.7 1842972
886.2 1843304
886.7 1842892
887.2 1843460
887.7 1843192
888.2 1843636
888.7 1843176
889.2 1843484
889.7 1843592
890.2 1843704
890.7 1843624
891.2 1843244
891.7 1843352
892.2 1843480
892.7 1843244
893.2 1843244
893.7 1843120
894.2 1842948
894.7 1842600
895.2 1843132
895.7 1843308
896.2 1843260
896.7 1843260
897.2 1843420
897.7 1843292
898.2 1843196
898.7 1843372
899.2 1843244
899.7 1843572
900.2 1843144
900.7 1843176
901.2 1843160
901.7 1843332
902.2 1843480
902.7 1843004
903.2 1842800
903.7 1843492
904.2 1843272
904.7 1843400
905.2 1843240
905.7 1843052
906.2 1843556
906.7 1843460
907.2 1837220
907.7 1837220
909.8 1837220
911.7 1837220
912.2 1837220
916.6 1837188
917.4 1837188
918.0 1837188
918.8 1837188
924.2 1837188
926.0 1837188
926.5 1837188
928.4 1837188
929.5 1837188
930.0 1843328
930.5 1843344
931.0 1843044
931.5 1843108
932.0 1843168
932.5 1843028
933.0 1842904
933.5 1843232
934.0 1843380
934.5 1843192
935.0 1843256
935.5 1843096
936.0 1843304
936.5 1843540
937.0 1843116
937.5 1843524
938.0 1843556
938.5 1843176
939.0 1843604
939.5 1843272
940.0 1843112
940.5 1842940
941.0 1842872
941.5 1843204
942.0 1843064
942.5 1843220
943.0 1843188
943.5 1843744
944.0 1844176
944.5 1844712
945.0 1843972
945.5 1843392
946.0 1843500
946.5 1843692
947.0 1843528
947.5 1843264
948.0 1843928
948.5 1843056
949.0 1843708
949.5 1843200
950.0 1843644
950.5 1843392
951.0 1843012
951.5 1843028
952.0 1842872
954.2 1836880
955.0 1836880
956.6 1836876
958.1 1836876
959.7 1836876
961.2 1836844
962.1 1836908
963.7 1836908
965.2 1836908
965.8 1836908
967.9 1836908
970.0 1836908
971.8 1836908
973.7 1836876
974.5 1836876
975.0 1842764
975.5 1842748
976.0 1842876
976.5 1843332
977.0 1843332
977.5 1843268
978.0 1843328
978.5 1843536
979.0 1843552
979.5 1843252
980.0 1843348
980.5 1842748
981.0 1842640
981.5 1842416
982.0 1842876
982.5 1842876
983.0 1842984
983.5 1843536
984.0 1843692
984.5 1843552
985.0 1843364
985.5 1843016
986.0 1842716
986.5 1843080
987.0 1843396
987.5 1843000
988.0 1843456
988.5 1843172
989.0 1843268
989.5 1843188
990.0 1843452
990.5 1843124
991.0 1843548
991.5 1843452
992.0 1843312
992.5 1843532
993.0 1843248
993.5 1843516
994.0 1843628
994.5 1843532
995.0 1843228
995.5 1843072
996.0 1843024
996.5 1842932
997.0 1836980
997.6 1836980
998.2 1836980
999.8 1836980
1002.0 1836980
1002.7 1836980
1004.9 1836980
1006.2 1836980
1007.9 1836948
1008.5 1837012
1009.9 1837012
1010.4 1837012
1012.2 1837012
1012.8 1837012
1014.1 1837012
1015.9 1837012
1016.4 1837012
1017.1 1837012
1017.8 1837012
1018.3 1836980
1019.5 1836980
1020.0 1842896
1020.5 1843040
1021.0 1843180
1021.5 1842888
1022.0 1843312
1022.5 1843832
1023.0 1843220
1023.5 1843364
1024.0 1843252
1024.5 1843016
1025.0 1843468
1025.5 1843264
1026.0 1843436
1026.5 1843468
1027.0 1842792
1027.5 1843012
1028.0 1842916
1028.5 1843412
1029.0 1845096
1029.5 1843768
1030.0 1843868
1030.5 1843300
1031.0 1843220
1031.5 1843252
1032.0 1843408
1032.5 1843188
1033.0 1842636
1033.5 1843332
1034.0 1842860
1034.5 1842844
1035.0 1842584
1035.5 1843360
1036.0 1842948
1036.5 1843292
1037.0 1843060
1037.5 1843028
1038.0 1843200
1038.5 1842852
1039.0 1843388
1039.5 1843516
1040.0 1843484
1040.5 1843060
1041.0 1842852
1041.5 1843012
1042.0 1842996
1042.5 1837268
1043.0 1837268
1044.7 1837268
1045.2 1837264
1045.7 1837264
1046.4 1837264
1047.7 1837264
1049.5 1837232
1050.6 1837232
1051.6 1837296
1052.2 1837296
1053.0 1837296
1053.5 1837296
1054.7 1837296
1057.4 1837296
1059.3 1837264
1059.8 1837264
1060.5 1837264
1061.0 1837264
1063.1 1837264
1064.5 1837264
1065.0 1843484
1065.5 1844144
1066.0 1844472
1066.5 1843672
1067.0 1843364
1067.5 1843236
1068.0 1843408
1068.5 1843284
1069.0 1843332
1069.5 1843080
1070.0 1842852
1070.5 1842380
1071.0 1842380
1071.5 1842664
1072.0 1843248
1072.5 1843344
1073.0 1843280
1073.5 1843216
1074.0 1843072
1074.5 1843152
1075.0 1843276
1075.5 1843260
1076.0 1843356
1076.5 1843228
1077.0 1843944
1077.5 1844172
1078.0 1843104
1078.5 1843120
1079.0 1843496
1079.5 1843356
1080.0 1843292
1080.5 1843544
1081.0 1843592
1081.5 1843828
1082.0 1843180
1082.5 1843624
1083.0 1843308
1083.5 1843796
1084.0 1843544
1084.5 1843648
1085.0 1843628
1085.5 1843216
1086.0 1843612
1086.5 1843500
1087.0 1841704
1087.7 1837332
1088.2 1837332
1088.8 1837332
1090.7 1837328
1092.9 1837296
1094.7 1837296
1096.5 1837296
1099.9 1837296
1101.0 1837328
1102.8 1837328
1104.7 1837328
1105.2 1837296
1107.0 1837296
1108.8 1837296
1109.5 1837296
1110.0 1843212
1110.5 1843260
1111.0 1843084
1111.5 1843008
1112.0 1843356
1112.5 1842992
1113.0 1842960
1113.5 1842832
1114.0 1843072
1114.5 1843272
1115.0 1843044
1115.5 1843768
1116.0 1843248
1116.5 1843216
1117.0 1843120
1117.5 1843200
1118.0 1842836
1118.5 1843292
1119.0 1843024
1119.5 1843152
1120.0 1843056
1120.5 1842980
1121.0 1843104
1121.5 1843312
1122.0 1843232
1122.5 1843104
1123.0 1843104
1123.5 1843248
1124.0 1843312
1124.5 1843152
1125.0 1843732
1125.5 1843052
1126.0 1842488
1126.5 1842660
1127.0 1843376
1127.5 1843376
1128.0 1843000
1128.5 1843140
1129.0 1843772
1129.5 1843536
1130.0 1843608
1130.5 1843764
1131.0 1843120
1131.5 1843168
1132.0 1837124
1132.5 1837124
1133.0 1837124
1133.5 1837124
1134.0 1837124
1134.5 1837124
1135.1 1837124
1135.6 1837124
1136.1 1837092
1137.4 1837092
1137.9 1837092
1143.5 1837156
1145.3 1837156
1147.2 1837156
1149.0 1837156
1152.0 1837124
1152.6 1837124
1153.1 1837124
1153.6 1837124
1154.1 1837124
1154.6 1840104
1155.1 1843848
1155.6 1843192
1156.1 1843412
1156.6 1843460
1157.1 1843288
1157.6 1843268
1158.1 1843524
1158.6 1843208
1159.1 1843664
1159.6 1843600
1160.1 1843208
1160.6 1843208
1161.1 1843524
1161.6 1843412
1162.1 1843444
1162.6 1843428
1163.1 1843256
1163.6 1843160
1164.1 1842704
1164.6 1843028
1165.1 1843396
1165.6 1843300
1166.1 1843552
1166.6 1843236
1167.1 1843524
1167.6 1843632
1168.1 1843204
1168.6 1843236
1169.1 1843204
1169.6 1843252
1170.1 1843312
1170.6 1843344
1171.1 1843504
1171.6 1843408
1172.1 1843220
1172.6 1843472
1173.1 1843600
1173.6 1843392
1174.1 1843408
1174.6 1843028
1175.1 1842900
1175.6 1842916
1176.1 1843012
1176.6 1842640
1177.1 1837212
1177.6 1837212
1178.1 1837212
1178.6 1837212
1179.8 1837212
1180.4 1837212
1180.9 1837212
1181.5 1837180
1182.0 1837180
1182.8 1837244
1183.4 1837244
1184.4 1837244
1184.9 1837244
1186.8 1837244
1187.5 1837244
1188.0 1837244
1188.5 1837212
1189.8 1837212
1190.3 1837212
1190.8 1837212
1191.3 1837212
1191.8 1837212
1192.3 1837212
1192.8 1837212
1193.3 1837244
1193.8 1837244
1194.3 1837244
1195.0 1837244
1195.5 1837244
1196.0 1837244
1196.5 1837244
1197.1 1837244
1197.6 1837244
1198.1 1837244
1198.6 1837212
1199.1 1837212
1199.6 1837212
1200.1 1843452
1200.6 1844036
1201.1 1843280
1201.6 1843328
1202.1 1842964
1202.6 1843280
1203.1 1843500
1203.6 1843388
1204.1 1843484
1204.6 1843516
1205.1 1843592
1205.6 1843512
1206.1 1843528
1206.6 1843180
1207.1 1843260
1207.6 1843780
1208.1 1843404
1208.6 1842628
1209.1 1842676
1209.6 1843212
1210.1 1843460
1210.6 1843476
1211.1 1843728
1211.6 1843460
1212.1 1843408
1212.6 1843492
1213.1 1843652
1213.6 1843396
1214.1 1843680
1214.6 1842924
1215.1 1844176
1215.6 1843520
1216.1 1843988
1216.6 1843324
1217.1 1843660
1217.6 1843536
1218.1 1843220
1218.6 1843236
1219.1 1843236
1219.6 1843236
1220.1 1843600
1220.6 1843388
1221.1 1843784
1221.6 1843740
1222.1 1837028
1222.6 1837028
1224.5 1837028
1226.4 1837028
1228.3 1837060
1228.8 1837060
1229.3 1837060
1229.8 1837028
1231.7 1837028
1232.6 1837028
1234.8 1837028
1235.3 1837028
1235.8 1837028
1236.3 1837028
1237.4 1837028
1237.9 1836996
1238.4 1836996
1239.7 1837060
1241.6 1837060
1242.1 1837060
1243.9 1837060
1244.4 1837060
1244.9 1837060
1245.4 1843452
1245.9 1843596
1246.4 1843372
1246.9 1843512
1247.4 1843940
1247.9 1843356
1248.4 1843500
1248.9 1843420
1249.4 1843088
1249.9 1843040
1250.4 1843684
1250.9 1843020
1251.4 1843084
1251.9 1843292
1252.4 1843100
1252.9 1843260
1253.4 1843480
1253.9 1842392
1254.4 1842784
1254.9 1842944
1255.4 1843160
1255.9 1843064
1256.4 1843236
1256.9 1843064
1257.4 1843208
1257.9 1842984
1258.4 1843492
1258.9 1843256
1259.4 1843048
1259.9 1843504
1260.4 1842956
1260.9 1843208
1261.4 1843320
1261.9 1843160
1262.4 1843428
1262.9 1843368
1263.4 1843080
1263.9 1842672
1264.4 1842704
1264.9 1842876
1265.4 1842808
1265.9 1843092
1266.4 1843600
1266.9 1843432
1267.4 1837320
1268.3 1837288
1269.1 1837288
1269.8 1837352
1270.8 1837352
1271.3 1837352
1273.5 1837352
1274.1 1837352
1275.9 1837352
1276.8 1837320
1278.7 1837320
1281.0 1837320
1283.3 1837320
1285.2 1837320
1287.2 1837320
1289.0 1837352
1289.5 1837320
1290.0 1842888
1290.5 1843000
1291.0 1842784
1291.5 1842724
1292.0 1842740
1292.5 1842724
1293.0 1842724
1293.5 1842660
1294.0 1842768
1294.5 1843580
1295.0 1843448
1295.5 1843500
1296.0 1843532
1296.5 1843372
1297.0 1843452
1297.5 1843168
1298.0 1843280
1298.5 1843216
1299.0 1843704
1299.5 1843548
1300.0 1843384
1300.5 1843336
1301.0 1843416
1301.5 1843368
1302.0 1843544
1302.5 1843304
1303.0 1843368
1303.5 1843400
1304.0 1843272
1304.5 1843352
1305.0 1843336
1305.5 1843228
1306.0 1842580
1306.5 1843212
1307.0 1842864
1307.5 1842800
1308.0 1842736
1308.5 1842888
1309.0 1843372
1309.5 1843400
1310.0 1843744
1310.5 1843556
1311.0 1843588
1311.5 1843320
1313.6 1837228
1314.3 1837196
1314.9 1837196
1316.0 1837192
1319.8 1837192
1320.5 1837192
1321.0 1837192
1321.6 1837192
1322.9 1837192
1324.2 1837160
1324.7 1837160
1325.4 1837160
1326.3 1837224
1326.8 1837224
1327.9 1837224
1328.9 1837224
1330.7 1837224
1331.7 1837224
1333.7 1837192
1334.2 1837192
1334.7 1844364
1335.2 1843448
1335.7 1843164
1336.2 1843196
1336.7 1843148
1337.2 1843060
1337.7 1843196
1338.2 1843540
1338.7 1843496
1339.2 1843560
1339.7 1843440
1340.2 1843156
1340.7 1843092
1341.2 1843172
1341.7 1843140
1342.2 1843172
1342.7 1843520
1343.2 1843424
1343.7 1843644
1344.2 1843456
1344.7 1843200
1345.2 1843232
1345.7 1843184
1346.2 1843452
1346.7 1843232
1347.2 1843248
1347.7 1843308
1348.2 1843436
1348.7 1843152
1349.2 1843436
1349.7 1843828
1350.2 1843940
1350.7 1843388
1351.2 1843436
1351.7 1843168
1352.2 1843200
1352.7 1843388
1353.2 1843484
1353.7 1843200
1354.2 1843484
1354.7 1843452
1355.2 1843404
1355.7 1843372
1356.2 1843440
1356.7 1844056
1357.6 1837324
1358.1 1837324
1359.6 1837324
1361.1 1837324
1362.7 1837324
1366.2 1837324
1366.7 1837324
1368.7 1837292
1369.5 1837292
1370.1 1837292
1370.6 1837292
1371.6 1837292
1373.3 1837356
1374.9 1837356
1376.7 1837356
1377.3 1837356
1379.5 1837324
1380.0 1843560
1380.5 1843388
1381.0 1843340
1381.5 1843356
1382.0 1843468
1382.5 1843656
1383.0 1843468
1383.5 1843168
1384.0 1843248
1384.5 1843152
1385.0 1843320
1385.5 1842836
1386.0 1843516
1386.5 1843484
1387.0 1843452
1387.5 1843436
1388.0 1843088
1388.5 1843204
1389.0 1842892
1389.5 1842800
1390.0 1842984
1390.5 1842872
1391.0 1843204
1391.5 1843424
1392.0 1843356
1392.5 1843456
1393.0 1843268
1393.5 1843236
1394.0 1843012
1394.5 1843028
1395.0 1843628
1395.5 1843568
1396.0 1842996
1396.5 1843408
1397.0 1843724
1397.5 1843644
1398.0 1843708
1398.5 1842648
1399.0 1843012
1399.5 1843044
1400.0 1843168
1400.5 1843072
1401.0 1843120
1401.5 1843264
1402.0 1837368
1402.5 1837368
1403.0 1837336
1403.5 1837336
1404.0 1837336
1404.5 1837336
1405.0 1837336
1405.5 1837336
1406.0 1837368
1406.5 1837368
1407.0 1837368
1407.5 1837336
1408.0 1837336
1408.5 1837336
1409.0 1837336
1409.5 1837336
1410.0 1837336
1410.5 1837336
1411.0 1837336
1411.5 1837336
1412.0 1837304
1412.5 1837304
1413.0 1837304
1413.5 1837304
1414.0 1837368
1414.5 1837368
1415.0 1837368
1415.5 1837368
1416.0 1837368
1416.5 1837368
1417.0 1837336
1417.5 1837336
1418.0 1837336
1418.5 1837336
1419.0 1837336
1419.5 1837336
1420.0 1837336
1420.5 1837368
1421.0 1837368
1421.5 1837368
1422.0 1837368
1422.7 1837336
1423.2 1837336
1423.7 1837336
1424.2 1837336
1424.7 1840588
1425.2 1843452
1425.7 1843452
1426.2 1843500
1426.7 1843072
1427.2 1843296
1427.7 1843388
1428.2 1843484
1428.7 1843468
1429.2 1843024
1429.7 1843436
1430.2 1843468
1430.7 1843468
1431.2 1843120
1431.7 1842704
1432.2 1842728
1432.7 1842868
1433.2 1843216
1433.7 1843328
1434.2 1843248
1434.7 1843012
1435.2 1842784
1435.7 1843420
1436.2 1843468
1436.7 1843596
1437.2 1843640
1437.7 1843580
1438.2 1843436
1438.7 1843672
1439.2 1843404
1439.7 1843640
1440.2 1843356
1440.7 1844052
1441.2 1843452
1441.7 1843088
1442.2 1843580
1442.7 1843312
1443.2 1843328
1443.7 1843168
1444.2 1842776
1444.7 1842932
1445.2 1842756
1445.7 1842756
1446.2 1842708
1446.7 1843460
1447.2 1837388
1447.7 1837388
1448.2 1837388
1448.7 1837388
1449.2 1837388
1449.7 1837388
1450.2 1837420
1450.7 1837420
1451.2 1837420
1451.7 1837420
1452.2 1837420
1452.7 1837420
1453.2 1837420
1453.7 1837420
1454.2 1837420
1454.7 1837420
1455.2 1837388
1455.7 1837388
1456.2 1837388
1456.7 1837388
1457.2 1837388
1457.7 1837388
1458.2 1837420
1458.7 1837420
1459.2 1837388
1459.7 1837388
1460.2 1837388
1460.7 1837388
1461.2 1837388
1461.7 1837388
1462.2 1837388
1462.7 1837388
1463.2 1837388
1463.7 1837388
1464.2 1837356
1464.7 1837420
1465.2 1837420
1465.7 1837420
1466.2 1837420
1466.8 1837420
1467.3 1837420
1467.8 1837420
1468.3 1837420
1468.8 1837388
1469.3 1837388
1469.8 1837388
1470.3 1843848
1470.8 1843884
1471.3 1843732
1471.8 1843512
1472.3 1843164
1472.8 1843320
1473.3 1843400
1473.8 1843260
1474.3 1843260
1474.8 1843196
1475.3 1844784
1475.8 1844784
1476.3 1844048
1476.8 1843356
1477.3 1843212
1477.8 1843212
1478.3 1843116
1478.8 1843180
1479.3 1843292
1479.8 1843228
1480.3 1843444
1480.8 1843300
1481.3 1843696
1481.8 1843004
1482.3 1843492
1482.8 1843368
1483.3 1842876
1483.8 1843552
1484.3 1843476
1484.8 1842860
1485.3 1843000
1485.8 1843676
1486.3 1843428
1486.8 1843424
1487.3 1843204
1487.8 1843220
1488.3 1843472
1488.8 1843392
1489.3 1843280
1489.8 1843408
1490.3 1843404
1490.8 1843720
1491.3 1843384
1491.8 1843484
1492.3 1837304
1492.8 1837304
1493.3 1837304
1493.8 1837304
1494.3 1837304
1494.8 1837304
1495.3 1837304
1495.8 1837304
1496.3 1837304
1496.8 1837304
1497.3 1837272
1497.8 1837272
1498.3 1837336
1498.8 1837336
1499.3 1837336
1499.8 1837336
1500.3 1837336
1500.8 1837336
1501.3 1837336
1501.8 1837336
1502.3 1837336
1502.8 1837304
1503.3 1837304
1503.9 1837304
1504.4 1837304
1504.9 1837304
1505.4 1837304
1505.9 1837304
1506.4 1837336
1506.9 1837336
1507.4 1837336
1507.9 1837336
1508.4 1837336
1508.9 1837336
1509.4 1837336
1509.9 1837336
1510.4 1837336
1510.9 1837304
1511.4 1837304
1511.9 1837304
1512.4 1837304
1512.9 1837336
1513.4 1837336
1513.9 1837336
1514.4 1837336
1514.9 1837336
1515.4 1843136
1515.9 1843184
1516.4 1843500
1516.9 1843128
1517.4 1842924
1517.9 1842780
1518.4 1842892
1518.9 1843004
1519.4 1843428
1519.9 1843412
1520.4 1843144
1520.9 1843224
1521.4 1843160
1521.9 1843568
1522.4 1842860
1522.9 1843540
1523.4 1843192
1523.9 1843332
1524.4 1843444
1524.9 1843144
1525.4 1843112
1525.9 1843476
1526.4 1843584
1526.9 1843316
1527.4 1843396
1527.9 1843316
1528.4 1843256
1528.9 1843096
1529.4 1843332
1529.9 1843536
1530.4 1843304
1530.9 1843160
1531.4 1843208
1531.9 1842592
1532.4 1842420
1532.9 1842624
1533.4 1842800
1533.9 1842892
1534.4 1843004
1534.9 1842892
1535.4 1842572
1535.9 1842508
1536.4 1842936
1536.9 1842984
1537.4 1839776
1537.9 1837476
1538.4 1837476
1538.9 1837476
1539.4 1837444
1539.9 1837444
1540.4 1837440
1540.9 1837440
1541.4 1837472
1541.9 1837472
1542.4 1837472
1542.9 1837472
1543.4 1837472
1543.9 1837472
1544.4 1837440
1544.9 1837440
1545.4 1837440
1545.9 1837440
1546.4 1837440
1546.9 1837440
1547.4 1837440
1547.9 1837440
1548.4 1837440
1548.9 1837472
1549.4 1837472
1549.9 1837472
1550.4 1837472
1550.9 1837472
1551.4 1837472
1551.9 1837472
1552.4 1837472
1552.9 1837472
1553.4 1837440
1553.9 1837440
1554.4 1837440
1554.9 1837440
1555.4 1837440
1555.9 1837440
1556.4 1837440
1556.9 1837472
1557.4 1837472
1557.9 1837472
1558.4 1837440
1558.9 1837440
1559.4 1837440
1559.9 1837440
1560.4 1843316
1560.9 1843388
1561.4 1843720
1561.9 1843484
1562.4 1843372
1562.9 1843184
1563.4 1843452
1563.9 1843324
1564.4 1843308
1564.9 1843340
1565.4 1843320
1565.9 1843004
1566.4 1843196
1566.9 1843132
1567.4 1843084
1567.9 1843588
1568.4 1843336
1568.9 1843368
1569.4 1843636
1569.9 1843304
1570.4 1843424
1570.9 1842872
1571.4 1843236
1571.9 1843124
1572.4 1843156
1572.9 1843060
1573.4 1843060
1573.9 1843140
1574.4 1843220
1574.9 1843344
1575.4 1843348
1575.9 1843364
1576.4 1843316
1576.9 1843128
1577.4 1843096
1577.9 1843600
1578.4 1843300
1578.9 1843128
1579.4 1843252
1579.9 1843204
1580.4 1843232
1580.9 1843328
1581.4 1843408
1581.9 1843264
1582.4 1837364
1582.9 1837396
1583.4 1837396
1583.9 1837396
1584.4 1837396
1584.9 1837364
1585.4 1837364
1585.9 1837364
1586.4 1837364
1586.9 1837364
1587.4 1837364
1587.9 1837364
1588.4 1837364
1588.9 1837364
1589.4 1837364
1589.9 1837332
1590.4 1837396
1590.9 1837396
1591.4 1837396
1591.9 1837396
1592.4 1837396
1592.9 1837396
1593.4 1837396
1593.9 1837396
1594.4 1837396
1594.9 1837364
1595.4 1837364
1595.9 1837364
1596.4 1837364
1596.9 1837364
1597.5 1837364
1598.0 1837396
1598.5 1837396
1599.0 1837396
1599.5 1837396
1600.0 1837364
1600.5 1837364
1601.0 1837364
1601.5 1837364
1602.0 1837364
1602.5 1837364
1603.0 1837364
1603.5 1837364
1604.0 1837332
1604.5 1837332
1605.0 1843380
1605.5 1843496
1606.0 1843400
1606.5 1843068
1607.0 1843084
1607.5 1843480
1608.0 1843416
1608.5 1842848
1609.0 1843368
1609.5 1843368
1610.0 1843008
1610.5 1842912
1611.0 1843512
1611.5 1842884
1612.0 1843008
1612.5 1843072
1613.0 1842804
1613.5 1842536
1614.0 1842804
1614.5 1842692
1615.0 1843036
1615.5 1843036
1616.0 1843068
1616.5 1843540
1617.0 1843508
1617.5 1843572
1618.0 1843304
1618.5 1842596
1619.0 1842564
1619.5 1842612
1620.0 1843092
1620.5 1843456
1621.0 1843524
1621.5 1843484
1622.0 1843440
1622.5 1843156
1623.0 1842888
1623.5 1842824
1624.0 1843124
1624.5 1843092
1625.0 1843284
1625.5 1843348
1626.0 1843712
1626.5 1843380
1627.0 1837288
1627.5 1837352
1628.0 1837352
1628.6 1837352
1629.1 1837352
1629.6 1837352
1630.1 1837352
1630.6 1837348
1631.1 1837348
1631.6 1837316
1632.1 1837316
1632.6 1837316
1633.1 1837316
1633.6 1837316
1634.2 1837316
1634.7 1837316
1635.2 1837348
1635.7 1837348
1636.2 1837316
1636.7 1837316
1637.2 1837316
1637.7 1837316
1638.2 1837316
1638.7 1837316
1639.2 1837316
1639.7 1837316
1640.2 1837316
1640.7 1837316
1641.2 1837284
1641.7 1837284
1642.2 1837284
1642.7 1837348
1643.2 1837348
1643.7 1837348
1644.2 1837348
1644.7 1837348
1645.2 1837348
1645.7 1837348
1646.2 1837316
1646.7 1837316
1647.3 1837316
1647.8 1837316
1648.3 1837316
1648.8 1837316
1649.3 1837316
1649.8 1843800
1650.3 1843124
1650.8 1843292
1651.3 1843424
1651.8 1843964
1652.3 1844012
1652.8 1843496
1653.3 1843288
1653.8 1843448
1654.3 1843716
1654.8 1843596
1655.3 1843296
1655.8 1843200
1656.3 1843376
1656.8 1843344
1657.3 1843264
1657.8 1842968
1658.3 1843108
1658.8 1843344
1659.3 1843532
1659.8 1843340
1660.3 1843184
1660.8 1843880
1661.3 1843404
1661.8 1843784
1662.3 1843184
1662.8 1843308
1663.3 1843624
1663.8 1843356
1664.3 1843292
1664.8 1843148
1665.3 1843656
1665.8 1843356
1666.3 1843056
1666.8 1843136
1667.3 1843120
1667.8 1842992
1668.3 1843180
1668.8 1843372
1669.3 1843340
1669.8 1843704
1670.3 1843308
1670.8 1843592
1671.3 1843276
1671.8 1843356
1672.3 1837320
1672.9 1837320
1673.4 1837320
1673.9 1837320
1674.5 1837320
1675.0 1837288
1675.5 1837288
1676.0 1837288
1676.5 1837288
1677.0 1837288
1677.5 1837288
1678.0 1837288
1678.5 1837288
1679.0 1837288
1679.5 1837320
1680.0 1837320
1680.5 1837320
1681.0 1837320
1681.5 1837320
1682.0 1837320
1682.5 1837320
1683.0 1837320
1683.5 1837288
1684.0 1837288
1684.5 1837288
1685.0 1837288
1685.5 1837288
1686.0 1837320
1686.5 1837320
1687.0 1837320
1687.5 1837320
1688.0 1837288
1688.5 1837288
1689.0 1837288
1689.5 1837288
1690.0 1837288
1690.5 1837288
1691.0 1837288
1691.5 1837288
1692.0 1837288
1692.5 1837288
1693.0 1837320
1693.5 1837320
1694.0 1837320
1694.5 1837320
1695.0 1843268
1695.5 1843348
1696.0 1842684
1696.5 1843608
1697.0 1843696
1697.5 1842892
1698.0 1842528
1698.5 1842940
1699.0 1842624
1699.5 1842852
1700.0 1842752
1700.5 1842832
1701.0 1842896
1701.5 1842768
1702.0 1842452
1702.5 1842436
1703.0 1842436
1703.5 1842628
1704.0 1842692
1704.5 1842500
1705.0 1842800
1705.5 1842752
1706.0 1842880
1706.5 1843152
1707.0 1843652
1707.5 1843652
1708.0 1843296
1708.5 1843060
1709.0 1843044
1709.5 1843436
1710.0 1843384
1710.5 1843180
1711.0 1843324
1711.5 1843452
1712.0 1843452
1712.5 1843516
1713.0 1843484
1713.5 1842992
1714.0 1843404
1714.5 1843040
1715.0 1842752
1715.5 1842988
1716.0 1843432
1716.5 1842692
1717.0 1836844
1717.5 1836844
1718.0 1836844
1718.5 1836844
1719.0 1836876
1719.5 1836876
1720.0 1836876
1720.5 1836876
1721.0 1836876
1721.6 1836876
1722.1 1836876
1722.6 1836876
1723.1 1836844
1723.6 1836844
1724.1 1836844
1724.6 1836844
1725.1 1836844
1725.6 1836844
1726.1 1836844
1726.6 1836876
1727.1 1836876
1727.6 1836876
1728.1 1836844
1728.6 1836844
1729.1 1836844
1729.6 1836844
1730.1 1836844
1730.6 1836844
1731.1 1836844
1731.6 1836844
1732.1 1836844
1732.6 1836812
1733.1 1836812
1733.6 1836812
1734.1 1836876
1734.6 1836876
1735.1 1836876
1735.7 1836876
1736.2 1836876
1736.7 1836876
1737.2 1836844
1737.7 1836844
1738.2 1836844
1738.7 1836844
1739.2 1836844
1739.7 1843528
1740.2 1842784
1740.7 1842872
1741.2 1842492
1741.7 1842840
1742.2 1842588
1742.7 1842604
1743.2 1842764
1743.7 1842588
1744.2 1842856
1744.7 1843152
1745.2 1843292
1745.7 1843260
1746.2 1843340
1746.7 1843576
1747.2 1843420
1747.7 1843436
1748.2 1843184
1748.7 1843324
1749.2 1843292
1749.7 1843288
1750.2 1843352
1750.7 1843400
1751.2 1842912
1751.7 1842624
1752.2 1842832
1752.7 1842832
1753.2 1842768
1753.7 1843004
1754.2 1843052
1754.7 1843300
1755.2 1843016
1755.7 1842940
1756.2 1843468
1756.7 1842692
1757.2 1843104
1757.7 1843232
1758.2 1843040
1758.7 1843008
1759.2 1843164
1759.7 1843420
1760.2 1843084
1760.7 1843340
1761.2 1843452
1761.7 1840700
1762.2 1837288
1762.7 1837288
1763.4 1837288
1763.9 1837288
1764.4 1837288
1764.9 1837288
1765.4 1837316
1765.9 1837284
1766.4 1837284
1766.9 1837284
1767.5 1837284
1768.0 1837284
1768.5 1837284
1769.0 1837284
1769.5 1837284
1770.0 1837284
1770.5 1837252
1771.0 1837252
1771.5 1837252
1772.0 1837252
1772.5 1837316
1773.0 1837316
1773.5 1837316
1774.0 1837316
1774.5 1837316
1775.0 1837284
1775.5 1837284
1776.0 1837284
1776.5 1837284
1777.1 1837284
1777.6 1837284
1778.1 1837284
1778.6 1837284
1779.1 1837284
1779.6 1837348
1780.1 1837316
1780.6 1837316
1781.1 1837316
1781.6 1837316
1782.1 1837316
1782.6 1837316
1783.1 1837316
1783.6 1837316
1784.1 1837316
1784.6 1842080
1785.1 1843164
1785.6 1843320
1786.1 1843384
1786.6 1843004
1787.1 1843068
1787.6 1842532
1788.1 1842628
1788.6 1842612
1789.1 1842564
1789.6 1843796
1790.1 1844324
1790.6 1844176
1791.1 1843928
1791.6 1843660
1792.1 1843312
1792.6 1842776
1793.1 1843204
1793.6 1843580
1794.1 1843312
1794.6 1843168
1795.1 1843216
1795.6 1843520
1796.1 1843424
1796.6 1843928
1797.1 1843120
1797.6 1843708
1798.1 1843184
1798.6 1843264
1799.1 1843044
1799.6 1843176
1800.1 1843884
1800.6 1843064
1801.1 1842924
1801.6 1843064
1802.1 1842796
1802.6 1842748
1803.1 1842876
1803.6 1843332
1804.1 1843128
1804.6 1843140
1805.1 1843128
1805.6 1843552
1806.1 1843536
1806.6 1843300
1807.2 1837028
1807.7 1837028
1808.2 1837028
1808.7 1837060
1809.2 1837060
1809.7 1837060
1810.2 1837060
1810.7 1837028
1811.2 1837028
1811.7 1837028
1812.2 1837028
1812.7 1837028
1813.2 1837028
1813.7 1837028
1814.2 1837028
1814.7 1837028
1815.2 1837028
1815.7 1837060
1816.2 1837060
1816.7 1837060
1817.2 1837060
1817.8 1837060
1818.4 1837060
1819.0 1837060
1819.5 1837060
1820.2 1837060
1820.7 1837028
1821.2 1837028
1821.7 1837028
1822.2 1837028
1822.7 1837028
1823.2 1837028
1823.7 1837060
1824.2 1837060
1824.7 1837060
1825.2 1837060
1825.7 1837028
1826.2 1837028
1826.7 1837028
1827.2 1837028
1827.7 1837028
1828.2 1837028
1828.7 1837028
1829.2 1837028
1829.7 1841984
1830.2 1843216
1830.7 1843640
1831.2 1843420
1831.7 1843212
1832.2 1843356
1832.7 1843012
1833.2 1843324
1833.7 1843640
1834.2 1843340
1834.7 1843312
1835.2 1843516
1835.7 1843548
1836.2 1843500
1836.7 1843612
1837.2 1843532
1837.7 1843644
1838.2 1843580
1838.7 1843660
1839.2 1843420
1839.7 1843408
1840.2 1843288
1840.7 1843048
1841.2 1843176
1841.7 1843112
1842.2 1842828
1842.7 1842764
1843.2 1842956
1843.7 1842796
1844.2 1843112
1844.7 1843112
1845.2 1843304
1845.7 1843272
1846.2 1843304
1846.7 1843192
1847.2 1843208
1847.7 1843448
1848.2 1843320
1848.7 1843432
1849.2 1843320
1849.7 1842860
1850.2 1843880
1850.7 1843028
1851.2 1843376
1851.7 1843376
1852.2 1837252
1852.7 1837220
1853.2 1837220
1853.7 1837220
1854.2 1837220
1854.7 1837220
1855.2 1837220
1855.7 1837248
1856.2 1837248
1856.7 1837248
1857.2 1837248
1857.7 1837216
1858.2 1837216
1858.7 1837216
1859.2 1837216
1859.7 1837216
1860.3 1837216
1860.8 1837216
1861.3 1837216
1861.8 1837184
1862.3 1837184
1862.8 1837248
1863.3 1837248
1863.8 1837248
1864.3 1837248
1864.8 1837248
1865.3 1837248
1865.8 1837248
1866.3 1837248
1866.8 1837216
1867.3 1837216
1867.8 1837216
1868.3 1837216
1868.8 1837216
1869.3 1837216
1869.8 1837216
1870.3 1837216
1870.8 1837248
1871.3 1837216
1871.8 1837216
1872.3 1837216
1872.8 1837216
1873.3 1837216
1873.8 1837216
1874.3 1837216
1874.8 1843396
1875.3 1843244
1875.8 1843372
1876.3 1843420
1876.8 1843388
1877.3 1843608
1877.8 1843276
1878.3 1843020
1878.8 1843404
1879.3 1843464
1879.8 1843240
1880.3 1843792
1880.8 1843476
1881.3 1843320
1881.8 1843476
1882.3 1843556
1882.8 1843540
1883.3 1843272
1883.8 1843240
1884.3 1843320
1884.8 1843336
1885.3 1843148
1885.8 1843004
1886.3 1843352
1886.8 1843508
1887.3 1843604
1887.8 1843620
1888.3 1843256
1888.8 1843512
1889.3 1843336
1889.8 1843472
1890.3 1843928
1890.8 1843452
1891.3 1843584
1891.8 1843144
1892.3 1843300
1892.8 1843412
1893.3 1843332
1893.8 1843000
1894.3 1843300
1894.8 1843256
1895.3 1843256
1895.8 1843148
1896.3 1843684
1896.8 1837056
1897.3 1837024
1897.8 1837024
1898.3 1837024
1898.9 1837024
1899.4 1837024
1899.9 1837024
1900.4 1837024
1900.9 1837052
1901.4 1837052
1901.9 1837020
1902.4 1837020
1902.9 1837020
1903.4 1837020
1903.9 1837020
1904.4 1837020
1904.9 1837020
1905.5 1837020
1906.0 1837020
1906.5 1837020
1907.0 1836988
1907.5 1836988
1908.0 1836988
1908.5 1836988
1909.0 1837052
1909.5 1837052
1910.0 1837052
1910.5 1837052
1911.0 1837052
1911.5 1837052
1912.0 1837020
1912.5 1837020
1913.0 1837020
1913.5 1837020
1914.0 1837020
1914.5 1837020
1915.0 1837020
1915.6 1837020
1916.1 1837052
1916.6 1837052
1917.1 1837052
1917.6 1837052
1918.1 1837052
1918.6 1837052
1919.1 1837052
1919.6 1837932
1920.1 1843388
1920.6 1843128
1921.1 1843096
1921.6 1843236
1922.1 1843456
1922.6 1843584
1923.1 1843492
1923.6 1843236
1924.1 1843476
1924.6 1843456
1925.1 1843680
1925.6 1843508
1926.1 1843368
1926.6 1843288
1927.1 1843192
1927.6 1843208
1928.1 1843352
1928.6 1843464
1929.1 1843352
1929.6 1843352
1930.1 1843536
1930.6 1843424
1931.1 1843176
1931.6 1842716
1932.1 1842700
1932.6 1842860
1933.1 1842700
1933.6 1842748
1934.1 1843080
1934.6 1842936
1935.1 1843052
1935.6 1843240
1936.1 1843272
1936.6 1843180
1937.1 1843304
1937.6 1843256
1938.1 1843160
1938.6 1843400
1939.1 1843444
1939.6 1843304
1940.1 1843252
1940.6 1843476
1941.1 1843380
1941.6 1843552
1942.1 1837476
1942.6 1837508
1943.2 1837508
1943.7 1837476
1944.2 1837476
1944.7 1837476
1945.2 1837476
1945.7 1837476
1946.2 1837476
1946.7 1837476
1947.2 1837476
1947.7 1837476
1948.2 1837476
1948.7 1837476
1949.2 1837444
1949.8 1837508
1950.3 1837508
1950.8 1837508
1951.3 1837508
1951.8 1837508
1952.3 1837508
1952.8 1837476
1953.3 1837476
1953.8 1837476
1954.3 1837476
1954.9 1837476
1955.4 1837476
1955.9 1837476
1956.4 1837476
1956.9 1837476
1957.4 1837476
1957.9 1837508
1958.4 1837508
1958.9 1837508
1959.5 1837508
1960.1 1837508
1960.6 1837508
1961.1 1837508
1961.6 1837508
1962.1 1837508
1962.6 1837508
1963.2 1837476
1963.7 1837476
1964.2 1837476
1964.7 1837476
1965.2 1843252
1965.7 1843140
1966.2 1843260
1966.7 1843292
1967.2 1843480
1967.7 1843560
1968.2 1843560
1968.7 1843608
1969.2 1843432
1969.7 1843432
1970.2 1843540
1970.7 1843300
1971.2 1843476
1971.7 1843556
1972.2 1843444
1972.7 1843224
1973.2 1843272
1973.7 1843224
1974.2 1843460
1974.7 1843304
1975.2 1843272
1975.7 1843432
1976.2 1842484
1976.7 1842800
1977.2 1843116
1977.7 1842704
1978.2 1843604
1978.7 1843116
1979.2 1843160
1979.7 1843336
1980.2 1843224
1980.7 1843256
1981.2 1843224
1981.7 1843256
1982.2 1843100
1982.7 1843320
1983.2 1843004
1983.7 1843208
1984.2 1843288
1984.7 1843572
1985.2 1843684
1985.7 1843476
1986.2 1843460
1986.7 1843020
1987.2 1837288
1987.7 1836968
1988.2 1836968
1988.7 1836968
1989.2 1836968
1989.7 1836968
1990.2 1836968
1990.7 1836968
1991.2 1837000
1991.7 1837000
1992.3 1837000
1992.9 1837000
1993.4 1837000
1993.9 1837000
1994.4 1837000
1994.9 1837000
1995.4 1837000
1995.9 1836968
1996.4 1836968
1996.9 1836968
1997.4 1836968
1997.9 1836968
1998.4 1837000
1998.9 1837000
1999.4 1837000
1999.9 1837000
2000.4 1837000
2000.9 1837000
2001.4 1836968
2001.9 1836968
2002.4 1836968
2002.9 1836968
2003.4 1836968
2003.9 1836968
2004.4 1836968
2004.9 1836968
2005.4 1836936
2005.9 1837000
2006.4 1837000
2006.9 1837000
2007.4 1837000
2007.9 1837000
2008.4 1837000
2008.9 1837000
2009.4 1837000
2009.9 1843304
2010.4 1842908
2010.9 1843572
2011.4 1843700
2011.9 1843524
2012.4 1843336
2012.9 1843416
2013.4 1842988
2013.9 1843068
2014.4 1842752
2014.9 1843832
2015.4 1843088
2015.9 1843468
2016.4 1843900
2016.9 1843516
2017.4 1843276
2017.9 1843308
2018.4 1843560
2018.9 1843500
2019.4 1843420
2019.9 1843304
2020.4 1843352
2020.9 1843416
2021.4 1842988
2021.9 1843400
2022.4 1843052
2022.9 1843148
2023.4 1843068
2023.9 1843024
2024.4 1842976
2024.9 1843300
2025.4 1843364
2025.9 1843552
2026.4 1843632
2026.9 1843808
2027.4 1843584
2027.9 1842908
2028.4 1842700
2028.9 1842764
2029.4 1842892
2029.9 1842904
2030.4 1842920
2030.9 1842792
2031.4 1843092
2031.9 1841620
2032.4 1837128
2032.9 1837128
2033.4 1837128
2033.9 1837128
2034.4 1837128
2035.0 1837128
2035.5 1837128
2036.0 1837128
2036.5 1837128
2037.0 1837128
2037.5 1837096
2038.0 1837160
2038.5 1837160
2039.0 1837160
2039.5 1837160
2040.0 1837160
2040.5 1837160
2041.1 1837160
2041.6 1837160
2042.1 1837160
2042.6 1837160
2043.1 1837160
2043.6 1837128
2044.1 1837128
2044.6 1837128
2045.1 1837128
2045.6 1837128
2046.1 1837160
2046.6 1837128
2047.1 1837128
2047.6 1837128
2048.1 1837128
2048.6 1837128
2049.1 1837128
2049.6 1837128
2050.1 1837128
2050.6 1837128
2051.1 1837096
2051.6 1837096
2052.1 1837096
2052.6 1837096
2053.1 1837160
2053.6 1837160
2054.1 1837160
2054.6 1837160
2055.1 1837160
2055.6 1842760
2056.1 1842396
2056.6 1842396
2057.1 1842348
2057.6 1842616
2058.1 1842932
2058.6 1843072
2059.1 1843168
2059.6 1843232
2060.1 1842728
2060.6 1842804
2061.1 1842928
2061.6 1843432
2062.1 1843480
2062.6 1843000
2063.1 1843340
2063.6 1843496
2064.1 1843496
2064.6 1843340
2065.1 1843180
2065.6 1843228
2066.1 1843228
2066.6 1843196
2067.1 1843292
2067.6 1843148
2068.1 1843292
2068.6 1843228
2069.1 1843196
2069.6 1842944
2070.1 1843068
2070.6 1843260
2071.1 1843244
2071.6 1843244
2072.1 1843480
2072.6 1843148
2073.1 1843480
2073.6 1843196
2074.1 1843324
2074.6 1843040
2075.1 1843008
2075.6 1842880
2076.1 1842956
2076.6 1842844
2077.1 1842936
2079.1 1837340
2081.2 1837340
2083.1 1837340
2084.8 1837308
2086.6 1837308
2087.1 1837308
2089.1 1837372
2089.6 1837372
2091.1 1837372
2094.6 1837372
2095.3 1837372
2097.3 1837340
2099.5 1837340
2100.0 1843484
2100.5 1843564
2101.0 1843684
2101.5 1843492
2102.0 1843256
2102.5 1843112
2103.0 1843508
2103.5 1843224
2104.0 1843572
2104.5 1842592
2105.0 1842764
2105.5 1842732
2106.0 1842620
2106.5 1842652
2107.0 1842668
2107.5 1842812
2108.0 1842636
2108.5 1843016
2109.0 1843140
2109.5 1843284
2110.0 1843744
2110.5 1843460
2111.0 1843336
2111.5 1843476
2112.0 1843240
2112.5 1843476
2113.0 1843508
2113.5 1843208
2114.0 1843256
2114.5 1843508
2115.0 1843408
2115.5 1843408
2116.0 1843032
2116.5 1843616
2117.0 1843300
2117.5 1843268
2118.0 1843408
2118.5 1843744
2119.0 1843488
2119.5 1843284
2120.0 1843420
2120.5 1843312
2121.0 1842964
2121.5 1843484
2122.3 1837000
2122.8 1837000
2123.3 1837000
2125.2 1837060
2127.0 1837060
2130.6 1837060
2132.6 1837060
2133.3 1837060
2133.9 1837028
2134.4 1837028
2135.0 1837028
2139.4 1837028
2141.1 1837028
2141.6 1837028
2142.5 1837028
2143.0 1837028
2144.5 1837060
2145.0 1843780
2145.5 1843324
2146.0 1843196
2146.5 1843544
2147.0 1843384
2147.5 1843544
2148.0 1842676
2148.5 1842976
2149.0 1843244
2149.5 1843416
2150.0 1843364
2150.5 1843364
2151.0 1843412
2151.5 1843604
2152.0 1843380
2152.5 1843744
2153.0 1843476
2153.5 1843232
2154.0 1843360
2154.5 1843296
2155.0 1843264
2155.5 1843608
2156.0 1843200
2156.5 1843200
2157.0 1843436
2157.5 1843404
2158.0 1843216
2158.5 1843500
2159.0 1843312
2159.5 1843200
2160.0 1843024
2160.5 1842960
2161.0 1842960
2161.5 1842960
2162.0 1842912
2162.5 1842848
2163.0 1843116
2163.5 1843496
2164.0 1843084
2164.5 1843496
2165.0 1843192
2165.5 1843144
2166.0 1843144
2166.5 1841304
2167.1 1837360
2169.2 1837360
2170.2 1837360
2171.1 1837360
2172.4 1837392
2173.1 1837392
2173.7 1837392
2174.7 1837392
2176.3 1837360
2176.8 1837360
2178.6 1837360
2180.1 1837360
2181.9 1837360
2183.2 1837360
2184.2 1837360
2185.2 1837360
2187.0 1837392
2187.9 1837392
2189.6 1837964
2190.1 1843508
2190.6 1843144
2191.1 1843112
2191.6 1842704
2192.1 1842752
2192.6 1842784
2193.1 1843240
2193.6 1843064
2194.1 1843460
2194.6 1843380
2195.1 1843204
2195.6 1843028
2196.1 1844016
2196.6 1843664
2197.1 1843568
2197.6 1843600
2198.1 1843520
2198.6 1842968
2199.1 1843080
2199.6 1843032
2200.1 1843312
2200.6 1843344
2201.1 1843168
2201.6 1843104
2202.1 1843264
2202.6 1843404
2203.1 1844084
2203.6 1843468
2204.1 1843580
2204.6 1843548
2205.1 1843516
2205.6 1843184
2206.1 1843232
2206.6 1843532
2207.1 1843896
2207.6 1842948
2208.1 1842980
2208.6 1843060
2209.1 1843452
2209.6 1843280
2210.1 1843196
2210.6 1843008
2211.1 1843244
2211.6 1842148
2212.1 1837628
2212.6 1837628
2214.4 1837628
2214.9 1837628
2215.5 1837628
2219.1 1837624
2220.9 1837656
2224.3 1837656
2226.1 1837656
2229.6 1837656
2230.1 1837656
2231.6 1837656
2233.3 1837656
2234.5 1837624
2235.0 1843272
2235.5 1843412
2236.0 1843556
2236.5 1843572
2237.0 1843476
2237.5 1843508
2238.0 1843240
2238.5 1843240
2239.0 1843052
2239.5 1843224
2240.0 1843364
2240.5 1843620
2241.0 1843540
2241.5 1843508
2242.0 1843256
2242.5 1843352
2243.0 1842908
2243.5 1842988
2244.0 1843068
2244.5 1843240
2245.0 1843188
2245.5 1843220
2246.0 1843220
2246.5 1843108
2247.0 1843172
2247.5 1843488
2248.0 1843392
2248.5 1843472
2249.0 1843252
2249.5 1843472
2250.0 1843484
2250.5 1843152
2251.0 1843436
2251.5 1843420
2252.0 1843688
2252.5 1843596
2253.0 1843704
2253.5 1843800
2254.0 1843468
2254.5 1843460
2255.0 1843472
2255.5 1843616
2256.0 1843520
2256.5 1843632
2258.3 1837444
2260.3 1837412
2261.6 1837412
2262.3 1837476
2262.8 1837476
2263.3 1837476
2263.8 1837476
2265.5 1837476
2267.2 1837476
2269.2 1837444
2270.1 1837444
2274.0 1837444
2275.3 1837444
2275.9 1837444
2276.7 1837444
2279.5 1837476
2280.0 1843552
2280.5 1843140
2281.0 1843092
2281.5 1843456
2282.0 1843504
2282.5 1843408
2283.0 1843472
2283.5 1843536
2284.0 1843472
2284.5 1842984
2285.0 1843436
2285.5 1843420
2286.0 1843340
2286.5 1843612
2287.0 1842964
2287.5 1842428
2288.0 1842540
2288.5 1842948
2289.0 1843168
2289.5 1843168
2290.0 1843312
2290.5 1843468
2291.0 1843280
2291.5 1843216
2292.0 1843156
2292.5 1843076
2293.0 1843312
2293.5 1843044
2294.0 1842916
2294.5 1842916
2295.0 1842928
2295.5 1842928
2296.0 1842992
2296.5 1842864
2297.0 1843024
2297.5 1842756
2298.0 1842852
2298.5 1842784
2299.0 1843560
2299.5 1843196
2300.0 1843432
2300.5 1843592
2301.0 1843528
2301.5 1843088
2302.0 1836988
2302.7 1836988
2304.6 1837020
2305.6 1837020
2307.8 1836988
2309.9 1836988
2311.8 1836988
2313.2 1836988
2314.9 1836988
2315.4 1836988
2316.5 1836988
2317.0 1836956
2318.4 1836956
2320.2 1837020
2321.4 1837020
2323.1 1837020
2324.5 1837020
2325.0 1842588
2325.5 1842544
2326.0 1842400
2326.5 1842336
2327.0 1842432
2327.5 1842368
2328.0 1842920
2328.5 1842888
2329.0 1843376
2329.5 1843124
2330.0 1843104
2330.5 1843372
2331.0 1843512
2331.5 1843292
2332.0 1843388
2332.5 1843436
2333.0 1843356
2333.5 1843264
2334.0 1843484
2334.5 1843500
2335.0 1843716
2335.5 1843448
2336.0 1843160
2336.5 1843384
2337.0 1843588
2337.5 1843588
2338.0 1843716
2338.5 1843336
2339.0 1842708
2339.5 1842832
2340.0 1844328
2340.5 1843952
2341.0 1844060
2341.5 1843856
2342.0 1843764
2342.5 1843416
2343.0 1843684
2343.5 1843336
2344.0 1843336
2344.5 1843716
2345.0 1843476
2345.5 1843316
2346.0 1843524
2346.5 1839768
2350.1 1837200
2353.0 1837200
2354.3 1837200
2355.5 1837200
2357.7 1837168
2359.5 1837168
2360.9 1837168
2362.2 1837168
2364.0 1837168
2364.9 1837200
2366.6 1837200
2367.6 1837168
2368.8 1837168
2369.5 1837168
2370.0 1843220
2370.5 1843156
2371.0 1843440
2371.5 1844200
2372.0 1843460
2372.5 1843560
2373.0 1843528
2373.5 1843320
2374.0 1843812
2374.5 1843400
2375.0 1843524
2375.5 1843368
2376.0 1843668
2376.5 1843336
2377.0 1843292
2377.5 1843196
2378.0 1842852
2378.5 1842692
2379.0 1842740
2379.5 1842532
2380.0 1843116
2380.5 1842848
2381.0 1843384
2381.5 1843148
2382.0 1843592
2382.5 1843368
2383.0 1843132
2383.5 1843196
2384.0 1843100
2384.5 1842992
2385.0 1843272
2385.5 1843336
2386.0 1843336
2386.5 1842928
2387.0 1842896
2387.5 1842896
2388.0 1842992
2388.5 1843084
2389.0 1843416
2389.5 1843544
2390.0 1843464
2390.5 1843432
2391.0 1843416
2391.5 1843716
2392.0 1837548
2392.8 1837548
2394.5 1837548
2395.8 1837548
2396.7 1837548
2398.0 1837548
2399.0 1837548
2401.8 1837580
2404.0 1837548
2405.6 1837548
2406.6 1837548
2409.0 1837548
2412.2 1837548
2413.8 1837548
2414.5 1837548
2415.0 1843480
2415.5 1843448
2416.0 1843632
2416.5 1844048
2417.0 1843496
2417.5 1843748
2418.0 1843432
2418.5 1843528
2419.0 1843432
2419.5 1843764
2420.0 1843480
2420.5 1843700
2421.0 1843592
2421.5 1843416
2422.0 1843464
2422.5 1843528
2423.0 1843416
2423.5 1843416
2424.0 1843416
2424.5 1843400
2425.0 1843572
2425.5 1843604
2426.0 1843788
2426.5 1843568
2427.0 1843596
2427.5 1843220
2428.0 1843804
2428.5 1843376
2429.0 1843456
2429.5 1843488
2430.0 1843408
2430.5 1843552
2431.0 1843396
2431.5 1843236
2432.0 1843000
2432.5 1842920
2433.0 1843140
2433.5 1843692
2434.0 1843660
2434.5 1843488
2435.0 1844476
2435.5 1844632
2436.0 1844232
2436.5 1843708
2437.4 1837364
2439.2 1837364
2441.0 1837364
2441.7 1837332
2443.1 1837332
2444.2 1837332
2445.9 1837332
2447.0 1837332
2448.7 1837332
2449.3 1837332
2449.9 1837332
2451.7 1837300
2453.2 1837300
2455.0 1837364
2455.5 1837364
2457.3 1837364
2458.5 1837364
2459.5 1837364
2460.0 1843400
2460.5 1843304
2461.0 1843272
2461.5 1843212
2462.0 1843244
2462.5 1843384
2463.0 1843480
2463.5 1843228
2464.0 1843228
2464.5 1843212
2465.0 1842956
2465.5 1843484
2466.0 1842676
2466.5 1842532
2467.0 1842724
2467.5 1842596
2468.0 1842896
2468.5 1843364
2469.0 1843320
2469.5 1843288
2470.0 1843308
2470.5 1843040
2471.0 1842452
2471.5 1842644
2472.0 1842596
2472.5 1842612
2473.0 1842264
2473.5 1842516
2474.0 1843256
2474.5 1843440
2475.0 1843872
2475.5 1843164
2476.0 1843320
2476.5 1843244
2477.0 1843200
2477.5 1843528
2478.0 1843480
2478.5 1843116
2479.0 1843608
2479.5 1843432
2480.0 1843336
2480.5 1842880
2481.0 1842724
2481.5 1842992
2482.0 1837384
2482.8 1837384
2483.9 1837448
2485.6 1837448
2486.3 1837448
2491.1 1837448
2491.6 1837448
2493.5 1837416
2495.0 1837416
2495.9 1837416
2496.4 1837416
2497.4 1837416
2499.3 1837416
2499.8 1837416
2501.5 1837480
2503.5 1837448
2504.2 1837448
2504.7 1841600
2505.2 1843100
2505.7 1843272
2506.2 1842596
2506.7 1843088
2507.2 1843276
2507.7 1843212
2508.2 1843448
2508.7 1843400
2509.2 1843448
2509.7 1843148
2510.2 1843380
2510.7 1843400
2511.2 1843636
2511.7 1843828
2512.2 1843384
2512.7 1843480
2513.2 1843416
2513.7 1843100
2514.2 1842848
2514.7 1843040
2515.2 1843424
2515.7 1843484
2516.2 1843456
2516.7 1843772
2517.2 1843628
2517.7 1843280
2518.2 1842936
2518.7 1842588
2519.2 1843140
2519.7 1843092
2520.2 1843536
2520.7 1843472
2521.2 1843312
2521.7 1843376
2522.2 1843188
2522.7 1843344
2523.2 1843172
2523.7 1843204
2524.2 1843108
2524.7 1843124
2525.2 1842508
2525.7 1842716
2526.2 1842636
2526.7 1841064
2527.2 1836900
2528.3 1836900
2531.5 1836900
2533.3 1836900
2536.8 1836900
2538.6 1836932
2540.4 1836932
2540.9 1836900
2541.5 1836900
2543.6 1836900
2545.4 1836900
2547.4 1836900
2548.9 1836900
2549.5 1836900
2550.0 1842952
2550.5 1843028
2551.0 1843204
2551.5 1843156
2552.0 1843368
2552.5 1843336
2553.0 1843132
2553.5 1843304
2554.0 1843384
2554.5 1843400
2555.0 1843528
2555.5 1843132
2556.0 1843368
2556.5 1843560
2557.0 1843368
2557.5 1843512
2558.0 1843400
2558.5 1843384
2559.0 1844348
2559.5 1843520
2560.0 1843776
2560.5 1843812
2561.0 1843728
2561.5 1843228
2562.0 1843196
2562.5 1843276
2563.0 1843164
2563.5 1843100
2564.0 1843276
2564.5 1843148
2565.0 1843220
2565.5 1842780
2566.0 1842920
2566.5 1842748
2567.0 1842560
2567.5 1842984
2568.0 1843000
2568.5 1843376
2569.0 1843344
2569.5 1843584
2570.0 1843048
2570.5 1842968
2571.0 1842888
2571.5 1842920
2572.8 1836932
2574.8 1836932
2575.9 1836932
2577.3 1836932
2579.1 1836900
2579.7 1836900
2580.2 1836964
2581.4 1836964
2582.3 1836964
2584.9 1836964
2586.9 1836964
2588.2 1836932
2589.4 1836932
2589.9 1836932
2590.9 1836932
2591.4 1836932
2591.9 1836932
2593.3 1836932
2594.1 1836932
2594.6 1841720
2595.1 1843076
2595.6 1843236
2596.1 1843456
2596.6 1843360
2597.1 1843328
2597.6 1843456
2598.1 1843076
2598.6 1843092
2599.1 1843172
2599.6 1843204
2600.1 1843392
2600.6 1843424
2601.1 1843344
2601.6 1843408
2602.1 1843440
2602.6 1842968
2603.1 1843204
2603.6 1843060
2604.1 1843268
2604.6 1843408
2605.1 1843424
2605.6 1843628
2606.1 1842968
2606.6 1843228
2607.1 1843180
2607.6 1843164
2608.1 1843212
2608.6 1843180
2609.1 1843196
2609.6 1843028
2610.1 1843496
2610.6 1843432
2611.1 1843872
2611.6 1844104
2612.1 1843416
2612.6 1843132
2613.1 1843308
2613.6 1843308
2614.1 1843416
2614.6 1843336
2615.1 1843432
2615.6 1843432
2616.1 1843368
2616.6 1843276
2617.1 1837316
2617.8 1837316
2618.3 1837316
2619.0 1837316
2620.6 1837316
2621.7 1837316
2622.2 1837316
2624.6 1837316
2627.7 1837284
2628.2 1837284
2629.9 1837284
2630.4 1837284
2630.9 1837284
2632.9 1837316
2635.0 1837316
2636.0 1837316
2636.5 1837284
2637.0 1837284
2637.5 1837284
2639.5 1837284
2640.0 1843220
2640.5 1843296
2641.0 1843376
2641.5 1843328
2642.0 1843424
2642.5 1843440
2643.0 1843252
2643.5 1843532
2644.0 1843488
2644.5 1843520
2645.0 1843360
2645.5 1843392
2646.0 1843092
2646.5 1843344
2647.0 1843328
2647.5 1843108
2648.0 1843360
2648.5 1843424
2649.0 1843708
2649.5 1843488
2650.0 1843408
2650.5 1843456
2651.0 1843456
2651.5 1843424
2652.0 1843424
2652.5 1843360
2653.0 1843140
2653.5 1843456
2654.0 1843424
2654.5 1842984
2655.0 1843124
2655.5 1843804
2656.0 1842684
2656.5 1843300
2657.0 1843344
2657.5 1843528
2658.0 1843164
2658.5 1843100
2659.0 1843400
2659.5 1843240
2660.0 1843416
2660.5 1843368
2661.0 1843432
2661.5 1843244
2663.7 1837004
2665.9 1837004
2667.9 1837004
2670.2 1837036
2671.1 1837036
2671.7 1837036
2673.3 1837004
2677.4 1837004
2678.2 1837004
2680.3 1837004
2682.6 1837004
2683.2 1837004
2684.5 1837004
2685.0 1843448
2685.5 1843448
2686.0 1843352
2686.5 1843260
2687.0 1843716
2687.5 1843716
2688.0 1843400
2688.5 1843164
2689.0 1843532
2689.5 1843636
2690.0 1843208
2690.5 1843464
2691.0 1843244
2691.5 1843368
2692.0 1843448
2692.5 1843304
2693.0 1843620
2693.5 1843448
2694.0 1843368
2694.5 1843480
2695.0 1843700
2695.5 1843748
2696.0 1843304
2696.5 1843384
2697.0 1843320
2697.5 1843384
2698.0 1843400
2698.5 1843304
2699.0 1843304
2699.5 1843448
2700.0 1843084
2700.5 1843068
2701.0 1842424
2701.5 1842424
2702.0 1842772
2702.5 1843068
2703.0 1843196
2703.5 1843212
2704.0 1843196
2704.5 1843508
2705.0 1843564
2705.5 1844028
2706.0 1844108
2706.5 1843780
2707.0 1837380
2708.9 1837412
2709.4 1837412
2711.3 1837412
2713.2 1837412
2713.7 1837412
2715.2 1837412
2715.9 1837412
2717.8 1837412
2719.6 1837380
2720.1 1837380
2720.6 1837380
2721.1 1837380
2721.7 1837380
2722.2 1837412
2722.7 1837412
2723.2 1837412
2723.7 1837412
2725.6 1837380
2727.5 1837380
2729.0 1837380
2729.5 1837380
2730.0 1843808
2730.5 1843124
2731.0 1844072
2731.5 1843568
2732.0 1843392
2732.5 1843504
2733.0 1843360
2733.5 1843376
2734.0 1843472
2734.5 1843536
2735.0 1843392
2735.5 1843488
2736.0 1843536
2736.5 1843984
2737.0 1843504
2737.5 1843188
2738.0 1843172
2738.5 1843156
2739.0 1843360
2739.5 1842936
2740.0 1842952
2740.5 1843064
2741.0 1843032
2741.5 1843360
2742.0 1843312
2742.5 1843360
2743.0 1843504
2743.5 1843124
2744.0 1843376
2744.5 1843488
2745.0 1843188
2745.5 1844368
2746.0 1843472
2746.5 1843676
2747.0 1843268
2747.5 1843108
2748.0 1843000
2748.5 1843456
2749.0 1843408
2749.5 1843488
2750.0 1843488
2750.5 1843408
2751.0 1843328
2751.5 1843344
2752.0 1837200
2752.5 1837200
2753.0 1837200
2753.5 1837200
2755.2 1837200
2757.2 1837200
2757.7 1837200
2759.5 1837168
2760.0 1837168
2760.5 1837168
2761.0 1837168
2762.5 1837232
2763.0 1837232
2763.5 1837232
2764.0 1837232
2766.4 1837232
2768.0 1837200
2768.5 1837200
2771.1 1837200
2771.6 1837200
2773.5 1837200
2774.0 1837200
2774.5 1837200
2775.0 1843100
2775.5 1843512
2776.0 1843432
2776.5 1843528
2777.0 1843496
2777.5 1843368
2778.0 1843432
2778.5 1843304
2779.0 1843212
2779.5 1843320
2780.0 1842944
2780.5 1842912
2781.0 1843036
2781.5 1843432
2782.0 1843480
2782.5 1843400
2783.0 1843240
2783.5 1843288
2784.0 1843336
2784.5 1843700
2785.0 1843556
2785.5 1843244
2786.0 1843008
2786.5 1843008
2787.0 1843132
2787.5 1843320
2788.0 1843432
2788.5 1843256
2789.0 1843368
2789.5 1843448
2790.0 1843400
2790.5 1843528
2791.0 1843288
2791.5 1843368
2792.0 1843132
2792.5 1843164
2793.0 1843324
2793.5 1843384
2794.0 1843212
2794.5 1842628
2795.0 1843496
2795.5 1843528
2796.0 1843444
2796.5 1843336
2797.0 1837084
2797.5 1837084
2798.0 1837084
2798.6 1837084
2799.1 1837084
2799.6 1837052
2801.6 1837052
2803.4 1837052
2804.2 1837116
2804.7 1837116
2806.6 1837116
2807.1 1837116
2807.6 1837116
2809.4 1837084
2809.9 1837084
2810.4 1837084
2812.1 1837084
2814.1 1837084
2815.2 1837084
2815.7 1837084
2817.5 1837148
2818.0 1837116
2819.5 1837116
2820.0 1843244
2820.5 1843116
2821.0 1843292
2821.5 1843276
2822.0 1843456
2822.5 1843728
2823.0 1843832
2823.5 1843268
2824.0 1843220
2824.5 1843252
2825.0 1843204
2825.5 1843708
2826.0 1843360
2826.5 1843488
2827.0 1843504
2827.5 1843536
2828.0 1843616
2828.5 1843220
2829.0 1843440
2829.5 1843424
2830.0 1843488
2830.5 1842888
2831.0 1842952
2831.5 1843360
2832.0 1843504
2832.5 1842964
2833.0 1843360
2833.5 1843472
2834.0 1843000
2834.5 1842748
2835.0 1842824
2835.5 1842872
2836.0 1843048
2836.5 1842920
2837.0 1843172
2837.5 1843236
2838.0 1843108
2838.5 1843092
2839.0 1843220
2839.5 1843552
2840.0 1843552
2840.5 1842872
2841.0 1842808
2841.5 1842920
2842.0 1836908
2842.9 1836908
2843.4 1836908
2845.3 1836908
2845.8 1836908
2846.3 1836908
2846.8 1836876
2850.3 1836876
2850.8 1836876
2852.7 1836876
2854.6 1836876
2855.4 1836876
2855.9 1836876
2856.4 1836876
2856.9 1836908
2857.5 1836908
2858.0 1836908
2858.7 1836908
2859.2 1836908
2859.7 1836908
2860.2 1836908
2860.7 1836908
2861.2 1836908
2862.4 1836876
2862.9 1836876
2864.5 1836876
2865.0 1842296
2865.5 1842344
2866.0 1842456
2866.5 1842364
2867.0 1842408
2867.5 1842960
2868.0 1842772
2868.5 1842280
2869.0 1842408
2869.5 1842724
2870.0 1842692
2870.5 1842912
2871.0 1842644
2871.5 1842848
2872.0 1842784
2872.5 1842960
2873.0 1842724
2873.5 1842944
2874.0 1842876
2874.5 1843320
2875.0 1843416
2875.5 1842880
2876.0 1842660
2876.5 1842644
2877.0 1842516
2877.5 1842692
2878.0 1842756
2878.5 1842960
2879.0 1842816
2879.5 1842928
2880.0 1843360
2880.5 1843456
2881.0 1843092
2881.5 1843124
2882.0 1843788
2882.5 1843488
2883.0 1843032
2883.5 1843236
2884.0 1843316
2884.5 1842780
2885.0 1842984
2885.5 1842812
2886.0 1842288
2886.5 1842464
2887.0 1836576
2887.5 1836576
2888.0 1836576
2888.5 1836576
2889.0 1836576
2890.8 1836576
2891.3 1836576
2893.0 1836576
2893.6 1836544
2895.4 1836544
2896.5 1836608
2897.1 1836608
2897.6 1836608
2898.1 1836608
2902.0 1836608
2903.2 1836608
2903.7 1836608
2904.2 1836576
2904.7 1836576
2906.7 1836576
2907.2 1836576
2909.1 1836576
2909.6 1840348
2910.1 1842992
2910.6 1843096
2911.1 1842824
2911.6 1842920
2912.1 1842780
2912.6 1842668
2913.1 1842920
2913.6 1842888
2914.1 1843000
2914.6 1843172
2915.1 1843552
2915.6 1843692
2916.1 1843560
2916.6 1843496
2917.1 1843764
2917.6 1843512
2918.1 1843164
2918.6 1843368
2919.1 1843416
2919.6 1843292
2920.1 1842992
2920.6 1842944
2921.1 1842756
2921.6 1842788
2922.1 1842580
2922.6 1842408
2923.1 1843148
2923.6 1843212
2924.1 1842876
2924.6 1843480
2925.1 1843292
2925.6 1843608
2926.1 1843528
2926.6 1843400
2927.1 1843416
2927.6 1843260
2928.1 1843604
2928.6 1843352
2929.1 1843420
2929.6 1843196
2930.1 1843292
2930.6 1843324
2931.1 1843196
2931.6 1843416
2932.1 1837524
2932.6 1837524
2933.4 1837524
2933.9 1837524
2934.4 1837492
2934.9 1837492
2935.4 1837492
2935.9 1837492
2936.4 1837492
2936.9 1837492
2937.4 1837492
2941.1 1837492
2941.6 1837492
2942.1 1837524
2942.6 1837524
2943.4 1837524
2943.9 1837524
2945.2 1837524
2945.7 1837524
2946.2 1837524
2946.7 1837524
2947.3 1837492
2947.8 1837492
2948.3 1837492
2949.1 1837492
2949.6 1837492
2950.1 1837492
2950.6 1837492
2951.1 1837524
2951.8 1837524
2952.3 1837492
2952.8 1837492
2953.3 1837492
2953.8 1837492
2954.3 1837492
2954.8 1843864
2955.3 1843352
2955.8 1843544
2956.3 1843480
2956.8 1843068
2957.3 1843400
2957.8 1843368
2958.3 1843760
2958.8 1843384
2959.3 1843512
2959.8 1843748
2960.3 1842996
2960.8 1843376
2961.3 1843456
2961.8 1843216
2962.3 1843424
2962.8 1843456
2963.3 1843456
2963.8 1843376
2964.3 1843344
2964.8 1843724
2965.3 1843268
2965.8 1843268
2966.3 1843456
2966.8 1843092
2967.3 1843568
2967.8 1842920
2968.3 1843188
2968.8 1842952
2969.3 1842952
2969.8 1843268
2970.3 1843140
2970.8 1843424
2971.3 1843488
2971.8 1843504
2972.3 1843692
2972.8 1843416
2973.3 1843460
2973.8 1843820
2974.3 1843140
2974.8 1842728
2975.3 1843268
2975.8 1843568
2976.3 1843472
2976.8 1843200
2977.3 1837492
2978.0 1837492
2978.6 1837492
2979.1 1837492
2979.9 1837492
2980.4 1837524
2980.9 1837492
2981.4 1837492
2982.2 1837492
2983.3 1837492
2983.8 1837492
2984.3 1837492
2984.9 1837492
2985.4 1837492
2985.9 1837492
2986.4 1837460
2986.9 1837460
2987.4 1837460
2987.9 1837460
2988.4 1837524
2988.9 1837524
2989.4 1837524
2989.9 1837524
2990.4 1837524
2991.6 1837492
2992.1 1837492
2992.6 1837492
2993.1 1837492
2993.6 1837492
2994.1 1837492
2994.6 1837492
2995.1 1837492
2995.6 1837492
2996.1 1837492
2996.6 1837524
2997.6 1837524
2998.5 1837524
2999.4 1837524
2999.9 1843464
3000.4 1843808
