1.9 1824408
3.9 1824408
7.5 1824408
8.0 1824408
9.8 1824376
11.2 1824376
11.7 1824376
12.2 1824376
12.7 1824408
13.2 1824408
13.7 1824408
14.2 1824408
15.7 1824408
16.2 1824408
16.7 1824408
17.6 1824376
18.2 1824376
18.7 1824376
19.2 1824376
19.7 1824376
20.2 1824376
20.7 1824376
21.2 1824376
21.7 1824408
22.2 1824408
22.7 1824408
23.2 1824408
23.7 1824408
24.2 1824408
24.7 1824408
25.4 1824408
25.9 1824408
26.4 1824408
26.9 1824408
27.4 1824408
27.9 1824376
28.6 1824376
29.1 1824408
29.6 1824408
30.1 1826864
30.6 1829888
31.1 1831504
31.6 1831568
32.1 1832292
32.6 1831992
33.1 1832196
33.6 1832008
34.1 1831868
34.6 1831724
35.1 1831880
35.6 1832088
36.1 1832292
36.6 1831708
37.1 1831552
37.6 1831632
38.1 1832024
38.6 1832136
39.1 1831788
39.6 1831852
40.1 1831512
40.6 1831656
41.1 1832380
41.6 1831908
42.1 1831952
42.6 1831952
43.1 1832160
43.6 1831276
44.1 1831908
44.6 1832048
45.1 1831464
45.6 1831736
46.1 1831720
46.6 1831832
47.1 1831656
47.6 1831436
48.1 1831992
48.6 1831888
49.1 1832440
49.6 1832172
50.1 1832352
50.6 1832176
51.1 1832068
51.6 1831956
52.1 1831988
52.6 1831656
53.1 1831928
53.6 1829872
54.1 1826220
54.7 1826220
55.2 1826220
55.8 1826280
56.6 1826280
57.1 1826280
57.6 1826280
58.1 1826280
59.2 1826280
60.2 1826248
60.7 1826248
61.3 1826248
61.8 1826248
63.3 1826248
64.6 1826248
66.2 1826248
67.0 1826312
67.5 1826280
68.0 1826280
68.5 1826280
69.0 1826280
69.5 1826280
70.2 1826280
71.0 1826280
71.5 1826280
72.0 1826280
72.5 1826248
73.0 1826248
74.5 1826248
75.0 1832072
75.5 1832200
76.0 1832024
76.5 1831992
77.0 1831724
77.5 1832244
78.0 1832356
78.5 1832244
79.0 1832388
79.5 1832276
80.0 1832364
80.5 1832220
81.0 1831788
81.5 1831852
82.0 1832104
82.5 1831708
83.0 1831992
83.5 1831644
84.0 1831852
84.5 1831788
85.0 1831496
85.5 1831528
86.0 1831528
86.5 1831448
87.0 1831388
87.5 1831544
88.0 1831860
88.5 1831636
89.0 1831416
89.5 1831876
90.0 1832088
90.5 1831896
91.0 1832212
91.5 1832340
92.0 1831928
92.5 1832008
93.0 1831848
93.5 1832592
94.0 1831944
94.5 1831976
95.0 1831780
95.5 1831952
96.0 1832032
96.5 1832656
97.0 1832072
97.5 1832164
98.0 1831464
98.5 1826312
99.0 1826312
100.9 1826308
101.4 1826308
103.2 1826308
105.1 1826308
108.7 1826276
112.3 1826276
114.2 1826276
118.1 1826308
118.6 1826308
119.5 1826308
120.0 1832028
120.5 1832020
121.0 1832416
121.5 1832288
122.0 1832384
122.5 1832068
123.0 1832256
123.5 1832004
124.0 1832224
124.5 1832068
125.0 1832204
125.5 1832380
126.0 1832220
126.5 1831984
127.0 1831920
127.5 1831732
128.0 1831432
128.5 1831432
129.0 1831780
129.5 1831968
130.0 1831472
130.5 1832128
131.0 1831668
131.5 1831384
132.0 1832080
132.5 1832284
133.0 1832172
133.5 1832220
134.0 1832064
134.5 1832380
135.0 1832312
135.5 1831996
136.0 1832328
136.5 1832140
137.0 1832280
137.5 1831964
138.0 1832280
138.5 1832076
139.0 1831856
139.5 1831996
140.0 1832192
140.5 1831632
141.0 1831476
141.5 1831476
142.0 1831540
142.5 1831332
143.0 1831840
143.5 1825740
144.0 1825740
144.5 1825740
145.3 1825708
145.8 1825704
146.3 1825704
146.8 1825704
147.3 1825704
147.8 1825704
148.3 1825704
148.8 1825768
149.3 1825736
149.8 1825736
150.3 1825736
150.8 1825736
151.3 1825736
151.8 1825736
152.3 1825736
152.9 1825736
153.8 1825736
154.3 1825704
155.6 1825704
156.3 1825704
156.9 1825704
157.4 1825704
157.9 1825736
158.4 1825736
159.2 1825736
159.7 1825736
162.5 1825704
163.7 1825704
164.5 1825704
165.0 1831992
165.5 1832040
166.0 1832052
166.5 1831896
167.0 1832056
167.5 1831928
168.0 1832008
168.5 1832452
169.0 1832048
169.5 1831904
170.0 1832044
170.5 1832680
171.0 1832644
171.5 1832208
172.0 1832288
172.5 1831972
173.0 1832128
173.5 1831892
174.0 1832160
174.5 1832240
175.0 1831980
175.5 1832092
176.0 1831656
176.5 1831800
177.0 1832036
177.5 1832224
178.0 1831860
178.5 1831828
179.0 1831736
179.5 1831656
180.0 1831368
180.5 1831684
181.0 1832112
181.5 1832284
182.0 1832188
182.5 1832048
183.0 1832384
183.5 1832000
184.0 1832016
184.5 1832000
185.0 1831864
185.5 1831960
186.0 1832432
186.5 1832228
187.0 1832324
187.5 1832592
188.0 1832196
188.5 1825820
189.0 1825820
189.5 1825820
190.0 1825820
190.5 1825820
191.0 1825816
191.5 1825784
192.1 1825784
192.6 1825784
193.8 1825848
194.4 1825848
195.0 1825848
195.5 1825848
196.4 1825848
197.0 1825848
197.5 1825848
198.0 1825816
198.7 1825816
199.5 1825816
200.1 1825816
200.6 1825816
201.1 1825816
201.6 1825816
202.1 1825848
202.6 1825816
203.1 1825816
204.3 1825816
204.8 1825816
206.6 1825816
207.1 1825816
207.7 1825816
208.5 1825816
209.0 1825816
209.5 1825816
210.0 1831404
210.5 1831784
211.0 1831940
211.5 1831828
212.0 1831908
212.5 1832792
213.0 1831900
213.5 1831900
214.0 1831996
214.5 1832248
215.0 1831972
215.5 1831864
216.0 1832160
216.5 1832364
217.0 1832256
217.5 1832384
218.0 1832240
218.5 1832208
219.0 1832208
219.5 1832144
220.0 1831772
220.5 1832280
221.0 1832152
221.5 1832232
222.0 1832184
222.5 1831980
223.0 1831888
223.5 1832060
224.0 1832404
224.5 1832280
225.0 1832524
225.5 1832240
226.0 1832572
226.5 1832144
227.0 1832112
227.5 1832080
228.0 1832320
228.5 1831876
229.0 1831972
229.5 1831956
230.0 1832200
230.5 1832516
231.0 1831824
231.5 1831584
232.0 1831632
232.5 1832248
233.0 1832280
233.5 1826164
234.0 1826164
234.5 1826164
235.0 1826160
235.8 1826160
236.3 1826160
236.9 1826160
237.4 1826160
238.4 1826128
238.9 1826128
239.4 1826128
240.5 1826192
241.0 1826192
243.0 1826192
244.8 1826192
248.3 1826160
250.1 1826160
250.6 1826160
252.4 1826160
254.3 1826160
254.8 1833076
255.3 1832244
255.8 1831912
256.3 1831832
256.8 1831864
257.3 1831960
257.8 1831912
258.3 1832260
258.8 1832684
259.3 1832148
259.8 1831888
260.3 1831728
260.8 1831728
261.3 1831648
261.8 1832120
262.3 1831460
262.8 1831680
263.3 1831964
263.8 1832056
264.3 1832120
264.8 1831892
265.3 1832208
265.8 1831792
266.3 1832128
266.8 1832192
267.3 1832224
267.8 1831732
268.3 1832208
268.8 1831988
269.3 1832160
269.8 1832156
270.3 1832300
270.8 1832300
271.3 1832252
271.8 1832456
272.3 1832092
272.8 1832424
273.3 1832584
273.8 1832360
274.3 1832360
274.8 1832180
275.3 1832132
275.8 1832116
276.3 1832352
276.8 1832132
277.3 1826160
277.8 1826160
279.8 1826160
280.3 1826184
282.1 1826184
283.9 1826152
289.3 1826152
289.8 1826152
290.3 1826152
293.9 1826152
294.4 1826152
296.1 1826152
296.6 1826152
298.5 1826120
299.0 1826120
299.5 1826184
300.0 1832020
300.5 1832260
301.0 1832276
301.5 1832084
302.0 1832132
302.5 1832212
303.0 1832412
303.5 1831912
304.0 1832228
304.5 1832180
305.0 1832256
305.5 1832240
306.0 1831844
306.5 1831796
307.0 1831968
307.5 1831872
308.0 1831964
308.5 1832428
309.0 1832008
309.5 1832476
310.0 1832060
310.5 1831904
311.0 1831556
311.5 1831540
312.0 1831808
312.5 1831996
313.0 1832028
313.5 1831932
314.0 1831336
314.5 1831208
315.0 1831512
315.5 1831920
316.0 1832176
316.5 1832048
317.0 1832316
317.5 1832192
318.0 1832096
318.5 1832176
319.0 1832240
319.5 1832428
320.0 1832132
320.5 1832084
321.0 1832460
321.5 1831768
322.0 1826404
322.9 1826404
323.4 1826404
323.9 1826404
324.4 1826404
325.5 1826400
326.0 1826400
326.5 1826400
327.0 1826368
327.5 1826368
328.0 1826368
328.5 1826432
330.0 1826432
330.5 1826432
331.0 1826432
332.1 1826432
332.6 1826432
333.1 1826432
334.9 1826400
335.6 1826400
337.4 1826400
339.3 1826400
341.4 1826400
343.2 1826464
343.7 1826432
344.5 1826432
345.0 1832072
345.5 1832056
346.0 1832184
346.5 1832008
347.0 1832136
347.5 1832216
348.0 1832200
348.5 1832560
349.0 1832088
349.5 1832420
350.0 1832352
350.5 1832696
351.0 1832176
351.5 1832192
352.0 1832364
352.5 1832492
353.0 1831824
353.5 1831984
354.0 1831988
354.5 1831968
355.0 1832120
355.5 1832356
356.0 1832072
356.5 1832056
357.0 1832276
357.5 1832388
358.0 1832340
358.5 1832248
359.0 1832168
359.5 1832860
360.0 1832196
360.5 1832320
361.0 1832276
361.5 1832336
362.0 1832068
362.5 1832116
363.0 1832196
363.5 1832368
364.0 1832416
364.5 1832036
365.0 1832008
365.5 1832244
366.0 1832184
366.5 1831944
367.0 1829256
367.5 1826456
368.0 1826456
369.9 1826520
370.4 1826520
373.9 1826520
374.4 1826520
374.9 1826520
375.4 1826520
375.9 1826520
376.4 1826488
376.9 1826488
377.8 1826488
378.3 1826488
379.1 1826488
379.6 1826488
380.1 1826488
382.0 1826520
382.5 1826520
383.0 1826520
383.5 1826488
384.0 1826488
386.1 1826488
388.1 1826488
388.6 1826488
389.1 1826488
389.6 1829248
390.1 1831616
390.6 1831912
391.1 1831868
391.6 1831868
392.1 1831948
392.6 1832436
393.1 1832436
393.6 1832232
394.1 1832104
394.6 1832008
395.1 1831932
395.6 1831804
396.1 1831868
396.6 1832092
397.1 1831820
397.6 1831820
398.1 1831900
398.6 1832280
399.1 1832040
399.6 1832144
400.1 1832364
400.6 1832348
401.1 1832120
401.6 1832560
402.1 1832144
402.6 1831936
403.1 1831956
403.6 1832032
404.1 1831844
404.6 1831704
405.1 1832036
405.6 1832400
406.1 1832528
406.6 1832100
407.1 1831848
407.6 1831752
408.1 1831416
408.6 1831892
409.1 1832352
409.6 1832000
410.1 1832336
410.6 1832336
411.1 1832336
411.6 1832448
412.1 1830432
412.6 1826080
413.1 1826080
413.6 1826080
414.1 1826080
414.6 1826080
415.1 1826080
415.6 1826076
416.1 1826076
416.6 1826076
417.1 1826076
417.6 1826076
418.1 1826076
418.6 1826076
419.1 1826044
419.6 1826044
420.1 1826108
420.6 1826108
421.2 1826108
421.7 1826108
422.2 1826108
422.7 1826108
423.2 1826108
423.7 1826076
424.2 1826076
424.8 1826076
425.3 1826076
425.8 1826076
426.3 1826076
426.8 1826076
427.3 1826076
427.8 1826108
428.3 1826108
428.8 1826108
429.4 1826108
429.9 1826108
430.4 1826108
430.9 1826108
431.4 1826108
431.9 1826108
432.4 1826108
432.9 1826076
433.5 1826076
434.0 1826076
434.5 1826076
435.0 1832452
435.5 1832452
436.0 1832796
436.5 1832688
437.0 1832308
437.5 1831916
438.0 1831728
438.5 1831412
439.0 1832212
439.5 1832244
440.0 1831912
440.5 1831988
441.0 1832176
441.5 1832212
442.0 1832416
442.5 1832408
443.0 1831368
443.5 1831652
444.0 1831572
444.5 1830988
445.0 1831616
445.5 1831364
446.0 1831364
446.5 1831348
447.0 1831316
447.5 1831204
448.0 1831664
448.5 1831476
449.0 1831676
449.5 1831932
450.0 1831800
450.5 1832780
451.0 1832084
451.5 1832116
452.0 1832176
452.5 1832416
453.0 1832020
453.5 1832020
454.0 1832572
454.5 1832336
455.0 1831604
455.5 1831508
456.0 1831760
456.5 1831760
457.0 1826124
457.5 1825948
458.0 1825948
458.5 1825948
459.1 1825948
459.6 1825948
460.1 1825948
460.6 1826192
461.1 1826160
461.6 1826160
462.1 1825908
462.6 1825908
463.1 1825908
463.6 1825908
464.1 1825940
464.6 1825940
465.1 1825940
465.6 1825940
466.1 1825908
466.6 1825908
467.1 1825908
467.7 1825908
468.2 1825908
468.7 1825908
469.2 1825908
469.7 1825908
470.2 1825908
470.7 1825908
471.2 1825940
471.7 1825940
472.2 1825940
472.7 1825940
473.2 1825940
473.7 1825940
474.2 1825940
474.8 1825940
475.3 1825908
475.8 1825908
476.3 1825908
476.8 1825908
477.3 1825908
477.8 1825908
478.3 1825908
478.8 1825908
479.3 1825940
479.8 1825908
480.3 1831832
480.8 1832040
481.3 1832232
481.8 1832440
482.3 1832296
482.8 1832392
483.3 1832376
483.8 1832012
484.3 1831916
484.8 1832220
485.3 1832020
485.8 1832052
486.3 1831608
486.8 1832100
487.3 1832132
487.8 1832068
488.3 1831956
488.8 1832336
489.3 1832636
489.8 1832224
490.3 1832332
490.8 1831984
491.3 1832220
491.8 1832536
492.3 1832348
492.8 1831844
493.3 1831812
493.8 1831812
494.3 1832048
494.8 1831876
495.3 1831680
495.8 1831968
496.3 1832044
496.8 1831760
497.3 1832548
497.8 1831984
498.3 1831856
498.8 1832108
499.3 1832280
499.8 1832468
500.3 1832092
500.8 1832440
501.3 1832216
501.8 1832076
502.3 1825868
502.9 1825868
503.4 1825868
503.9 1825868
504.4 1825836
504.9 1825836
505.4 1825836
505.9 1825828
506.4 1825828
506.9 1825828
507.4 1825828
507.9 1825892
508.4 1825860
508.9 1825860
509.4 1825860
509.9 1825860
510.4 1825860
510.9 1825860
511.5 1825860
512.0 1825860
512.5 1825860
513.0 1825828
513.5 1825828
514.0 1825828
514.5 1825828
515.0 1825860
515.5 1825860
516.0 1825860
516.5 1825860
517.2 1825860
517.7 1825860
518.3 1825828
518.8 1825828
519.3 1825828
519.8 1825828
520.3 1825828
520.8 1825828
521.3 1825828
521.8 1825828
522.3 1825828
522.8 1825860
523.3 1825860
523.8 1825860
524.3 1825860
524.8 1825860
525.3 1832240
525.8 1832144
526.3 1832100
526.8 1831860
527.3 1832036
527.8 1832320
528.3 1831860
528.8 1831940
529.3 1831988
529.8 1833072
530.3 1832536
530.8 1832144
531.3 1832140
531.8 1832236
532.3 1832000
532.8 1832204
533.3 1832048
533.8 1832504
534.3 1832696
534.8 1832048
535.3 1832024
535.8 1831928
536.3 1832008
536.8 1832212
537.3 1831912
537.8 1832196
538.3 1832256
538.8 1832196
539.3 1831472
539.8 1831380
540.3 1831100
540.8 1831496
541.3 1831528
541.8 1831416
542.3 1831400
542.8 1831400
543.3 1831368
543.8 1831544
544.3 1832136
544.8 1832584
545.3 1832676
545.8 1832264
546.3 1832612
546.8 1832048
547.3 1826180
547.8 1826180
548.3 1826180
548.8 1826180
549.3 1826180
549.8 1826180
550.3 1826180
550.8 1826148
551.3 1826140
551.8 1826140
552.3 1826140
552.8 1826140
553.3 1826140
553.8 1826172
554.3 1826172
554.8 1826172
555.3 1826172
555.8 1826172
556.3 1826140
556.8 1826140
557.3 1826140
557.8 1826140
558.3 1826140
558.8 1826140
559.3 1826140
559.8 1826140
560.3 1826108
560.8 1826108
561.3 1826108
561.9 1826172
562.4 1826172
562.9 1826172
563.4 1826172
563.9 1826172
564.4 1826172
564.9 1826172
565.4 1826140
565.9 1826140
566.4 1826140
566.9 1826140
567.5 1826140
568.0 1826140
568.5 1826140
569.0 1826140
569.5 1826140
570.0 1832792
570.5 1832344
571.0 1831964
571.5 1831504
572.0 1832056
572.5 1832056
573.0 1832472
573.5 1832200
574.0 1832232
574.5 1832060
575.0 1831908
575.5 1831892
576.0 1832288
576.5 1832176
577.0 1831748
577.5 1832176
578.0 1831736
578.5 1832004
579.0 1832096
579.5 1831940
580.0 1832160
580.5 1831752
581.0 1832096
581.5 1832192
582.0 1831796
582.5 1831908
583.0 1832176
583.5 1832648
584.0 1831796
584.5 1832208
585.0 1832156
585.5 1832308
586.0 1832716
586.5 1832108
587.0 1832584
587.5 1832300
588.0 1831968
588.5 1831732
589.0 1831244
589.5 1831272
590.0 1831760
590.5 1831772
591.0 1831728
591.5 1831096
592.0 1825948
592.6 1825916
593.1 1825980
593.6 1825980
594.1 1825980
594.6 1825980
595.1 1825980
595.6 1825980
596.1 1825980
596.6 1825980
597.1 1825980
597.7 1825980
598.2 1825948
598.7 1825948
599.2 1825948
599.7 1825948
600.2 1825980
600.7 1825980
601.2 1825980
601.7 1825980
602.2 1825980
602.7 1825948
603.3 1825948
603.8 1825948
604.3 1825948
604.8 1825948
605.3 1825948
605.8 1825948
606.3 1825948
606.8 1825948
607.3 1825916
607.8 1825980
608.3 1825980
608.8 1825980
609.3 1825980
609.8 1825980
610.3 1825980
610.8 1825980
611.3 1825948
611.8 1825948
612.3 1825948
612.8 1825948
613.3 1825948
613.8 1825948
614.3 1825948
614.8 1825948
615.3 1831916
615.8 1831756
616.3 1831836
616.8 1831900
617.3 1831884
617.8 1831740
618.3 1831836
618.8 1831812
619.3 1831876
619.8 1831860
620.3 1831892
620.8 1831656
621.3 1832000
621.8 1832128
622.3 1832364
622.8 1831700
623.3 1831768
623.8 1831404
624.3 1831356
624.8 1831480
625.3 1831748
625.8 1831952
626.3 1831904
626.8 1831872
627.3 1831904
627.8 1832140
628.3 1831840
628.8 1831556
629.3 1831968
629.8 1831952
630.3 1832152
630.8 1832072
631.3 1832436
631.8 1831804
632.3 1831616
632.8 1831632
633.3 1831536
633.8 1831664
634.3 1831852
634.8 1831804
635.3 1831828
635.8 1831656
636.3 1831740
636.8 1831684
637.3 1826228
637.8 1826228
638.3 1826228
638.8 1826228
639.3 1826228
639.8 1826228
640.3 1826196
640.8 1826196
641.3 1826196
641.8 1826196
642.3 1826196
642.8 1826228
643.3 1826228
643.8 1826228
644.3 1826196
644.8 1826196
645.3 1826196
645.8 1826196
646.3 1826196
646.8 1826196
647.3 1826196
647.8 1826196
648.3 1826196
648.9 1826196
649.4 1826164
649.9 1826164
650.4 1826228
650.9 1826228
651.4 1826228
651.9 1826228
652.4 1826228
652.9 1826228
653.4 1826228
653.9 1826228
654.4 1826196
654.9 1826196
655.4 1826196
655.9 1826196
656.4 1826196
656.9 1826196
657.4 1826196
657.9 1826196
658.4 1826228
658.9 1826228
659.4 1826228
659.9 1832264
660.4 1831868
660.9 1831960
661.4 1832072
661.9 1831992
662.4 1832152
662.9 1832228
663.4 1832056
663.9 1831904
664.4 1831892
664.9 1831872
665.4 1832296
665.9 1832408
666.4 1831840
666.9 1832092
667.4 1832268
667.9 1832124
668.4 1832124
668.9 1832520
669.4 1832124
669.9 1832060
670.4 1832076
670.9 1832312
671.4 1832204
671.9 1832328
672.4 1832012
672.9 1831904
673.4 1832172
673.9 1831904
674.4 1832060
674.9 1832248
675.4 1832580
675.9 1832376
676.4 1832252
676.9 1831888
677.4 1831700
677.9 1831524
678.4 1831652
678.9 1831668
679.4 1831996
679.9 1831920
680.4 1832044
680.9 1832140
681.4 1832232
681.9 1826144
682.4 1826144
682.9 1826144
683.4 1826144
683.9 1826144
684.4 1826144
684.9 1826144
685.4 1826140
685.9 1826140
686.4 1826140
686.9 1826108
687.4 1826108
687.9 1826108
688.4 1826172
688.9 1826172
689.4 1826172
689.9 1826172
690.4 1826172
690.9 1826172
691.4 1826140
691.9 1826140
692.4 1826140
692.9 1826140
693.4 1826140
693.9 1826140
694.5 1826140
695.0 1826140
695.5 1826140
696.0 1826140
696.5 1826140
697.0 1826172
697.5 1826172
698.0 1826172
698.5 1826172
699.0 1826172
699.5 1826172
700.0 1826172
700.5 1826172
701.0 1826172
701.5 1826140
702.0 1826140
702.5 1826140
703.0 1826140
703.5 1826172
704.0 1826172
704.5 1826172
705.0 1831744
705.5 1831616
706.0 1831696
706.5 1831648
707.0 1831616
707.5 1831760
708.0 1831632
708.5 1831932
709.0 1831428
709.5 1831012
710.0 1831804
710.5 1831520
711.0 1831232
711.5 1831344
712.0 1831156
712.5 1831960
713.0 1832480
713.5 1832340
714.0 1832164
714.5 1832112
715.0 1832064
715.5 1832556
716.0 1832160
716.5 1832192
717.0 1832176
717.5 1832032
718.0 1831892
718.5 1831608
719.0 1831924
719.5 1831908
720.0 1831844
720.5 1832176
721.0 1832240
721.5 1832156
722.0 1831732
722.5 1832336
723.0 1831780
723.5 1831876
724.0 1831812
724.5 1831876
725.0 1832724
725.5 1832328
726.0 1832124
726.5 1832060
727.0 1825956
727.5 1825956
728.0 1825956
728.5 1825956
729.0 1825956
729.5 1825956
730.0 1825924
730.5 1825920
731.0 1825920
731.5 1825920
732.0 1825920
732.6 1825920
733.1 1825920
733.6 1825984
734.1 1825952
734.6 1825952
735.1 1825952
735.6 1825952
736.1 1825952
736.6 1825952
737.1 1825952
737.6 1825952
738.1 1825952
738.6 1825920
739.1 1825920
739.6 1825920
740.1 1825920
740.6 1825920
741.1 1825920
741.6 1825952
742.1 1825952
742.6 1825952
743.2 1825952
743.7 1825920
744.2 1825920
744.7 1825920
745.2 1825920
745.7 1825920
746.2 1825920
746.7 1825920
747.2 1825920
747.7 1825920
748.2 1825920
748.7 1825952
749.2 1825952
749.7 1825952
750.2 1832120
750.7 1832216
751.2 1832452
751.7 1831836
752.2 1832216
752.7 1832264
753.2 1832008
753.7 1832232
754.2 1831948
754.7 1831876
755.2 1831788
755.7 1832292
756.2 1832184
756.7 1832184
757.2 1832152
757.7 1832152
758.2 1832008
758.7 1832040
759.2 1832088
759.7 1832024
760.2 1832104
760.7 1831932
761.2 1832184
761.7 1831804
762.2 1832072
762.7 1831804
763.2 1832056
763.7 1832008
764.2 1831932
764.7 1831868
765.2 1832132
765.7 1832020
766.2 1831896
766.7 1832116
767.2 1831988
767.7 1832148
768.2 1831832
768.7 1832164
769.2 1831484
769.7 1831140
770.2 1831012
770.7 1830888
771.2 1830744
771.7 1831264
772.2 1825300
772.7 1825300
773.2 1825300
773.7 1825300
774.2 1825300
774.7 1825300
775.2 1825300
775.7 1825296
776.2 1825296
776.7 1825264
777.2 1825264
777.7 1825264
778.2 1825264
778.7 1825328
779.2 1825328
779.7 1825328
780.2 1825328
780.7 1825328
781.2 1825328
781.7 1825296
782.2 1825296
782.7 1825296
783.2 1825296
783.8 1825296
784.3 1825296
784.8 1825296
785.3 1825296
785.8 1825328
786.3 1825328
786.8 1825328
787.3 1825328
787.8 1825328
788.3 1825328
788.8 1825328
789.3 1825328
789.8 1825328
790.3 1825328
790.8 1825296
791.3 1825296
791.8 1825296
792.3 1825296
792.8 1825328
793.3 1825328
793.8 1825328
794.3 1825328
794.8 1829540
795.3 1831696
795.8 1831916
796.3 1831884
796.8 1832216
797.3 1832136
797.8 1832152
798.3 1831976
798.8 1832040
799.3 1832064
799.8 1832140
800.3 1831824
800.8 1832204
801.3 1832328
801.8 1831840
802.3 1831980
802.8 1832204
803.3 1831996
803.8 1832076
804.3 1832060
804.8 1832036
805.3 1832184
805.8 1832524
806.3 1831940
806.8 1831988
807.3 1832004
807.8 1831800
808.3 1831720
808.8 1831988
809.3 1831924
809.8 1832048
810.3 1832316
810.8 1831796
811.3 1832016
811.8 1832144
812.3 1832128
812.8 1832492
813.3 1832208
813.8 1832284
814.3 1832396
814.8 1832248
815.3 1832092
815.8 1832140
816.3 1832060
816.8 1832076
817.3 1825764
817.8 1825732
819.6 1825732
821.4 1825724
823.3 1825724
825.1 1825724
827.0 1825724
827.5 1825724
829.3 1825692
831.5 1825692
833.3 1825756
833.8 1825756
834.3 1825756
834.8 1825756
836.6 1825756
839.5 1825756
840.0 1832408
840.5 1832108
841.0 1831748
841.5 1831508
842.0 1831716
842.5 1831492
843.0 1831980
843.5 1831572
844.0 1831384
844.5 1831448
845.0 1831396
845.5 1831552
846.0 1831948
846.5 1831424
847.0 1832276
847.5 1832056
848.0 1831884
848.5 1832072
849.0 1832104
849.5 1832040
850.0 1832116
850.5 1832148
851.0 1832084
851.5 1832084
852.0 1832020
852.5 1832148
853.0 1832368
853.5 1832220
854.0 1832140
854.5 1832012
855.0 1832404
855.5 1832436
856.0 1832216
856.5 1832152
857.0 1832228
857.5 1832372
858.0 1832180
858.5 1832136
859.0 1833216
859.5 1832104
860.0 1832128
860.5 1832144
861.0 1832096
861.5 1832112
862.0 1826356
862.5 1826044
864.4 1826044
864.9 1826044
865.6 1826044
866.1 1826012
867.2 1826012
869.2 1826012
872.8 1826012
873.3 1826012
875.1 1826012
875.6 1826012
876.1 1826044
877.9 1826044
879.9 1826044
880.4 1826044
882.1 1826044
883.9 1826044
884.4 1826044
884.9 1826012
885.4 1832412
885.9 1832080
886.4 1832220
886.9 1832648
887.4 1832032
887.9 1832048
888.4 1832300
888.9 1832544
889.4 1832892
889.9 1832032
890.4 1831980
890.9 1832264
891.4 1832092
891.9 1832140
892.4 1832044
892.9 1831964
893.4 1831996
893.9 1831808
894.4 1832060
894.9 1832216
895.4 1832120
895.9 1832436
896.4 1832388
896.9 1832884
897.4 1831968
897.9 1832316
898.4 1832176
898.9 1832236
899.4 1832048
899.9 1832268
900.4 1832060
900.9 1832296
901.4 1831744
901.9 1832092
902.4 1831776
902.9 1831856
903.4 1832028
903.9 1831932
904.4 1832012
904.9 1831792
905.4 1832136
905.9 1832028
906.4 1832292
906.9 1832340
907.4 1826108
907.9 1826108
911.5 1826072
916.7 1826072
917.2 1826072
917.7 1826072
921.2 1826104
921.7 1826104
922.2 1826104
922.7 1826104
924.6 1826072
926.4 1826072
928.2 1826072
929.5 1826072
930.0 1831824
930.5 1831744
931.0 1832060
931.5 1832012
932.0 1832140
932.5 1832124
933.0 1832012
933.5 1832028
934.0 1832044
934.5 1832028
935.0 1832260
935.5 1831992
936.0 1832152
936.5 1832056
937.0 1832024
937.5 1832104
938.0 1832152
938.5 1832260
939.0 1832420
939.5 1832008
940.0 1831720
940.5 1831596
941.0 1831752
941.5 1831752
942.0 1831736
942.5 1832132
943.0 1832100
943.5 1832100
944.0 1832084
944.5 1831752
945.0 1831844
945.5 1831780
946.0 1831828
946.5 1831860
947.0 1831512
947.5 1831544
948.0 1831716
948.5 1831496
949.0 1831340
949.5 1831688
950.0 1831752
950.5 1831704
951.0 1831564
951.5 1831452
952.0 1825432
952.5 1825432
954.3 1825432
954.8 1825432
958.4 1825460
960.2 1825460
961.0 1825460
962.8 1825460
966.6 1825460
967.1 1825460
967.6 1825460
968.1 1825460
971.7 1825428
974.5 1825428
975.0 1832176
975.5 1832348
976.0 1832204
976.5 1832284
977.0 1831892
977.5 1831940
978.0 1831764
978.5 1832044
979.0 1831748
979.5 1831956
980.0 1832060
980.5 1831604
981.0 1831712
981.5 1831636
982.0 1831984
982.5 1831716
983.0 1831840
983.5 1832204
984.0 1832360
984.5 1832312
985.0 1832588
985.5 1831956
986.0 1832544
986.5 1832320
987.0 1832572
987.5 1832320
988.0 1832256
988.5 1832224
989.0 1831956
989.5 1831956
990.0 1831720
990.5 1831692
991.0 1831312
991.5 1831628
992.0 1831488
992.5 1832948
993.0 1832020
993.5 1831940
994.0 1832072
994.5 1832440
995.0 1832544
995.5 1832088
996.0 1831788
996.5 1831836
997.0 1825964
997.5 1825964
1000.0 1825964
1000.5 1825960
1001.9 1826024
1002.4 1826024
1002.9 1826024
1003.4 1826024
1005.2 1826024
1005.7 1826024
1007.1 1825992
1008.7 1825992
1009.2 1825992
1009.7 1825992
1010.3 1825992
1011.7 1825992
1013.3 1825992
1017.1 1826024
1018.9 1826024
1019.5 1826024
1020.0 1831508
1020.5 1831652
1021.0 1831792
1021.5 1832092
1022.0 1831776
1022.5 1832296
1023.0 1832384
1023.5 1832068
1024.0 1832212
1024.5 1832020
1025.0 1832028
1025.5 1831964
1026.0 1831680
1026.5 1831760
1027.0 1832076
1027.5 1831824
1028.0 1831872
1028.5 1831460
1029.0 1831384
1029.5 1831824
1030.0 1831676
1030.5 1831504
1031.0 1831252
1031.5 1831932
1032.0 1832184
1032.5 1832324
1033.0 1832228
1033.5 1831992
1034.0 1832024
1034.5 1832040
1035.0 1831896
1035.5 1831536
1036.0 1831868
1036.5 1832024
1037.0 1832276
1037.5 1831724
1038.0 1831944
1038.5 1832292
1039.0 1832432
1039.5 1832308
1040.0 1832128
1040.5 1832304
1041.0 1831924
1041.5 1832192
1042.0 1826348
1043.8 1826348
1045.9 1826344
1046.8 1826344
1047.3 1826344
1047.8 1826376
1048.3 1826376
1048.8 1826376
1049.3 1826376
1049.8 1826344
1050.5 1826344
1051.0 1826344
1051.5 1826344
1052.0 1826344
1052.5 1826344
1053.0 1826344
1053.5 1826344
1055.4 1826312
1056.0 1826312
1056.5 1826312
1058.3 1826376
1060.1 1826376
1063.7 1826376
1064.2 1826376
1064.7 1833316
1065.2 1832180
1065.7 1832340
1066.2 1832120
1066.7 1831880
1067.2 1831708
1067.7 1832132
1068.2 1832008
1068.7 1831692
1069.2 1831928
1069.7 1831992
1070.2 1832076
1070.7 1831976
1071.2 1832824
1071.7 1832180
1072.2 1832148
1072.7 1832024
1073.2 1831960
1073.7 1831960
1074.2 1832196
1074.7 1832336
1075.2 1831892
1075.7 1831848
1076.2 1831800
1076.7 1832004
1077.2 1831892
1077.7 1831876
1078.2 1832288
1078.7 1832240
1079.2 1832320
1079.7 1832220
1080.2 1831720
1080.7 1831164
1081.2 1832052
1081.7 1832112
1082.2 1831988
1082.7 1832036
1083.2 1831956
1083.7 1832036
1084.2 1831704
1084.7 1831700
1085.2 1832048
1085.7 1831792
1086.2 1832112
1086.7 1832016
1088.9 1826280
1089.4 1826280
1091.2 1826272
1091.7 1826240
1095.3 1826240
1095.8 1826240
1096.3 1826240
1098.2 1826240
1100.6 1826240
1101.1 1826240
1104.7 1826272
1105.2 1826272
1108.7 1826272
1109.5 1826272
1110.0 1831928
1110.5 1832088
1111.0 1831944
1111.5 1832132
1112.0 1831724
1112.5 1831944
1113.0 1832196
1113.5 1832136
1114.0 1831788
1114.5 1832072
1115.0 1832020
1115.5 1832004
1116.0 1831972
1116.5 1832160
1117.0 1831844
1117.5 1831608
1118.0 1831880
1118.5 1832092
1119.0 1831980
1119.5 1832436
1120.0 1832212
1120.5 1832212
1121.0 1832244
1121.5 1832228
1122.0 1831912
1122.5 1831960
1123.0 1831832
1123.5 1832008
1124.0 1832084
1124.5 1831976
1125.0 1832156
1125.5 1832328
1126.0 1832332
1126.5 1832124
1127.0 1832188
1127.5 1832140
1128.0 1832156
1128.5 1832092
1129.0 1832300
1129.5 1832176
1130.0 1831932
1130.5 1832404
1131.0 1831900
1131.5 1832008
1132.0 1832168
1132.5 1832120
1133.0 1825840
1133.5 1825840
1136.2 1825836
1136.7 1825836
1137.6 1825836
1138.1 1825836
1138.6 1825836
1139.1 1825868
1140.5 1825868
1141.0 1825868
1142.6 1825868
1144.4 1825868
1149.9 1825868
1153.6 1825868
1154.1 1825868
1154.6 1825868
1155.1 1831724
1155.6 1831896
1156.1 1831784
1156.6 1832260
1157.1 1832024
1157.6 1832300
1158.1 1832236
1158.6 1832092
1159.1 1832220
1159.6 1832108
1160.1 1832088
1160.6 1832312
1161.1 1832152
1161.6 1832088
1162.1 1832216
1162.6 1832200
1163.1 1831916
1163.6 1832136
1164.1 1832248
1164.6 1831932
1165.1 1832656
1165.6 1832196
1166.1 1832228
1166.6 1832164
1167.1 1832244
1167.6 1831880
1168.1 1831928
1168.6 1832308
1169.1 1831768
1169.6 1832196
1170.1 1831924
1170.6 1832052
1171.1 1832672
1171.6 1831600
1172.1 1831492
1172.6 1831460
1173.1 1831412
1173.6 1831348
1174.1 1832060
1174.6 1831616
1175.1 1831488
1175.6 1831996
1176.1 1832372
1176.6 1832072
1177.1 1832104
1177.6 1832168
1178.1 1832216
1178.6 1826268
1179.1 1826268
1179.8 1826264
1181.7 1826264
1183.6 1826264
1186.5 1826264
1187.0 1826264
1188.9 1826232
1190.7 1826232
1191.2 1826232
1193.0 1826264
1194.8 1826264
1196.7 1826264
1198.5 1826264
1199.5 1826232
1200.0 1832024
1200.5 1832212
1201.0 1832132
1201.5 1832324
1202.0 1831424
1202.5 1831328
1203.0 1831408
1203.5 1831440
1204.0 1831376
1204.5 1831408
1205.0 1831788
1205.5 1831848
1206.0 1831868
1206.5 1831904
1207.0 1832180
1207.5 1832212
1208.0 1832056
1208.5 1832544
1209.0 1831592
1209.5 1832164
1210.0 1832020
1210.5 1831956
1211.0 1832052
1211.5 1833444
1212.0 1832012
1212.5 1832256
1213.0 1832028
1213.5 1832176
1214.0 1832256
1214.5 1832160
1215.0 1832492
1215.5 1832696
1216.0 1832712
1216.5 1832476
1217.0 1832396
1217.5 1831800
1218.0 1831988
1218.5 1831988
1219.0 1831608
1219.5 1831736
1220.0 1831684
1220.5 1831732
1221.0 1831936
1221.5 1831496
1222.0 1831512
1222.5 1831368
1223.0 1831496
1223.5 1825632
1224.0 1825632
1224.5 1825632
1225.0 1825632
1232.2 1825632
1235.9 1825632
1236.4 1825632
1236.9 1825632
1238.8 1825600
1239.3 1825600
1239.8 1825600
1240.3 1825632
1240.8 1825632
1244.4 1825632
1244.9 1831904
1245.4 1831936
1245.9 1832316
1246.4 1832204
1246.9 1831920
1247.4 1832064
1247.9 1832376
1248.4 1831920
1248.9 1832268
1249.4 1832300
1249.9 1831856
1250.4 1832000
1250.9 1831904
1251.4 1831888
1251.9 1831604
1252.4 1831652
1252.9 1831384
1253.4 1831808
1253.9 1832280
1254.4 1832172
1254.9 1832248
1255.4 1831976
1255.9 1832344
1256.4 1832420
1256.9 1832216
1257.4 1832200
1257.9 1831948
1258.4 1832120
1258.9 1832524
1259.4 1832396
1259.9 1832524
1260.4 1831908
1260.9 1831548
1261.4 1831688
1261.9 1831560
1262.4 1831468
1262.9 1831640
1263.4 1831704
1263.9 1831608
1264.4 1831672
1264.9 1831952
1265.4 1831636
1265.9 1831400
1266.4 1831116
1266.9 1831684
1267.4 1831652
1267.9 1832080
1268.4 1826144
1268.9 1826112
1269.4 1826112
1271.2 1826108
1273.0 1826108
1273.5 1826108
1274.0 1826108
1277.5 1826108
1279.3 1826108
1284.7 1826076
1289.5 1826076
1290.0 1831600
1290.5 1832072
1291.0 1832720
1291.5 1832076
1292.0 1832232
1292.5 1832168
1293.0 1831932
1293.5 1832404
1294.0 1832184
1294.5 1832152
1295.0 1832244
1295.5 1831880
1296.0 1832100
1296.5 1832068
1297.0 1832116
1297.5 1832244
1298.0 1832244
1298.5 1832212
1299.0 1831896
1299.5 1832576
1300.0 1832196
1300.5 1832176
1301.0 1832160
1301.5 1831828
1302.0 1832144
1302.5 1832128
1303.0 1832508
1303.5 1832192
1304.0 1832556
1304.5 1832176
1305.0 1832140
1305.5 1832204
1306.0 1832092
1306.5 1831904
1307.0 1832188
1307.5 1832284
1308.0 1831464
1308.5 1831464
1309.0 1831304
1309.5 1831464
1310.0 1831440
1310.5 1831472
1311.0 1831328
1311.5 1832344
1312.0 1831880
1312.5 1831784
1313.0 1831992
1313.5 1825828
1314.0 1825828
1314.5 1825828
1316.4 1825824
1316.9 1825824
1317.4 1825856
1319.2 1825856
1321.1 1825856
1322.9 1825856
1323.4 1825856
1327.0 1825856
1327.5 1825856
1331.1 1825824
1334.5 1825824
1335.0 1832248
1335.5 1832684
1336.0 1831812
1336.5 1831752
1337.0 1832160
1337.5 1832208
1338.0 1831924
1338.5 1831844
1339.0 1832020
1339.5 1831972
1340.0 1831968
1340.5 1832016
1341.0 1832096
1341.5 1831620
1342.0 1831588
1342.5 1831496
1343.0 1831652
1343.5 1831796
1344.0 1832016
1344.5 1832204
1345.0 1831980
1345.5 1832276
1346.0 1832340
1346.5 1832264
1347.0 1832232
1347.5 1832184
1348.0 1832008
1348.5 1832028
1349.0 1831840
1349.5 1831772
1350.0 1831912
1350.5 1831992
1351.0 1831992
1351.5 1832196
1352.0 1832228
1352.5 1832212
1353.0 1832180
1353.5 1832052
1354.0 1832212
1354.5 1832384
1355.0 1832180
1355.5 1831944
1356.0 1831768
1356.5 1832164
1357.0 1826032
1358.7 1826032
1359.6 1826032
1360.3 1826028
1361.0 1826028
1361.7 1826028
1362.2 1826028
1362.8 1826028
1363.3 1826028
1363.9 1825996
1364.4 1826060
1367.1 1826060
1368.4 1826060
1368.9 1826060
1369.4 1826060
1369.9 1826060
1370.9 1826060
1371.4 1826028
1372.1 1826028
1373.1 1826028
1373.6 1826028
1374.1 1826028
1375.0 1826028
1375.5 1826060
1376.5 1826060
1377.0 1826060
1378.9 1826028
1379.5 1826028
1380.0 1832168
1380.5 1832152
1381.0 1831796
1381.5 1831608
1382.0 1831516
1382.5 1831528
1383.0 1832096
1383.5 1832184
1384.0 1831788
1384.5 1832136
1385.0 1832264
1385.5 1832028
1386.0 1832136
1386.5 1832056
1387.0 1831976
1387.5 1832056
1388.0 1832292
1388.5 1831820
1389.0 1832120
1389.5 1832040
1390.0 1832048
1390.5 1832256
1391.0 1832128
1391.5 1832080
1392.0 1832224
1392.5 1832096
1393.0 1832048
1393.5 1832396
1394.0 1832396
1394.5 1832332
1395.0 1831932
1395.5 1832108
1396.0 1832076
1396.5 1831964
1397.0 1832172
1397.5 1832296
1398.0 1832044
1398.5 1832440
1399.0 1832092
1399.5 1832252
1400.0 1832104
1400.5 1832012
1401.0 1832388
1401.5 1832152
1402.0 1826156
1402.5 1826124
1403.0 1826124
1403.5 1826124
1404.0 1826188
1404.5 1826188
1405.0 1826188
1405.5 1826184
1406.0 1826184
1406.5 1826184
1407.0 1826184
1407.5 1826184
1408.1 1826152
1408.6 1826152
1409.1 1826152
1409.6 1826152
1410.1 1826152
1410.6 1826184
1411.1 1826184
1411.6 1826184
1412.1 1826152
1412.6 1826152
1413.1 1826152
1413.6 1826152
1414.1 1826152
1414.6 1826152
1415.1 1826152
1415.6 1826152
1416.1 1826152
1416.6 1826120
1417.1 1826120
1417.6 1826120
1418.1 1826184
1418.6 1826184
1419.1 1826184
1419.6 1826184
1420.1 1826184
1420.6 1826184
1421.1 1826184
1421.6 1826184
1422.1 1826152
1422.7 1826152
1423.2 1826152
1423.7 1826152
1424.2 1826152
1424.7 1831980
1425.2 1832108
1425.7 1832044
1426.2 1831984
1426.7 1831724
1427.2 1831756
1427.7 1831548
1428.2 1831344
1428.7 1832512
1429.2 1831944
1429.7 1832208
1430.2 1832428
1430.7 1832252
1431.2 1832380
1431.7 1832000
1432.2 1832048
1432.7 1832240
1433.2 1832048
1433.7 1832128
1434.2 1832240
1434.7 1832088
1435.2 1832136
1435.7 1832372
1436.2 1831928
1436.7 1831692
1437.2 1832420
1437.7 1832516
1438.2 1832260
1438.7 1832136
1439.2 1832120
1439.7 1832036
1440.2 1832176
1440.7 1832228
1441.2 1833192
1441.7 1832572
1442.2 1832164
1442.7 1832164
1443.2 1831880
1443.7 1831880
1444.2 1832228
1444.7 1832476
1445.2 1832176
1445.7 1832160
1446.2 1832160
1446.7 1832080
1447.2 1826068
1447.7 1826068
1448.2 1826068
1448.7 1826068
1449.2 1826068
1449.7 1826068
1450.2 1826068
1450.7 1826068
1451.2 1826068
1451.7 1826036
1452.2 1826036
1452.7 1826036
1453.2 1826068
1453.7 1826068
1454.2 1826068
1454.7 1826068
1455.2 1826068
1455.7 1826068
1456.2 1826036
1456.7 1826036
1457.2 1826036
1457.7 1826036
1458.2 1826036
1458.7 1826036
1459.2 1826036
1459.7 1826036
1460.2 1826036
1460.8 1826068
1461.3 1826068
1461.8 1826068
1462.3 1826068
1462.8 1826068
1463.3 1826068
1463.8 1826068
1464.3 1826068
1464.8 1826068
1465.3 1826068
1465.8 1826036
1466.4 1826036
1466.9 1826036
1467.4 1826036
1467.9 1826036
1468.4 1826068
1468.9 1826068
1469.4 1826068
1469.9 1831956
1470.4 1831860
1470.9 1832144
1471.4 1832020
1471.9 1831892
1472.4 1831876
1472.9 1831972
1473.4 1831720
1473.9 1831608
1474.4 1831372
1474.9 1831416
1475.4 1832108
1475.9 1832408
1476.4 1832472
1476.9 1832220
1477.4 1832612
1477.9 1832268
1478.4 1832132
1478.9 1832228
1479.4 1832068
1479.9 1831876
1480.4 1831452
1480.9 1831528
1481.4 1831892
1481.9 1831924
1482.4 1831972
1482.9 1832380
1483.4 1832364
1483.9 1832316
1484.4 1832064
1484.9 1832032
1485.4 1832044
1485.9 1831856
1486.4 1831400
1486.9 1831620
1487.4 1831792
1487.9 1831420
1488.4 1831872
1488.9 1832220
1489.4 1831540
1489.9 1831500
1490.4 1831944
1490.9 1831832
1491.4 1832116
1491.9 1831976
1492.4 1825820
1492.9 1825788
1493.4 1825788
1493.9 1825788
1494.4 1825788
1494.9 1825788
1495.4 1825788
1496.0 1825784
1496.5 1825784
1497.0 1825784
1497.5 1825784
1498.0 1825752
1498.5 1825816
1499.0 1825816
1499.5 1825816
1500.0 1825816
1500.5 1825816
1501.0 1825816
1501.5 1825816
1502.0 1825816
1502.5 1825816
1503.0 1825784
1503.6 1825784
1504.1 1825784
1504.6 1825784
1505.1 1825784
1505.6 1825784
1506.1 1825816
1506.6 1825816
1507.1 1825784
1507.6 1825784
1508.1 1825784
1508.6 1825784
1509.1 1825784
1509.6 1825784
1510.1 1825784
1510.6 1825784
1511.1 1825784
1511.6 1825784
1512.1 1825752
1512.7 1825752
1513.2 1825816
1513.7 1825816
1514.2 1825816
1514.7 1825816
1515.2 1832088
1515.7 1832356
1516.2 1832008
1516.7 1832260
1517.2 1832232
1517.7 1831960
1518.2 1832356
1518.7 1831992
1519.2 1832276
1519.7 1832292
1520.2 1832116
1520.7 1831736
1521.2 1831436
1521.7 1831728
1522.2 1831648
1522.7 1831824
1523.2 1831952
1523.7 1831964
1524.2 1831744
1524.7 1832092
1525.2 1831932
1525.7 1831996
1526.2 1832392
1526.7 1832044
1527.2 1832156
1527.7 1832464
1528.2 1832876
1528.7 1832324
1529.2 1832076
1529.7 1832628
1530.2 1832528
1530.7 1832116
1531.2 1832356
1531.7 1831976
1532.2 1832072
1532.7 1832088
1533.2 1832688
1533.7 1832324
1534.2 1832024
1534.7 1832040
1535.2 1832220
1535.7 1832300
1536.2 1831876
1536.7 1831496
1537.2 1826052
1537.7 1826052
1538.2 1826052
1538.8 1826052
1539.3 1826052
1539.8 1826052
1540.3 1826020
1540.8 1826020
1541.3 1826020
1542.0 1826084
1542.5 1826084
1543.9 1826084
1544.5 1826084
1545.2 1826084
1545.8 1826084
1548.0 1826052
1548.6 1826052
1549.1 1826052
1551.2 1826052
1551.7 1826052
1552.2 1826052
1552.8 1826052
1554.4 1826116
1554.9 1826116
1555.9 1826084
1556.4 1826084
1556.9 1826084
1557.4 1826084
1557.9 1826084
1558.4 1826084
1559.0 1826084
1559.5 1826084
1560.0 1831940
1560.5 1831608
1561.0 1831620
1561.5 1831908
1562.0 1832144
1562.5 1831748
1563.0 1832128
1563.5 1832112
1564.0 1832152
1564.5 1832372
1565.0 1832304
1565.5 1832304
1566.0 1832092
1566.5 1831648
1567.0 1832092
1567.5 1832360
1568.0 1832092
1568.5 1831980
1569.0 1832124
1569.5 1831964
1570.0 1832420
1570.5 1832120
1571.0 1832088
1571.5 1832340
1572.0 1832184
1572.5 1831740
1573.0 1831724
1573.5 1832600
1574.0 1831936
1574.5 1832316
1575.0 1832364
1575.5 1832060
1576.0 1832016
1576.5 1832176
1577.0 1832288
1577.5 1832332
1578.0 1832284
1578.5 1832300
1579.0 1832348
1579.5 1832348
1580.0 1832564
1580.5 1832140
1581.0 1832108
1581.5 1832168
1582.0 1828644
1582.5 1825888
1583.0 1825888
1583.5 1825952
1584.0 1825920
1584.5 1825920
1585.0 1825920
1585.5 1825916
1586.0 1825916
1586.5 1825916
1587.0 1825916
1587.5 1825916
1588.0 1825916
1588.5 1825916
1589.0 1825916
1589.5 1825884
1590.0 1825884
1590.5 1825884
1591.0 1825884
1591.5 1825916
1592.0 1825916
1592.5 1825916
1593.0 1825916
1593.5 1825884
1594.0 1825884
1594.5 1825884
1595.0 1825884
1595.5 1825884
1596.0 1825884
1596.5 1825884
1597.0 1825884
1597.5 1825884
1598.0 1825916
1598.5 1825916
1599.0 1825916
1599.5 1825916
1600.0 1825916
1600.5 1825916
1601.0 1825916
1601.5 1825916
1602.0 1825916
1602.5 1825884
1603.0 1825884
1603.5 1825884
1604.0 1825884
1604.5 1825884
1605.0 1832008
1605.5 1831992
1606.0 1831932
1606.5 1831708
1607.0 1831740
1607.5 1831632
1608.0 1831376
1608.5 1831584
1609.0 1831472
1609.5 1831472
1610.0 1831816
1610.5 1831704
1611.0 1832036
1611.5 1831956
1612.0 1832180
1612.5 1832196
1613.0 1832336
1613.5 1832304
1614.0 1832192
1614.5 1832384
1615.0 1832252
1615.5 1832252
1616.0 1832348
1616.5 1832064
1617.0 1832032
1617.5 1831732
1618.0 1832192
1618.5 1832112
1619.0 1832112
1619.5 1831860
1620.0 1832456
1620.5 1832236
1621.0 1832216
1621.5 1832076
1622.0 1832044
1622.5 1832184
1623.0 1832488
1623.5 1831996
1624.0 1832076
1624.5 1832312
1625.0 1832248
1625.5 1832124
1626.0 1832328
1626.5 1832184
1627.0 1832312
1627.5 1832076
1628.0 1829964
1628.5 1826380
1629.0 1826380
1629.5 1826380
1630.0 1826380
1630.5 1826344
1631.0 1826344
1631.5 1826344
1632.0 1826344
1632.5 1826344
1633.0 1826376
1633.5 1826376
1634.0 1826376
1634.5 1826376
1635.0 1826376
1635.5 1826344
1636.0 1826344
1636.5 1826344
1637.0 1826344
1637.5 1826344
1638.0 1826344
1638.5 1826344
1639.0 1826344
1639.6 1826344
1640.1 1826344
1640.6 1826376
1641.1 1826376
1641.6 1826376
1642.1 1826376
1642.6 1826376
1643.1 1826376
1643.6 1826376
1644.1 1826376
1644.6 1826344
1645.1 1826344
1645.6 1826344
1646.1 1826344
1646.6 1826344
1647.1 1826344
1647.6 1826376
1648.1 1826376
1648.6 1826376
1649.1 1826376
1649.6 1826376
1650.1 1832144
1650.6 1832820
1651.1 1832008
1651.6 1832232
1652.1 1831348
1652.6 1831236
1653.1 1831392
1653.6 1831536
1654.1 1831584
1654.6 1831468
1655.1 1831200
1655.6 1831580
1656.1 1831564
1656.6 1831580
1657.1 1831548
1657.6 1831816
1658.1 1832156
1658.6 1832048
1659.1 1831696
1659.6 1832012
1660.1 1832012
1660.6 1832140
1661.1 1832312
1661.6 1832200
1662.1 1832092
1662.6 1832232
1663.1 1832264
1663.6 1831980
1664.1 1832232
1664.6 1831808
1665.1 1831696
1665.6 1831252
1666.1 1831488
1666.6 1831868
1667.1 1831852
1667.6 1831520
1668.1 1831788
1668.6 1831836
1669.1 1831584
1669.6 1831504
1670.1 1832132
1670.6 1831784
1671.1 1831832
1671.6 1832180
1672.1 1831892
1672.6 1832036
1673.1 1832036
1673.6 1825848
1674.1 1825848
1674.6 1825848
1675.1 1825848
1675.6 1825844
1676.1 1825844
1676.6 1825844
1677.1 1825844
1677.6 1825812
1678.1 1825812
1678.6 1825812
1679.1 1825812
1679.6 1825876
1680.1 1825876
1680.6 1825876
1681.1 1825876
1681.6 1825876
1682.1 1825876
1682.6 1825844
1683.1 1825844
1683.6 1825844
1684.1 1825844
1684.6 1825844
1685.1 1825844
1685.6 1825844
1686.1 1825844
1686.6 1825844
1687.1 1825844
1687.6 1825876
1688.1 1825876
1688.6 1825876
1689.1 1825876
1689.6 1825876
1690.1 1825876
1690.6 1825876
1691.1 1825876
1691.6 1825844
1692.1 1825844
1692.6 1825844
1693.1 1825844
1693.6 1825844
1694.1 1825844
1694.6 1825876
1695.1 1832268
1695.6 1832108
1696.1 1832444
1696.6 1832204
1697.1 1832064
1697.6 1831760
1698.1 1832592
1698.6 1832308
1699.1 1832212
1699.6 1831928
1700.1 1831924
1700.6 1831752
1701.1 1831592
1701.6 1831924
1702.1 1832052
1702.6 1831800
1703.1 1831816
1703.6 1832132
1704.1 1831988
1704.6 1831892
1705.1 1831448
1705.6 1831512
1706.1 1831260
1706.6 1831356
1707.1 1831592
1707.6 1831760
1708.1 1831952
1708.6 1832032
1709.1 1832472
1709.6 1831968
1710.1 1831900
1710.6 1832044
1711.1 1832060
1711.6 1831932
1712.1 1832424
1712.6 1832076
1713.1 1832028
1713.6 1832280
1714.1 1831948
1714.6 1832184
1715.1 1831928
1715.6 1831880
1716.1 1831864
1716.6 1832072
1717.1 1831976
1717.6 1832088
1718.1 1832132
1718.6 1825696
1719.1 1825696
1719.6 1825696
1720.1 1825696
1720.6 1825660
1721.1 1825660
1721.6 1825660
1722.1 1825660
1722.6 1825660
1723.1 1825660
1723.6 1825660
1724.1 1825660
1724.6 1825660
1725.1 1825660
1725.6 1825660
1726.1 1825660
1726.6 1825660
1727.1 1825660
1727.6 1825660
1728.1 1825660
1728.6 1825628
1729.1 1825628
1729.6 1825628
1730.1 1825628
1730.6 1825692
1731.1 1825692
1731.6 1825692
1732.2 1825692
1732.7 1825692
1733.2 1825692
1733.7 1825660
1734.2 1825660
1734.7 1825660
1735.2 1825660
1735.7 1825660
1736.2 1825660
1736.7 1825660
1737.2 1825660
1737.7 1825724
1738.2 1825692
1738.7 1825692
1739.2 1825692
1739.7 1833024
1740.2 1831972
1740.7 1831672
1741.2 1832068
1741.7 1831908
1742.2 1832192
1742.7 1831924
1743.2 1831876
1743.7 1832272
1744.2 1831800
1744.7 1831984
1745.2 1832476
1745.7 1831980
1746.2 1831368
1746.7 1831544
1747.2 1831764
1747.7 1831668
1748.2 1831920
1748.7 1831764
1749.2 1831464
1749.7 1831352
1750.2 1831780
1750.7 1832024
1751.2 1832148
1751.7 1831912
1752.2 1831992
1752.7 1831976
1753.2 1832152
1753.7 1832308
1754.2 1831976
1754.7 1831420
1755.2 1831596
1755.7 1831324
1756.2 1831232
1756.7 1831672
1757.2 1831624
1757.7 1832176
1758.2 1831736
1758.7 1831752
1759.2 1831656
1759.7 1831892
1760.2 1831308
1760.7 1831452
1761.2 1831184
1761.7 1831324
1762.2 1831452
1762.7 1831436
1763.2 1825644
1763.7 1825644
1764.2 1825644
1764.7 1825644
1765.2 1825644
1765.7 1825644
1766.2 1825612
1766.7 1825612
1767.2 1825612
1767.7 1825612
1768.3 1825612
1768.8 1825612
1769.3 1825612
1769.8 1825612
1770.3 1825612
1770.8 1825644
1771.3 1825644
1771.8 1825644
1772.3 1825644
1772.8 1825644
1773.3 1825644
1773.8 1825644
1774.3 1825644
1774.8 1825644
1775.3 1825644
1775.8 1825612
1776.3 1825612
1776.8 1825612
1777.3 1825612
1777.8 1825644
1778.3 1825644
1778.8 1825644
1779.3 1825644
1779.8 1825612
1780.3 1825612
1780.8 1825612
1781.3 1825612
1781.8 1825612
1782.3 1825612
1782.8 1825612
1783.3 1825612
1783.8 1825612
1784.3 1825612
1784.8 1832412
1785.3 1831292
1785.8 1831492
1786.3 1831412
1786.8 1831948
1787.3 1831476
1787.8 1831476
1788.3 1831932
1788.8 1832012
1789.3 1832136
1789.8 1832180
1790.3 1832248
1790.8 1832024
1791.3 1831912
1791.8 1832024
1792.3 1832228
1792.8 1831960
1793.3 1832052
1793.8 1832040
1794.3 1831976
1794.8 1832056
1795.3 1832212
1795.8 1832024
1796.3 1831896
1796.8 1832260
1797.3 1831896
1797.8 1831896
1798.3 1831960
1798.8 1831976
1799.3 1832072
1799.8 1831964
1800.3 1832704
1800.8 1832568
1801.3 1832452
1801.8 1832360
1802.3 1832360
1802.8 1831620
1803.3 1831680
1803.8 1831868
1804.3 1831724
1804.8 1831708
1805.3 1832424
1805.8 1832604
1806.3 1832384
1806.8 1832740
1807.4 1826144
1807.9 1826176
1808.4 1826176
1808.9 1826176
1809.4 1826176
1809.9 1826176
1810.4 1826176
1810.9 1826172
1811.4 1826172
1811.9 1826172
1812.4 1826172
1812.9 1826140
1813.4 1826140
1813.9 1826140
1814.4 1826140
1814.9 1826140
1815.4 1826140
1815.9 1826172
1816.4 1826172
1816.9 1826172
1817.4 1826172
1818.1 1826140
1818.6 1826140
1819.1 1826140
1819.7 1826140
1820.2 1826140
1820.7 1826140
1822.9 1826140
1823.4 1826140
1825.3 1826108
1829.0 1826172
1829.5 1826172
1830.0 1832752
1830.5 1832140
1831.0 1831824
1831.5 1831808
1832.0 1832124
1832.5 1832500
1833.0 1832184
1833.5 1832296
1834.0 1832044
1834.5 1831980
1835.0 1831848
1835.5 1831724
1836.0 1831896
1836.5 1832056
1837.0 1832024
1837.5 1832148
1838.0 1831976
1838.5 1831772
1839.0 1832372
1839.5 1832196
1840.0 1832192
1840.5 1832100
1841.0 1832192
1841.5 1832240
1842.0 1831884
1842.5 1832304
1843.0 1831736
1843.5 1831468
1844.0 1831484
1844.5 1831580
1845.0 1831132
1845.5 1831832
1846.0 1831800
1846.5 1832068
1847.0 1831800
1847.5 1831548
1848.0 1831452
1848.5 1831628
1849.0 1831816
1849.5 1832368
1850.0 1832568
1850.5 1832360
1851.0 1832380
1851.5 1831936
1852.0 1826388
1852.9 1826164
1853.6 1826164
1854.1 1826164
1855.1 1826160
1855.6 1826160
1857.1 1826128
1858.0 1826128
1858.5 1826128
1859.0 1826128
1859.5 1826128
1860.0 1826128
1861.0 1826128
1863.1 1826128
1863.6 1826128
1864.1 1826128
1865.3 1826160
1868.8 1826160
1869.3 1826160
1869.8 1826160
1870.3 1826160
1873.6 1826160
1874.1 1826128
1874.6 1829520
1875.1 1831452
1875.6 1831788
1876.1 1831948
1876.6 1831900
1877.1 1832044
1877.6 1832060
1878.1 1831760
1878.6 1831616
1879.1 1831632
1879.6 1831660
1880.1 1831952
1880.6 1831748
1881.1 1831840
1881.6 1832220
1882.1 1831620
1882.6 1831732
1883.1 1832204
1883.6 1831872
1884.1 1831904
1884.6 1831952
1885.1 1831780
1885.6 1831824
1886.1 1832000
1886.6 1832048
1887.1 1831968
1887.6 1831760
1888.1 1832380
1888.6 1831856
1889.1 1832140
1889.6 1831456
1890.1 1831808
1890.6 1831252
1891.1 1831632
1891.6 1831664
1892.1 1831680
1892.6 1831980
1893.1 1832200
1893.6 1831948
1894.1 1831964
1894.6 1832132
1895.1 1831896
1895.6 1831800
1896.1 1831928
1896.6 1831928
1897.1 1825932
1899.0 1825964
1900.9 1825960
1903.7 1825960
1905.6 1825960
1906.1 1825960
1906.6 1825960
1908.2 1825960
1908.7 1825960
1909.2 1825960
1912.8 1825928
1913.3 1825928
1915.1 1825928
1915.6 1825960
1916.9 1825960
1918.8 1825960
1919.5 1825960
1920.0 1831696
1920.5 1831648
1921.0 1832136
1921.5 1831964
1922.0 1831964
1922.5 1832028
1923.0 1832248
1923.5 1831948
1924.0 1831600
1924.5 1831916
1925.0 1832184
1925.5 1832104
1926.0 1832200
1926.5 1832184
1927.0 1832232
1927.5 1832264
1928.0 1831820
1928.5 1831820
1929.0 1832200
1929.5 1832168
1930.0 1832400
1930.5 1832308
1931.0 1832052
1931.5 1832072
1932.0 1831456
1932.5 1831676
1933.0 1831628
1933.5 1831644
1934.0 1831692
1934.5 1831708
1935.0 1831892
1935.5 1831308
1936.0 1831404
1936.5 1831436
1937.0 1831308
1937.5 1831404
1938.0 1831308
1938.5 1831340
1939.0 1831484
1939.5 1831468
1940.0 1832284
1940.5 1832820
1941.0 1831924
1941.5 1832096
1942.0 1826388
1942.9 1826356
1944.7 1826324
1945.2 1826324
1947.0 1826324
1947.5 1826324
1949.3 1826324
1952.7 1826324
1954.6 1826324
1956.6 1826388
1957.5 1826356
1960.1 1826356
1960.9 1826356
1961.4 1826356
1961.9 1826356
1963.7 1826356
1964.5 1826356
1965.0 1832196
1965.5 1832096
1966.0 1831924
1966.5 1832352
1967.0 1832208
1967.5 1831232
1968.0 1831088
1968.5 1831248
1969.0 1831356
1969.5 1831472
1970.0 1831440
1970.5 1831756
1971.0 1831660
1971.5 1831612
1972.0 1831644
1972.5 1832292
1973.0 1831708
1973.5 1831944
1974.0 1831944
1974.5 1832020
1975.0 1831956
1975.5 1832020
1976.0 1831972
1976.5 1831812
1977.0 1832128
1977.5 1832240
1978.0 1832436
1978.5 1832200
1979.0 1831916
1979.5 1832120
1980.0 1832344
1980.5 1831644
1981.0 1831900
1981.5 1831932
1982.0 1831852
1982.5 1831900
1983.0 1832248
1983.5 1832200
1984.0 1832216
1984.5 1832088
1985.0 1831852
1985.5 1831900
1986.0 1831884
1986.5 1831568
1987.0 1829308
1987.5 1825920
1988.1 1825920
1988.6 1825920
1989.1 1825920
1989.7 1825888
1990.2 1825888
1990.7 1825884
1991.2 1825884
1991.7 1825884
1992.2 1825884
1992.7 1825916
1994.5 1825916
1995.3 1825916
1995.8 1825884
1996.3 1825884
1996.8 1825884
1997.7 1825884
1998.2 1825884
1998.7 1825640
1999.2 1825820
1999.7 1825756
2000.2 1825756
2000.7 1825756
2001.2 1825756
2001.7 1825756
2002.6 1825756
2003.1 1825756
2003.6 1825756
2004.1 1825756
2004.6 1825788
2006.0 1825788
2006.6 1825788
2007.8 1825788
2008.4 1825788
2009.3 1825788
2009.8 1828460
2010.3 1829256
2010.8 1830840
2011.3 1833108
2011.8 1833492
2012.3 1832860
2012.8 1832824
2013.3 1832176
2013.8 1833872
2014.3 1833208
2014.8 1832988
2015.3 1832512
2015.8 1832308
2016.3 1832308
2016.8 1831976
2017.3 1832056
2017.8 1832024
2018.3 1832056
2018.8 1832104
2019.3 1832112
2019.8 1831896
2020.3 1832528
2020.8 1832372
2021.3 1832024
2021.8 1832116
2022.3 1832392
2022.8 1832128
2023.3 1832692
2023.8 1833024
2024.3 1832488
2024.8 1832724
2025.3 1833116
2025.8 1832660
2026.3 1832376
2026.8 1832692
2027.3 1832280
2027.8 1832452
2028.3 1832380
2028.8 1832648
2029.3 1832524
2029.8 1832504
2030.3 1831872
2030.8 1831968
2031.3 1832396
2031.8 1832472
2032.3 1832108
2032.8 1832284
2033.3 1832380
2033.8 1832584
2034.3 1826388
2035.9 1826380
2036.4 1826380
2037.1 1826380
2037.6 1826380
2038.1 1826380
2039.1 1826348
2039.6 1826412
2040.4 1826412
2041.2 1826412
2042.0 1826412
2043.4 1826412
2043.9 1826412
2045.6 1826412
2046.1 1826412
2046.6 1826412
2047.1 1826380
2049.8 1826380
2050.5 1826380
2051.0 1826380
2051.9 1826380
2052.8 1826412
2053.5 1826412
2054.2 1826412
2054.7 1832916
2055.2 1832316
2055.7 1831968
2056.2 1832352
2056.7 1832416
2057.2 1832432
2057.7 1832480
2058.2 1832576
2058.7 1832276
2059.2 1832260
2059.7 1832268
2060.2 1832252
2060.7 1832428
2061.2 1832584
2061.7 1832568
2062.2 1832504
2062.7 1832204
2063.2 1832300
2063.7 1833308
2064.2 1833200
2064.7 1833012
2065.2 1832752
2065.7 1832296
2066.2 1832312
2066.7 1832328
2067.2 1832784
2067.7 1832784
2068.2 1832548
2068.7 1832752
2069.2 1832532
2069.7 1832528
2070.2 1832512
2070.7 1832416
2071.2 1832528
2071.7 1832464
2072.2 1832512
2072.7 1833096
2073.2 1832656
2073.7 1832544
2074.2 1832648
2074.7 1832564
2075.2 1832012
2075.7 1832232
2076.2 1832404
2076.7 1832060
2077.2 1826128
2078.9 1826128
2081.2 1826124
2082.1 1826124
2082.6 1826156
2083.1 1826156
2083.8 1826156
2084.4 1826124
2084.9 1826124
2085.4 1826124
2085.9 1826124
2086.4 1826124
2086.9 1826124
2087.4 1826124
2087.9 1826124
2091.6 1826092
2092.9 1826092
2093.4 1826092
2094.1 1826092
2094.6 1826156
2095.1 1826156
2095.6 1826156
2096.1 1826156
2096.6 1826156
2097.1 1826124
2097.6 1826124
2098.1 1826124
2098.6 1826124
2099.1 1826124
2099.6 1829844
2100.1 1832424
2100.6 1832700
2101.1 1832900
2101.6 1832520
2102.1 1832360
2102.6 1832520
2103.1 1832376
2103.6 1832472
2104.1 1832864
2104.6 1833000
2105.1 1832812
2105.6 1832688
2106.1 1832404
2106.6 1832232
2107.1 1831964
2107.6 1832248
2108.1 1832484
2108.6 1832532
2109.1 1832500
2109.6 1832664
2110.1 1832460
2110.6 1832112
2111.1 1832192
2111.6 1831908
2112.1 1832288
2112.6 1832444
2113.1 1832636
2113.6 1832144
2114.1 1832348
2114.6 1832580
2115.1 1832536
2115.6 1832844
2116.1 1832596
2116.6 1832404
2117.1 1832764
2117.6 1832420
2118.1 1832152
2118.6 1832280
2119.1 1832420
2119.6 1832560
2120.1 1832528
2120.6 1832512
2121.1 1833080
2121.6 1833424
2122.1 1826920
2122.6 1826920
2123.1 1826920
2123.6 1826920
2124.1 1826920
2124.6 1826920
2125.4 1826884
2127.2 1826884
2128.8 1826884
2132.6 1826884
2134.5 1826884
2135.5 1826916
2136.0 1826916
2136.5 1826884
2138.4 1826884
2138.9 1826884
2139.8 1826884
2140.3 1826884
2141.2 1826884
2143.8 1826884
2144.5 1826884
2145.0 1831984
2145.5 1833116
2146.0 1832404
2146.5 1832420
2147.0 1832516
2147.5 1832656
2148.0 1832516
2148.5 1832480
2149.0 1832532
2149.5 1831932
2150.0 1832212
2150.5 1832448
2151.0 1832688
2151.5 1832304
2152.0 1832464
2152.5 1832608
2153.0 1832448
2153.5 1832544
2154.0 1832148
2154.5 1832544
2155.0 1832524
2155.5 1832396
2156.0 1832460
2156.5 1832412
2157.0 1832412
2157.5 1832588
2158.0 1832648
2158.5 1832204
2159.0 1832472
2159.5 1832476
2160.0 1832804
2160.5 1832440
2161.0 1832740
2161.5 1832504
2162.0 1832660
2162.5 1832676
2163.0 1832660
2163.5 1832536
2164.0 1832376
2164.5 1832676
2165.0 1832436
2165.5 1832848
2166.0 1832436
2166.5 1832500
2167.0 1832420
2167.5 1826392
2168.0 1826392
2168.5 1826360
2169.0 1826424
2169.6 1826424
2170.1 1826424
2170.6 1826416
2171.4 1826416
2172.1 1826416
2172.6 1826416
2173.1 1826384
2173.6 1826384
2174.1 1826384
2174.6 1826384
2175.1 1826384
2175.6 1826384
2176.1 1826384
2176.6 1826384
2177.1 1826384
2178.2 1826384
2180.0 1826384
2181.7 1826384
2182.2 1826384
2182.7 1826384
2183.2 1826384
2183.7 1826384
2184.2 1826384
2184.7 1826384
2185.2 1826384
2185.7 1826352
2186.2 1826352
2186.7 1826352
2189.5 1826416
2190.0 1832264
2190.5 1832200
2191.0 1832392
2191.5 1832452
2192.0 1832356
2192.5 1832292
2193.0 1832388
2193.5 1832660
2194.0 1831776
2194.5 1831760
2195.0 1832224
2195.5 1832176
2196.0 1832064
2196.5 1831908
2197.0 1832240
2197.5 1832352
2198.0 1832160
2198.5 1832168
2199.0 1832104
2199.5 1832120
2200.0 1832052
2200.5 1832116
2201.0 1832320
2201.5 1832148
2202.0 1832052
2202.5 1831992
2203.0 1831992
2203.5 1831912
2204.0 1832148
2204.5 1832400
2205.0 1832224
2205.5 1832492
2206.0 1832444
2206.5 1832192
2207.0 1832396
2207.5 1832272
2208.0 1832348
2208.5 1832680
2209.0 1832208
2209.5 1832396
2210.0 1832216
2210.5 1832268
2211.0 1832632
2211.5 1832364
2212.0 1830736
2212.5 1826384
2213.0 1826384
2214.2 1826384
2214.7 1826384
2215.2 1826384
2216.5 1826376
2221.8 1826344
2222.3 1826344
2224.6 1826344
2225.1 1826344
2225.6 1826344
2226.1 1826376
2226.6 1826376
2227.1 1826376
2227.6 1826344
2228.1 1826344
2228.6 1826344
2229.1 1826344
2230.2 1826344
2230.7 1826344
2231.2 1826344
2231.7 1826344
2232.4 1826344
2232.9 1826312
2233.4 1826312
2233.9 1826312
2234.4 1826312
2234.9 1826376
2235.4 1832412
2235.9 1832404
2236.4 1832436
2236.9 1832388
2237.4 1832656
2237.9 1832516
2238.4 1832656
2238.9 1832516
2239.4 1832816
2239.9 1832752
2240.4 1832640
2240.9 1832228
2241.4 1832528
2241.9 1832464
2242.4 1832524
2242.9 1831976
2243.4 1832368
2243.9 1832556
2244.4 1832432
2244.9 1832228
2245.4 1832728
2245.9 1832712
2246.4 1832824
2246.9 1833012
2247.4 1832364
2247.9 1832412
2248.4 1832808
2248.9 1832604
2249.4 1832792
2249.9 1832584
2250.4 1832628
2250.9 1832264
2251.4 1832740
2251.9 1832376
2252.4 1832804
2252.9 1832740
2253.4 1832660
2253.9 1833008
2254.4 1832360
2254.9 1832172
2255.4 1832516
2255.9 1832340
2256.4 1832356
2256.9 1832420
2257.4 1832340
2257.9 1829252
2258.4 1826640
2258.9 1826640
2259.4 1826640
2261.3 1826636
2263.3 1826604
2264.0 1826604
2265.9 1826668
2266.4 1826668
2266.9 1826668
2268.8 1826668
2270.5 1826668
2271.0 1826668
2272.1 1826636
2272.6 1826636
2276.2 1826636
2277.1 1826636
2278.8 1826636
2279.5 1826636
2280.0 1832568
2280.5 1832448
2281.0 1832068
2281.5 1831960
2282.0 1832148
2282.5 1832148
2283.0 1832180
2283.5 1832004
2284.0 1832196
2284.5 1832148
2285.0 1832176
2285.5 1832108
2286.0 1832348
2286.5 1832460
2287.0 1832336
2287.5 1832680
2288.0 1832048
2288.5 1832476
2289.0 1833292
2289.5 1832616
2290.0 1832652
2290.5 1832716
2291.0 1832336
2291.5 1832432
2292.0 1832684
2292.5 1832304
2293.0 1832304
2293.5 1832480
2294.0 1832368
2294.5 1832352
2295.0 1832012
2295.5 1832772
2296.0 1832536
2296.5 1832596
2297.0 1832440
2297.5 1832376
2298.0 1832440
2298.5 1832504
2299.0 1832336
2299.5 1832316
2300.0 1833020
2300.5 1833512
2301.0 1833672
2301.5 1832836
2302.0 1832888
2302.5 1832432
2303.0 1832272
2303.5 1829420
2304.8 1826736
2305.3 1826736
2306.8 1826736
2307.8 1826736
2308.4 1826704
2309.3 1826704
2309.8 1826704
2311.9 1826736
2313.3 1826736
2313.9 1826736
2315.3 1826736
2316.3 1826736
2316.8 1826736
2317.3 1826704
2317.8 1826704
2320.2 1826704
2321.1 1826704
2321.6 1826704
2322.5 1826704
2323.4 1826704
2324.6 1827456
2325.1 1832408
2325.6 1832360
2326.1 1832604
2326.6 1832716
2327.1 1832476
2327.6 1832620
2328.1 1833124
2328.6 1832668
2329.1 1832320
2329.6 1832620
2330.1 1832616
2330.6 1832488
2331.1 1832616
2331.6 1832428
2332.1 1832444
2332.6 1832300
2333.1 1832428
2333.6 1832080
2334.1 1831732
2334.6 1832144
2335.1 1831936
2335.6 1832156
2336.1 1832172
2336.6 1832076
2337.1 1832044
2337.6 1832896
2338.1 1832280
2338.6 1832440
2339.1 1832408
2339.6 1832772
2340.1 1832692
2340.6 1832252
2341.1 1832296
2341.6 1832564
2342.1 1832408
2342.6 1832440
2343.1 1832644
2343.6 1832296
2344.1 1832692
2344.6 1832628
2345.1 1832756
2345.6 1832328
2346.1 1832424
2346.6 1832708
2347.1 1832328
2347.6 1832376
2348.1 1829192
2349.9 1826768
2350.8 1826764
2351.4 1826732
2351.9 1826732
2354.2 1826732
2355.0 1826732
2355.5 1826732
2356.7 1826732
2357.3 1826732
2358.1 1826732
2359.8 1826732
2363.6 1826764
2364.2 1826764
2366.4 1826764
2368.0 1826764
2368.8 1826764
2369.5 1826764
2370.0 1832340
2370.5 1832276
2371.0 1832168
2371.5 1832372
2372.0 1832748
2372.5 1832736
2373.0 1832308
2373.5 1832448
2374.0 1832672
2374.5 1832608
2375.0 1832588
2375.5 1832920
2376.0 1832476
2376.5 1832492
2377.0 1832620
2377.5 1831956
2378.0 1831988
2378.5 1832144
2379.0 1832544
2379.5 1832208
2380.0 1832268
2380.5 1832348
2381.0 1832348
2381.5 1831844
2382.0 1831652
2382.5 1831876
2383.0 1831448
2383.5 1831496
2384.0 1831764
2384.5 1832456
2385.0 1832112
2385.5 1832068
2386.0 1832396
2386.5 1832364
2387.0 1832568
2387.5 1832536
2388.0 1832160
2388.5 1832428
2389.0 1832252
2389.5 1832316
2390.0 1832160
2390.5 1832080
2391.0 1832112
2391.5 1832016
2392.0 1832096
2392.5 1832048
2393.0 1831640
2394.8 1826288
2395.4 1826284
2396.5 1826252
2397.7 1826252
2398.2 1826252
2402.0 1826252
2405.7 1826252
2407.6 1826252
2408.1 1826252
2410.0 1826220
2410.5 1826220
2412.4 1826284
2414.5 1826284
2415.0 1832320
2415.5 1832272
2416.0 1831800
2416.5 1831848
2417.0 1831848
2417.5 1831832
2418.0 1832084
2418.5 1832460
2419.0 1832968
2419.5 1832500
2420.0 1832412
2420.5 1832712
2421.0 1832572
2421.5 1832624
2422.0 1832496
2422.5 1832480
2423.0 1832356
2423.5 1832304
2424.0 1832512
2424.5 1832624
2425.0 1832544
2425.5 1832528
2426.0 1832716
2426.5 1832784
2427.0 1832608
2427.5 1832576
2428.0 1832448
2428.5 1832448
2429.0 1832656
2429.5 1832560
2430.0 1831896
2430.5 1832384
2431.0 1832760
2431.5 1832244
2432.0 1832672
2432.5 1832356
2433.0 1832244
2433.5 1832356
2434.0 1832480
2434.5 1832668
2435.0 1832384
2435.5 1832304
2436.0 1832572
2436.5 1832304
2437.0 1832572
2437.5 1832208
2438.0 1832636
2438.5 1826464
2439.0 1826464
2439.5 1826464
2440.0 1826464
2440.5 1826432
2441.4 1826432
2441.9 1826432
2442.4 1826432
2443.2 1826432
2444.3 1826464
2445.7 1826464
2446.2 1826464
2446.7 1826432
2447.2 1826432
2449.1 1826432
2449.6 1826432
2450.1 1826432
2450.6 1826432
2451.4 1826432
2451.9 1826432
2453.0 1826432
2456.1 1826400
2456.6 1826464
2457.1 1826464
2458.1 1826464
2458.6 1826464
2459.5 1826464
2460.0 1832524
2460.5 1832272
2461.0 1832652
2461.5 1832652
2462.0 1832476
2462.5 1832368
2463.0 1832352
2463.5 1832492
2464.0 1832808
2464.5 1832368
2465.0 1832292
2465.5 1832396
2466.0 1832456
2466.5 1832236
2467.0 1832284
2467.5 1832300
2468.0 1832220
2468.5 1832284
2469.0 1832632
2469.5 1832364
2470.0 1832296
2470.5 1832340
2471.0 1832124
2471.5 1832188
2472.0 1832768
2472.5 1832676
2473.0 1832708
2473.5 1832408
2474.0 1832612
2474.5 1832880
2475.0 1832564
2475.5 1832312
2476.0 1831936
2476.5 1832016
2477.0 1832188
2477.5 1831776
2478.0 1831840
2478.5 1831824
2479.0 1832848
2479.5 1832484
2480.0 1832528
2480.5 1832260
2481.0 1831976
2481.5 1831992
2482.0 1832088
2482.5 1832136
2483.0 1832244
2483.5 1826556
2484.0 1826556
2485.9 1826524
2487.8 1826524
2489.7 1826524
2490.2 1826524
2492.0 1826524
2492.5 1826524
2493.0 1826556
2493.6 1826556
2494.1 1826556
2496.1 1826524
2496.6 1826524
2498.4 1826524
2498.9 1826524
2499.4 1826524
2502.5 1826524
2503.0 1826524
2503.5 1826524
2504.5 1826524
2505.0 1831992
2505.5 1832480
2506.0 1832448
2506.5 1832672
2507.0 1832212
2507.5 1832624
2508.0 1832324
2508.5 1832464
2509.0 1832092
2509.5 1832560
2510.0 1832524
2510.5 1832508
2511.0 1832368
2511.5 1832572
2512.0 1832476
2512.5 1832240
2513.0 1832636
2513.5 1832904
2514.0 1832160
2514.5 1832272
2515.0 1832252
2515.5 1832568
2516.0 1832552
2516.5 1832552
2517.0 1832284
2517.5 1832156
2518.0 1832456
2518.5 1832552
2519.0 1832440
2519.5 1832440
2520.0 1832360
2520.5 1832516
2521.0 1832644
2521.5 1832596
2522.0 1832264
2522.5 1832532
2523.0 1832296
2523.5 1832312
2524.0 1832392
2524.5 1832392
2525.0 1831944
2525.5 1831880
2526.0 1832088
2526.5 1832388
2527.0 1832372
2527.5 1832480
2528.0 1832876
2528.5 1826468
2530.4 1826468
2531.5 1826468
2533.3 1826468
2535.2 1826468
2536.0 1826468
2537.9 1826436
2539.7 1826436
2545.0 1826436
2545.5 1826436
2549.5 1826468
2550.0 1832836
2550.5 1832600
2551.0 1833340
2551.5 1832616
2552.0 1832284
2552.5 1832536
2553.0 1832348
2553.5 1832000
2554.0 1832096
2554.5 1832316
2555.0 1832184
2555.5 1832344
2556.0 1832420
2556.5 1832548
2557.0 1832644
2557.5 1832280
2558.0 1832596
2558.5 1832620
2559.0 1832684
2559.5 1832432
2560.0 1832604
2560.5 1832536
2561.0 1832632
2561.5 1832488
2562.0 1832236
2562.5 1832284
2563.0 1832188
2563.5 1832584
2564.0 1832456
2564.5 1832600
2565.0 1832628
2565.5 1832660
2566.0 1832328
2566.5 1831964
2567.0 1832172
2567.5 1832012
2568.0 1832028
2568.5 1831980
2569.0 1832296
2569.5 1832012
2570.0 1832280
2570.5 1832028
2571.0 1831728
2571.5 1831888
2572.0 1831884
2572.5 1831996
2573.0 1828976
2573.5 1826128
2574.0 1826096
2577.7 1826092
2581.4 1826092
2581.9 1826092
2585.4 1826092
2587.3 1826124
2590.7 1826124
2592.5 1826092
2594.5 1826092
2595.0 1832048
2595.5 1832016
2596.0 1832284
2596.5 1832124
2597.0 1832300
2597.5 1832284
2598.0 1832268
2598.5 1832220
2599.0 1832220
2599.5 1832108
2600.0 1832292
2600.5 1831952
2601.0 1832000
2601.5 1832252
2602.0 1832552
2602.5 1832536
2603.0 1832600
2603.5 1832332
2604.0 1832392
2604.5 1832440
2605.0 1832524
2605.5 1832208
2606.0 1832540
2606.5 1832476
2607.0 1832508
2607.5 1832380
2608.0 1832572
2608.5 1832696
2609.0 1832856
2609.5 1831936
2610.0 1832364
2610.5 1832408
2611.0 1831992
2611.5 1832568
2612.0 1832392
2612.5 1832108
2613.0 1832268
2613.5 1832220
2614.0 1832172
2614.5 1832488
2615.0 1832688
2615.5 1832524
2616.0 1832256
2616.5 1832460
2617.0 1826584
2617.7 1826520
2618.7 1826520
2619.3 1826520
2623.7 1826512
2625.5 1826512
2627.4 1826512
2629.3 1826512
2632.9 1826544
2633.4 1826544
2635.3 1826544
2635.8 1826544
2636.3 1826544
2636.8 1826544
2637.3 1826544
2637.8 1826544
2639.5 1826512
2640.0 1832712
2640.5 1832460
2641.0 1832288
2641.5 1832192
2642.0 1832160
2642.5 1832192
2643.0 1832728
2643.5 1832444
2644.0 1832664
2644.5 1832604
2645.0 1832708
2645.5 1832536
2646.0 1832376
2646.5 1832472
2647.0 1832520
2647.5 1832632
2648.0 1832424
2648.5 1832836
2649.0 1832708
2649.5 1832504
2650.0 1832152
2650.5 1832184
2651.0 1832136
2651.5 1832168
2652.0 1832232
2652.5 1832200
2653.0 1832200
2653.5 1832280
2654.0 1832184
2654.5 1832184
2655.0 1832260
2655.5 1832356
2656.0 1832244
2656.5 1832244
2657.0 1832528
2657.5 1832464
2658.0 1832464
2658.5 1832448
2659.0 1832744
2659.5 1832632
2660.0 1832552
2660.5 1832344
2661.0 1832440
2661.5 1832344
2662.0 1832328
2662.5 1832236
2663.0 1832756
2663.5 1826548
2664.0 1826548
2665.8 1826544
2666.3 1826544
2666.8 1826544
2672.2 1826544
2674.1 1826576
2674.6 1826576
2678.2 1826576
2681.8 1826540
2682.7 1826540
2683.2 1826540
2684.5 1826540
2685.0 1832384
2685.5 1832432
2686.0 1832924
2686.5 1832668
2687.0 1832952
2687.5 1833032
2688.0 1832812
2688.5 1832764
2689.0 1832448
2689.5 1832320
2690.0 1832544
2690.5 1832292
2691.0 1831864
2691.5 1832176
2692.0 1831876
2692.5 1831860
2693.0 1832020
2693.5 1832288
2694.0 1832144
2694.5 1831924
2695.0 1833324
2695.5 1832996
2696.0 1832636
2696.5 1832332
2697.0 1831984
2697.5 1832076
2698.0 1832676
2698.5 1832852
2699.0 1832820
2699.5 1833056
2700.0 1833040
2700.5 1832644
2701.0 1832708
2701.5 1832604
2702.0 1832604
2702.5 1832464
2703.0 1832368
2703.5 1832480
2704.0 1832716
2704.5 1832888
2705.0 1832872
2705.5 1832540
2706.0 1832520
2706.5 1832324
2707.0 1832736
2707.5 1832832
2708.0 1833044
2708.6 1826528
2709.3 1826528
2712.2 1826524
2714.0 1826524
2715.5 1826524
2718.4 1826492
2719.4 1826492
2721.4 1826492
2723.2 1826492
2723.7 1826524
2724.2 1826524
2724.7 1826524
2725.2 1826524
2725.9 1826524
2726.4 1826524
2727.2 1826524
2727.7 1826492
2728.2 1826492
2728.7 1826492
2729.2 1826492
2729.7 1826492
2730.2 1832320
2730.7 1832496
2731.2 1832596
2731.7 1832940
2732.2 1832344
2732.7 1832564
2733.2 1832676
2733.7 1832548
2734.2 1832724
2734.7 1832804
2735.2 1832908
2735.7 1832624
2736.2 1832796
2736.7 1832544
2737.2 1832736
2737.7 1832688
2738.2 1832688
2738.7 1833116
2739.2 1832592
2739.7 1832640
2740.2 1832812
2740.7 1832668
2741.2 1832856
2741.7 1832560
2742.2 1832888
2742.7 1832920
2743.2 1833064
2743.7 1832556
2744.2 1832556
2744.7 1832840
2745.2 1832616
2745.7 1832696
2746.2 1832648
2746.7 1832664
2747.2 1832316
2747.7 1832364
2748.2 1832380
2748.7 1832824
2749.2 1833044
2749.7 1833028
2750.2 1832756
2750.7 1832520
2751.2 1832740
2751.7 1832628
2752.2 1832724
2752.7 1832580
2753.2 1832564
2753.7 1826948
2755.6 1826940
2756.1 1826940
2756.6 1826940
2758.4 1826940
2758.9 1826940
2759.4 1826908
2761.3 1826908
2761.8 1826908
2763.7 1826908
2767.4 1826940
2767.9 1826940
2769.8 1826940
2771.8 1826908
2773.7 1826908
2774.5 1826908
2775.0 1832676
2775.5 1832848
2776.0 1833164
2776.5 1832564
2777.0 1832500
2777.5 1832408
2778.0 1832028
2778.5 1831936
2779.0 1832360
2779.5 1832676
2780.0 1832324
2780.5 1832420
2781.0 1832340
2781.5 1832228
2782.0 1832608
2782.5 1832624
2783.0 1832544
2783.5 1832484
2784.0 1832672
2784.5 1832608
2785.0 1832572
2785.5 1832352
2786.0 1832288
2786.5 1832732
2787.0 1832604
2787.5 1832540
2788.0 1832368
2788.5 1832432
2789.0 1832240
2789.5 1832336
2790.0 1832364
2790.5 1832648
2791.0 1832680
2791.5 1832396
2792.0 1832520
2792.5 1832616
2793.0 1832776
2793.5 1832616
2794.0 1832584
2794.5 1832680
2795.0 1832184
2795.5 1832020
2796.0 1832436
2796.5 1832500
2797.0 1832764
2797.5 1832576
2798.0 1829256
2798.5 1826588
2800.7 1826584
2802.9 1826584
2805.5 1826584
2806.0 1826584
2806.9 1826552
2810.5 1826552
2812.3 1826552
2813.6 1826552
2814.6 1826552
2816.4 1826552
2818.3 1826616
2819.2 1826584
2819.7 1833712
2820.2 1833088
2820.7 1833080
2821.2 1832740
2821.7 1832820
2822.2 1832676
2822.7 1832676
2823.2 1832456
2823.7 1832612
2824.2 1832660
2824.7 1833020
2825.2 1832608
2825.7 1832816
2826.2 1832576
2826.7 1832704
2827.2 1833036
2827.7 1832576
2828.2 1832940
2828.7 1832768
2829.2 1832704
2829.7 1832572
2830.2 1832560
2830.7 1832272
2831.2 1832448
2831.7 1832448
2832.2 1832716
2832.7 1832668
2833.2 1832652
2833.7 1832936
2834.2 1832636
2834.7 1832348
2835.2 1832616
2835.7 1832348
2836.2 1832160
2836.7 1831828
2837.2 1831812
2837.7 1832128
2838.2 1832144
2838.7 1831828
2839.2 1832096
2839.7 1832180
2840.2 1832576
2840.7 1832796
2841.2 1832576
2841.7 1832544
2842.2 1832576
2842.7 1832640
2843.2 1826572
2843.8 1826572
2844.3 1826572
2845.0 1826572
2845.5 1826568
2846.8 1826568
2847.7 1826568
2848.2 1826568
2848.7 1826536
2849.9 1826536
2850.4 1826536
2854.0 1826536
2854.6 1826536
2857.8 1826568
2859.1 1826568
2859.6 1826568
2860.7 1826536
2862.5 1826536
2864.5 1826536
2865.0 1832108
2865.5 1832188
2866.0 1832392
2866.5 1832124
2867.0 1831872
2867.5 1831996
2868.0 1832092
2868.5 1831824
2869.0 1832044
2869.5 1831792
2870.0 1831836
2870.5 1832752
2871.0 1832656
2871.5 1832560
2872.0 1832592
2872.5 1832796
2873.0 1832544
2873.5 1832560
2874.0 1832372
2874.5 1832576
2875.0 1832696
2875.5 1832584
2876.0 1832364
2876.5 1832440
2877.0 1832544
2877.5 1832528
2878.0 1832496
2878.5 1832668
2879.0 1832812
2879.5 1832796
2880.0 1832756
2880.5 1832744
2881.0 1832552
2881.5 1833184
2882.0 1832364
2882.5 1832380
2883.0 1832616
2883.5 1832380
2884.0 1832568
2884.5 1832788
2885.0 1832548
2885.5 1832660
2886.0 1832564
2886.5 1832864
2887.0 1826424
2890.2 1826424
2892.6 1826420
2894.4 1826420
2899.3 1826420
2901.3 1826388
2901.9 1826452
2903.4 1826452
2904.3 1826452
2905.4 1826452
2906.3 1826452
2908.2 1826452
2909.2 1826452
2909.7 1833368
2910.2 1832340
2910.7 1832560
2911.2 1832608
2911.7 1832456
2912.2 1832448
2912.7 1832608
2913.2 1832780
2913.7 1832828
2914.2 1832560
2914.7 1832520
2915.2 1832492
2915.7 1832240
2916.2 1832556
2916.7 1832444
2917.2 1832792
2917.7 1832556
2918.2 1832476
2918.7 1832792
2919.2 1832776
2919.7 1832660
2920.2 1832532
2920.7 1832752
2921.2 1832420
2921.7 1832564
2922.2 1832452
2922.7 1832832
2923.2 1832752
2923.7 1832768
2924.2 1832896
2924.7 1832940
2925.2 1832668
2925.7 1831944
2926.2 1832640
2926.7 1832480
2927.2 1832480
2927.7 1832496
2928.2 1832308
2928.7 1832308
2929.2 1831804
2929.7 1831784
2930.2 1831516
2930.7 1831816
2931.2 1831880
2931.7 1831956
2932.2 1826128
2935.4 1826120
2937.2 1826088
2938.0 1826152
2938.5 1826152
2939.9 1826152
2941.7 1826152
2943.7 1826152
2945.6 1826152
2947.6 1826152
2948.1 1826120
2949.9 1826120
2952.5 1826120
2953.6 1826120
2954.5 1826120
2955.0 1831932
2955.5 1832092
2956.0 1832028
2956.5 1831996
2957.0 1832240
2957.5 1832108
2958.0 1831840
2958.5 1831948
2959.0 1831996
2959.5 1831900
2960.0 1832432
2960.5 1832160
2961.0 1832684
2961.5 1832448
2962.0 1832040
2962.5 1832056
2963.0 1832120
2963.5 1832372
2964.0 1832228
2964.5 1832196
2965.0 1832288
2965.5 1832208
2966.0 1832396
2966.5 1832224
2967.0 1832192
2967.5 1832128
2968.0 1832524
2968.5 1833076
2969.0 1832368
2969.5 1832588
2970.0 1832520
2970.5 1832456
2971.0 1832520
2971.5 1832412
2972.0 1832536
2972.5 1832096
2973.0 1832128
2973.5 1832016
2974.0 1832204
2974.5 1832584
2975.0 1833096
2975.5 1832852
2976.0 1832512
2976.5 1832592
2978.6 1825824
2982.3 1825816
2984.0 1825848
2984.9 1825848
2986.8 1825848
2987.4 1825848
2990.2 1825816
2992.0 1825816
2992.8 1825816
2995.4 1825816
2996.1 1825816
2997.3 1825816
2998.2 1825816
2999.5 1825784
3000.0 1832096
