1.0 1827432
1.8 1827432
2.3 1827432
3.3 1827432
3.8 1827432
5.5 1827400
7.1 1827400
7.6 1827400
9.2 1827400
10.9 1827400
11.4 1827400
12.3 1827432
13.1 1827432
13.6 1827432
15.1 1827400
15.6 1827400
16.9 1827400
17.6 1827400
18.1 1827400
18.7 1827400
20.1 1827400
22.0 1827368
23.7 1827368
24.2 1827368
24.8 1827368
26.1 1827432
27.4 1827432
27.9 1827432
29.4 1827432
29.9 1834756
30.4 1835304
30.9 1835008
31.4 1834772
31.9 1835100
32.4 1835368
32.9 1834416
33.4 1836384
33.9 1834988
34.4 1836008
34.9 1835388
35.4 1835640
35.9 1835308
36.4 1835468
36.9 1836264
37.4 1835516
37.9 1835468
38.4 1835516
38.9 1835532
39.4 1835688
39.9 1836244
40.4 1835668
40.9 1835320
41.4 1835368
41.9 1835020
42.4 1834880
42.9 1834896
43.4 1834896
43.9 1835228
44.4 1835304
44.9 1835244
45.4 1835120
45.9 1835244
46.4 1836156
46.9 1836540
47.4 1836764
47.9 1835660
48.4 1835852
48.9 1835568
49.4 1836228
49.9 1835816
50.4 1835660
50.9 1835248
51.4 1835500
51.9 1835296
52.4 1829520
52.9 1829584
53.4 1829584
54.8 1829584
56.5 1829580
57.0 1829580
58.3 1829580
60.4 1829548
63.0 1829548
63.5 1829548
64.0 1829548
65.7 1829548
67.0 1829548
67.5 1829548
68.2 1829580
68.9 1829548
69.4 1829548
69.9 1829548
70.4 1829548
72.2 1829548
74.5 1829548
75.0 1835700
75.5 1835628
76.0 1835616
76.5 1835536
77.0 1836088
77.5 1835788
78.0 1835048
78.5 1834552
79.0 1834252
79.5 1834868
80.0 1835184
80.5 1835324
81.0 1835560
81.5 1835324
82.0 1835688
82.5 1835292
83.0 1835356
83.5 1835916
84.0 1835916
84.5 1836008
85.0 1835740
85.5 1835692
86.0 1835412
86.5 1835316
87.0 1835412
87.5 1835380
88.0 1834880
88.5 1835492
89.0 1835332
89.5 1835380
90.0 1835192
90.5 1835064
91.0 1835456
91.5 1835664
92.0 1835664
92.5 1835536
93.0 1835600
93.5 1835688
94.0 1835436
94.5 1835512
95.0 1835560
95.5 1834836
96.0 1834868
96.5 1834616
97.0 1828848
97.5 1828848
99.9 1828872
100.4 1828872
100.9 1828872
102.5 1828840
103.4 1828840
104.5 1828840
105.4 1828840
106.0 1828840
106.6 1828840
107.3 1828840
108.9 1828840
109.4 1828840
110.1 1828808
111.4 1828872
112.0 1828872
113.4 1828872
113.9 1828872
115.1 1828872
115.6 1828872
116.2 1828872
118.4 1828840
118.9 1828840
119.5 1828840
120.0 1835064
120.5 1835080
121.0 1835476
121.5 1834984
122.0 1834780
122.5 1834908
123.0 1835048
123.5 1835172
124.0 1835364
124.5 1835472
125.0 1835324
125.5 1835276
126.0 1835640
126.5 1835480
127.0 1835592
127.5 1835576
128.0 1835892
128.5 1834852
129.0 1834600
129.5 1834696
130.0 1834780
130.5 1834560
131.0 1834860
131.5 1835224
132.0 1835284
132.5 1835820
133.0 1835552
133.5 1835424
134.0 1835584
134.5 1835600
135.0 1835576
135.5 1835640
136.0 1835404
136.5 1835496
137.0 1835700
137.5 1835244
138.0 1835688
138.5 1835796
139.0 1835400
139.5 1835480
140.0 1835852
140.5 1835660
141.0 1835140
141.5 1835536
142.0 1835004
142.5 1829692
143.0 1829692
143.5 1829692
144.0 1829692
144.9 1829684
145.4 1829684
146.1 1829684
146.7 1829684
147.2 1829684
147.7 1829684
148.6 1829716
149.2 1829716
149.7 1829716
150.3 1829716
150.8 1829716
151.3 1829716
152.1 1829716
153.1 1829716
153.6 1829684
155.1 1829684
155.6 1829684
156.2 1829684
156.7 1829684
157.2 1829684
157.7 1829684
158.2 1829716
158.7 1829716
159.2 1829684
159.7 1829684
160.6 1829684
161.3 1829684
161.8 1829684
162.6 1829684
163.1 1829684
163.6 1829684
164.2 1829684
164.7 1833832
165.2 1835496
165.7 1835244
166.2 1835528
166.7 1835164
167.2 1835592
167.7 1835324
168.2 1835480
168.7 1835100
169.2 1835480
169.7 1835472
170.2 1835552
170.7 1835552
171.2 1835424
171.7 1835432
172.2 1835228
172.7 1835448
173.2 1835244
173.7 1835228
174.2 1834832
174.7 1835160
175.2 1835572
175.7 1834988
176.2 1835100
176.7 1835400
177.2 1835036
177.7 1834988
178.2 1835444
178.7 1835460
179.2 1835224
179.7 1835564
180.2 1835380
180.7 1834904
181.2 1835268
181.7 1835188
182.2 1835392
182.7 1835188
183.2 1835536
183.7 1835440
184.2 1835520
184.7 1835644
185.2 1835328
185.7 1835168
186.2 1835184
186.7 1835688
187.2 1829304
187.7 1829304
188.2 1829304
188.7 1829304
189.2 1829304
189.7 1829304
190.2 1829268
190.7 1829268
191.2 1829268
191.7 1829268
192.2 1829268
192.7 1829268
193.2 1829268
193.7 1829268
194.2 1829268
194.7 1829300
195.2 1829300
195.7 1829300
196.2 1829300
196.7 1829300
197.2 1829300
197.7 1829300
198.2 1829300
198.7 1829268
199.2 1829268
199.7 1829268
200.2 1829268
200.7 1829268
201.2 1829268
201.7 1829300
202.2 1829300
202.7 1829300
203.2 1829300
203.7 1829268
204.2 1829268
204.7 1829268
205.2 1829268
205.7 1829268
206.2 1829268
206.7 1829268
207.2 1829268
207.7 1829268
208.2 1829300
208.7 1829300
209.2 1829300
209.7 1834344
210.2 1835572
210.7 1835512
211.2 1835496
211.7 1835292
212.2 1834944
212.7 1835056
213.2 1835120
213.7 1835272
214.2 1835544
214.7 1835624
215.2 1835292
215.7 1835780
216.2 1835524
216.7 1835288
217.2 1835192
217.7 1835272
218.2 1835476
218.7 1835572
219.2 1835508
219.7 1835296
220.2 1835392
220.7 1835536
221.2 1835204
221.7 1835112
222.2 1834796
222.7 1834828
223.2 1834920
223.7 1834856
224.2 1835204
224.7 1835532
225.2 1835544
225.7 1835484
226.2 1835420
226.7 1835280
227.2 1835216
227.7 1835044
228.2 1835248
228.7 1835296
229.2 1835500
229.7 1835384
230.2 1835480
230.7 1835276
231.2 1835116
231.7 1835228
232.2 1835716
232.7 1835212
233.2 1835404
233.7 1829152
234.2 1829152
234.7 1829152
235.2 1829152
235.7 1829148
236.2 1829148
236.7 1829116
237.2 1829116
237.7 1829116
238.2 1829116
238.8 1829116
239.3 1829116
239.9 1829116
240.4 1829148
240.9 1829148
241.4 1829116
241.9 1829116
242.4 1829116
242.9 1829116
243.4 1829116
243.9 1829116
244.4 1829116
244.9 1829116
245.4 1829116
246.0 1829084
246.5 1829084
247.0 1829084
247.5 1829084
248.0 1829148
248.5 1829148
249.0 1829148
249.5 1829148
250.1 1829148
250.6 1829116
251.1 1829116
251.6 1829116
252.1 1829116
252.6 1829116
253.1 1829116
253.6 1829116
254.2 1829116
254.7 1836484
255.2 1835524
255.7 1835352
256.2 1835368
256.7 1835240
257.2 1835444
257.7 1835396
258.2 1835348
258.7 1835524
259.2 1835492
259.7 1835820
260.2 1835360
260.7 1835568
261.2 1835408
261.7 1835836
262.2 1835580
262.7 1835456
263.2 1835296
263.7 1835568
264.2 1835600
264.7 1835848
265.2 1835704
265.7 1835816
266.2 1835372
266.7 1835308
267.2 1835720
267.7 1835688
268.2 1835516
268.7 1835704
269.2 1835436
269.7 1835264
270.2 1835724
270.7 1835332
271.2 1835536
271.7 1835156
272.2 1835408
272.7 1835424
273.2 1835692
273.7 1835328
274.2 1835596
274.7 1835564
275.2 1835408
275.7 1835724
276.2 1835784
276.7 1835500
277.2 1835832
277.7 1835652
278.2 1835416
278.7 1829160
279.2 1829128
279.7 1829128
280.2 1829128
280.7 1829192
281.2 1829192
281.7 1829192
282.2 1829192
282.7 1829188
283.2 1829188
283.7 1829156
284.2 1829156
284.7 1829156
285.2 1829156
285.7 1829156
286.2 1829156
286.7 1829156
287.2 1829156
287.7 1829188
288.2 1829188
288.7 1829156
289.2 1829156
289.7 1829156
290.2 1829156
290.7 1829156
291.2 1829156
291.7 1829156
292.2 1829156
292.7 1829156
293.2 1829156
293.7 1829124
294.2 1829124
294.7 1829188
295.2 1829188
295.7 1829188
296.2 1829188
296.7 1829188
297.2 1829188
297.7 1829156
298.2 1829156
298.7 1829156
299.2 1829156
299.7 1831864
300.2 1835340
300.7 1835308
301.2 1835388
301.7 1835244
302.2 1835216
302.7 1834992
303.2 1835056
303.7 1834992
304.2 1835136
304.7 1835020
305.2 1835132
305.7 1834908
306.2 1835288
306.7 1835848
307.2 1835368
307.7 1835192
308.2 1835540
308.7 1835700
309.2 1835396
309.7 1834932
310.2 1835060
310.7 1835140
311.2 1835344
311.7 1835504
312.2 1835248
312.7 1835628
313.2 1835872
313.7 1835952
314.2 1835700
314.7 1835476
315.2 1835360
315.7 1835420
316.2 1835700
316.7 1835600
317.2 1834908
317.7 1835020
318.2 1835400
318.7 1835596
319.2 1835264
319.7 1835484
320.2 1835864
320.7 1835456
321.2 1835280
321.7 1835468
322.2 1835484
322.7 1835144
323.2 1833200
323.7 1829440
324.2 1829440
324.7 1829440
325.2 1829440
325.7 1829408
326.2 1829408
326.7 1829408
327.2 1829408
327.7 1829408
328.2 1829408
328.7 1829408
329.2 1829408
329.7 1829408
330.2 1829376
330.8 1829440
331.3 1829440
331.8 1829440
332.3 1829440
332.8 1829440
333.3 1829440
333.8 1829440
334.3 1829440
334.8 1829408
335.3 1829408
335.8 1829408
336.3 1829408
336.8 1829408
337.3 1829408
337.8 1829408
338.3 1829440
338.8 1829440
339.3 1829440
339.8 1829408
340.3 1829408
340.8 1829408
341.3 1829408
341.8 1829408
342.3 1829408
342.8 1829408
343.3 1829408
343.8 1829408
344.3 1829376
344.8 1836612
345.3 1835368
345.8 1835256
346.3 1835272
346.8 1835004
347.3 1834624
347.8 1835020
348.3 1835036
348.8 1835208
349.3 1835540
349.8 1835524
350.3 1835476
350.8 1835224
351.3 1835732
351.8 1835824
352.3 1836000
352.8 1835808
353.3 1835604
353.8 1835352
354.3 1835684
354.8 1835068
355.3 1834832
355.8 1834832
356.3 1835352
356.8 1835304
357.3 1835368
357.8 1835492
358.3 1835164
358.8 1835304
359.3 1835052
359.8 1835004
360.3 1835228
360.8 1834768
361.3 1835872
361.8 1835540
362.3 1835700
362.8 1835572
363.3 1835620
363.8 1836060
364.3 1835556
364.8 1835444
365.3 1835476
365.8 1835524
366.3 1835540
366.8 1835444
367.3 1829488
367.8 1829488
368.3 1829488
368.8 1829488
369.3 1829488
369.8 1829520
370.3 1829520
370.8 1829488
371.3 1829488
371.8 1829488
372.3 1829488
372.8 1829488
373.3 1829488
373.8 1829488
374.3 1829488
374.8 1829488
375.4 1829488
375.9 1829456
376.4 1829456
376.9 1829456
377.4 1829456
377.9 1829520
378.4 1829520
378.9 1829520
379.4 1829520
379.9 1829520
380.4 1829520
380.9 1829520
381.4 1829488
381.9 1829488
382.4 1829488
382.9 1829488
383.4 1829488
383.9 1829488
384.4 1829488
384.9 1829488
385.4 1829520
386.0 1829520
386.5 1829520
387.0 1829520
387.6 1829520
388.1 1829520
388.6 1829520
389.1 1829520
389.6 1831876
390.1 1835316
390.6 1835336
391.1 1835272
391.6 1835288
392.1 1835116
392.6 1834672
393.1 1834872
393.6 1835644
394.1 1835436
394.6 1835356
395.1 1835436
395.6 1835408
396.1 1835280
396.6 1835076
397.1 1836092
397.6 1836068
398.1 1836004
398.6 1835832
399.1 1835168
399.6 1835628
400.1 1835344
400.6 1835912
401.1 1835644
401.6 1835516
402.1 1835848
402.6 1835500
403.1 1835468
403.6 1835612
404.1 1835628
404.6 1835280
405.1 1835784
405.6 1835596
406.1 1835516
406.6 1835296
407.1 1835360
407.6 1835720
408.1 1835676
408.6 1835628
409.1 1835516
409.6 1835532
410.1 1835636
410.6 1835492
411.1 1835572
411.6 1835492
412.1 1829464
412.6 1829464
413.1 1829432
413.6 1829432
414.1 1829432
414.6 1829432
415.2 1829432
415.7 1829432
416.2 1829432
416.8 1829432
417.4 1829432
417.9 1829464
418.5 1829464
419.0 1829464
419.5 1829464
420.0 1829464
421.9 1829464
422.4 1829464
422.9 1829464
423.4 1829464
424.7 1829432
426.9 1829432
432.4 1829432
432.9 1829464
434.5 1829464
435.0 1835020
435.5 1835240
436.0 1835476
436.5 1835492
437.0 1835320
437.5 1835400
438.0 1834972
438.5 1834956
439.0 1835100
439.5 1834704
440.0 1835028
440.5 1835484
441.0 1835376
441.5 1835344
442.0 1835124
442.5 1835076
443.0 1835344
443.5 1835848
444.0 1834996
444.5 1835344
445.0 1835308
445.5 1835360
446.0 1835232
446.5 1835076
447.0 1835344
447.5 1835296
448.0 1835532
448.5 1835500
449.0 1835660
449.5 1835200
450.0 1835248
450.5 1835184
451.0 1835548
451.5 1835248
452.0 1835280
452.5 1835312
453.0 1834808
453.5 1834980
454.0 1835076
454.5 1835216
455.0 1835616
455.5 1835492
456.0 1835572
456.5 1835764
457.0 1830156
461.1 1829700
461.8 1829700
464.7 1829668
465.3 1829668
467.2 1829668
467.8 1829668
468.5 1829668
470.0 1829668
472.4 1829668
472.9 1829668
475.1 1829700
475.6 1829700
479.5 1829668
480.0 1835480
480.5 1835464
481.0 1835816
481.5 1835816
482.0 1835800
482.5 1835404
483.0 1835660
483.5 1835152
484.0 1835516
484.5 1836276
485.0 1835864
485.5 1835612
486.0 1835660
486.5 1835596
487.0 1835816
487.5 1835768
488.0 1835608
488.5 1835060
489.0 1835336
489.5 1834648
490.0 1835580
490.5 1835172
491.0 1835264
491.5 1835328
492.0 1835296
492.5 1835220
493.0 1835328
493.5 1835156
494.0 1834604
494.5 1834872
495.0 1835464
495.5 1835636
496.0 1835620
496.5 1835604
497.0 1835556
497.5 1835304
498.0 1835588
498.5 1835524
499.0 1835840
499.5 1835748
500.0 1835228
500.5 1835536
501.0 1835596
501.5 1835724
502.0 1829432
502.7 1829432
503.7 1829432
504.2 1829432
505.5 1829432
506.0 1829432
506.7 1829400
508.5 1829400
511.6 1829400
513.4 1829400
515.9 1829400
516.4 1829400
516.9 1829400
517.4 1829432
519.2 1829400
524.4 1829400
524.9 1835660
525.4 1835360
525.9 1835548
526.4 1835604
526.9 1835760
527.4 1835572
527.9 1835304
528.4 1835384
528.9 1835508
529.4 1835588
529.9 1835580
530.4 1836040
530.9 1835360
531.4 1835580
531.9 1835424
532.4 1835248
532.9 1835952
533.4 1835652
533.9 1835636
534.4 1835920
534.9 1835912
535.4 1835864
535.9 1835708
536.4 1835532
536.9 1835848
537.4 1835484
537.9 1835612
538.4 1835532
538.9 1835708
539.4 1835296
539.9 1835692
540.4 1835548
540.9 1835692
541.4 1835596
541.9 1835360
542.4 1835408
542.9 1835280
543.4 1835360
543.9 1835548
544.4 1835976
544.9 1835976
545.4 1835660
545.9 1835580
546.4 1835724
546.9 1835312
547.5 1829536
548.3 1829536
548.8 1829536
549.3 1829536
550.0 1829568
552.3 1829568
552.8 1829536
553.9 1829536
556.0 1829536
556.5 1829536
558.3 1829536
558.8 1829536
559.5 1829536
560.0 1829536
562.4 1829504
564.6 1829568
566.3 1829568
566.8 1829568
569.1 1829568
569.6 1832276
570.1 1836176
570.6 1834664
571.1 1835152
571.6 1835848
572.1 1835580
572.6 1835740
573.1 1835676
573.6 1835660
574.1 1835484
574.6 1835880
575.1 1835708
575.6 1835328
576.1 1835452
576.6 1835880
577.1 1835580
577.6 1835676
578.1 1835868
578.6 1836224
579.1 1835568
579.6 1835680
580.1 1835680
580.6 1835272
581.1 1835364
581.6 1835460
582.1 1835492
582.6 1835380
583.1 1835856
583.6 1835720
584.1 1835660
584.6 1835660
585.1 1835644
585.6 1835304
586.1 1835628
586.6 1835880
587.1 1835988
587.6 1835800
588.1 1835564
588.6 1835356
589.1 1835656
589.6 1835908
590.1 1835592
590.6 1835624
591.1 1835828
591.6 1835640
592.1 1829376
593.8 1829376
594.9 1829372
596.8 1829372
598.9 1829436
601.6 1829404
602.5 1829404
603.0 1829404
603.8 1829404
604.9 1829404
605.5 1829404
606.0 1829404
608.1 1829404
610.1 1829404
611.5 1829372
612.5 1829372
614.4 1829372
614.9 1835448
615.4 1835476
615.9 1835508
616.4 1835872
616.9 1835588
617.4 1835572
617.9 1835792
618.4 1835572
618.9 1835712
619.4 1835636
619.9 1835488
620.4 1836072
620.9 1836136
621.4 1835552
621.9 1835536
622.4 1835836
622.9 1835664
623.4 1835868
623.9 1835632
624.4 1835696
624.9 1835724
625.4 1835896
625.9 1835644
626.4 1835580
626.9 1835548
627.4 1835468
627.9 1835484
628.4 1835580
628.9 1835580
629.4 1835580
629.9 1835656
630.4 1835780
630.9 1835656
631.4 1835748
631.9 1835560
632.4 1835892
632.9 1835544
633.4 1835608
633.9 1835560
634.4 1835560
634.9 1836092
635.4 1835840
635.9 1835684
636.4 1835604
636.9 1831644
638.9 1829624
644.0 1829652
645.9 1829652
646.4 1829652
648.0 1829652
649.1 1829620
649.6 1829620
651.0 1829620
651.5 1829620
653.4 1829620
655.7 1829620
656.5 1829620
657.8 1829620
659.5 1829588
660.0 1835592
660.5 1835868
661.0 1835536
661.5 1835536
662.0 1835788
662.5 1835520
663.0 1835420
663.5 1835372
664.0 1834900
664.5 1834756
665.0 1835168
665.5 1834948
666.0 1834932
666.5 1835076
667.0 1834996
667.5 1835312
668.0 1835168
668.5 1835216
669.0 1835264
669.5 1835264
670.0 1835972
670.5 1835524
671.0 1835244
671.5 1835608
672.0 1835908
672.5 1835656
673.0 1835592
673.5 1835592
674.0 1835716
674.5 1835720
675.0 1835808
675.5 1835912
676.0 1835784
676.5 1835644
677.0 1835452
677.5 1834996
678.0 1835296
678.5 1834556
679.0 1834888
679.5 1835628
680.0 1835496
680.5 1835672
681.0 1835576
681.5 1835624
682.0 1833736
684.2 1829524
686.1 1829520
688.3 1829520
689.6 1829520
691.9 1829520
693.1 1829520
693.6 1829520
694.7 1829488
696.4 1829488
698.6 1829488
702.1 1829520
703.9 1829520
704.5 1829520
705.0 1834808
705.5 1834856
706.0 1834696
706.5 1835092
707.0 1835028
707.5 1835124
708.0 1835044
708.5 1834728
709.0 1834728
709.5 1834808
710.0 1835088
710.5 1834992
711.0 1835088
711.5 1834992
712.0 1835388
712.5 1834884
713.0 1834772
713.5 1834676
714.0 1834944
714.5 1835072
715.0 1835132
715.5 1834564
716.0 1834688
716.5 1835304
717.0 1835556
717.5 1834988
718.0 1834720
718.5 1834704
719.0 1834800
719.5 1834404
720.0 1834416
720.5 1834604
721.0 1834876
721.5 1834876
722.0 1835252
722.5 1835252
723.0 1835048
723.5 1834984
724.0 1834812
724.5 1834604
725.0 1834972
725.5 1834928
726.0 1835044
726.5 1835400
727.0 1830772
729.2 1829164
731.1 1829160
732.5 1829160
733.5 1829128
735.5 1829192
736.0 1829192
736.5 1829192
737.6 1829192
738.8 1829192
739.3 1829192
739.9 1829192
741.5 1829160
743.1 1829160
744.1 1829160
745.4 1829160
746.3 1829160
748.2 1829160
749.0 1829192
749.5 1829192
750.0 1835276
750.5 1835008
751.0 1835040
751.5 1835136
752.0 1835836
752.5 1835664
753.0 1835348
753.5 1835220
754.0 1835724
754.5 1835788
755.0 1836172
755.5 1835556
756.0 1835636
756.5 1835492
757.0 1835540
757.5 1835288
758.0 1834892
758.5 1834784
759.0 1835116
759.5 1835068
760.0 1835284
760.5 1835300
761.0 1835220
761.5 1834936
762.0 1834968
762.5 1834952
763.0 1835316
763.5 1835316
764.0 1835884
764.5 1836056
765.0 1835468
765.5 1835688
766.0 1835452
766.5 1835500
767.0 1835548
767.5 1835500
768.0 1835564
768.5 1835404
769.0 1835500
769.5 1835592
770.0 1835568
770.5 1835584
771.0 1835708
771.5 1835552
772.0 1835488
772.5 1835440
773.0 1835644
773.5 1829500
775.4 1829464
776.9 1829464
778.7 1829464
779.3 1829464
779.9 1829464
781.0 1829464
781.6 1829464
783.1 1829464
784.0 1829496
786.0 1829496
788.3 1829496
790.0 1829496
791.1 1829496
792.2 1829496
793.3 1829496
794.5 1829464
795.0 1835752
795.5 1835500
796.0 1835608
796.5 1835596
797.0 1835564
797.5 1835644
798.0 1835280
798.5 1835248
799.0 1835548
799.5 1835444
800.0 1835680
800.5 1835596
801.0 1835820
801.5 1835756
802.0 1835072
802.5 1835488
803.0 1835172
803.5 1835692
804.0 1835520
804.5 1835552
805.0 1834760
805.5 1834948
806.0 1835168
806.5 1835396
807.0 1835524
807.5 1835696
808.0 1835320
808.5 1835540
809.0 1835664
809.5 1835524
810.0 1834960
810.5 1835148
811.0 1835560
811.5 1835400
812.0 1835684
812.5 1835920
813.0 1835764
813.5 1835748
814.0 1835812
814.5 1835668
815.0 1835792
815.5 1835632
816.0 1835744
816.5 1835728
817.0 1835504
817.5 1835712
818.0 1835664
820.1 1829488
821.7 1829484
823.2 1829484
825.1 1829484
825.7 1829484
826.5 1829484
827.0 1829484
830.5 1829452
831.5 1829452
832.2 1829516
835.1 1829516
837.1 1829516
837.6 1829516
839.1 1829516
839.6 1832368
840.1 1835680
840.6 1835640
841.1 1835496
841.6 1835512
842.1 1835688
842.6 1835164
843.1 1835132
843.6 1835324
844.1 1835480
844.6 1835476
845.1 1835632
845.6 1835508
846.1 1835620
846.6 1835336
847.1 1835352
847.6 1835348
848.1 1835492
848.6 1835176
849.1 1835540
849.6 1835520
850.1 1835708
850.6 1835788
851.1 1835792
851.6 1836008
852.1 1835252
852.6 1835616
853.1 1835756
853.6 1835652
854.1 1835804
854.6 1835624
855.1 1835832
855.6 1835516
856.1 1835608
856.6 1835704
857.1 1835656
857.6 1835736
858.1 1835580
858.6 1835452
859.1 1835532
859.6 1835880
860.1 1835360
860.6 1835520
861.1 1835408
861.6 1835424
862.1 1835724
862.6 1835600
863.1 1833996
865.1 1829556
866.4 1829520
868.7 1829520
869.2 1829520
870.4 1829520
873.7 1829520
876.4 1829520
876.9 1829520
878.2 1829488
879.1 1829552
879.6 1829552
881.9 1829552
882.4 1829552
882.9 1829552
883.5 1829552
884.0 1829552
884.5 1829552
885.0 1835380
885.5 1835080
886.0 1835128
886.5 1835364
887.0 1835492
887.5 1835492
888.0 1835396
888.5 1835680
889.0 1835792
889.5 1835572
890.0 1835392
890.5 1835360
891.0 1835488
891.5 1835580
892.0 1835488
892.5 1835488
893.0 1835680
893.5 1836400
894.0 1835936
894.5 1835684
895.0 1835752
895.5 1835292
896.0 1835436
896.5 1835500
897.0 1835212
897.5 1835072
898.0 1835892
898.5 1835484
899.0 1834916
899.5 1834540
900.0 1834756
900.5 1834864
901.0 1834960
901.5 1834976
902.0 1834724
902.5 1834976
903.0 1835088
903.5 1834772
904.0 1835104
904.5 1835512
905.0 1835420
905.5 1835484
906.0 1835532
906.5 1835560
907.0 1835784
907.5 1835656
908.0 1830300
909.2 1829440
909.8 1829440
910.6 1829436
911.7 1829436
912.3 1829436
913.0 1829436
913.5 1829436
914.8 1829436
915.4 1829436
916.0 1829436
917.2 1829404
917.8 1829404
919.0 1829404
921.5 1829436
922.2 1829436
923.0 1829436
923.5 1829436
924.2 1829436
924.7 1829436
925.5 1829404
926.1 1829404
927.2 1829404
928.2 1829404
929.2 1829404
929.7 1836444
930.2 1835764
930.7 1835780
931.2 1835604
931.7 1835480
932.2 1835448
932.7 1835464
933.2 1836232
933.7 1835480
934.2 1835164
934.7 1834812
935.2 1835240
935.7 1835348
936.2 1835396
936.7 1835880
937.2 1835540
937.7 1835712
938.2 1835396
938.7 1835412
939.2 1835648
939.7 1835408
940.2 1835472
940.7 1835332
941.2 1835188
941.7 1835440
942.2 1835504
942.7 1835392
943.2 1835724
943.7 1835724
944.2 1835628
944.7 1835528
945.2 1835688
945.7 1835592
946.2 1835624
946.7 1835988
947.2 1835720
947.7 1835532
948.2 1835528
948.7 1835688
949.2 1835656
949.7 1835920
950.2 1835716
950.7 1835400
951.2 1835496
951.7 1834992
952.2 1835008
952.7 1835464
953.8 1829720
954.3 1829720
955.3 1829720
956.8 1829716
957.3 1829716
957.8 1829716
959.1 1829716
960.6 1829716
961.8 1829716
964.7 1829684
965.3 1829684
966.3 1829684
966.8 1829716
967.6 1829716
968.5 1829716
970.0 1829716
971.5 1829716
972.1 1829716
972.7 1829716
973.3 1829684
974.3 1829684
974.8 1836896
975.3 1835712
975.8 1835744
976.3 1835348
976.8 1835680
977.3 1835672
977.8 1835800
978.3 1835752
978.8 1835672
979.3 1835660
979.8 1835416
980.3 1835624
980.8 1835592
981.3 1835620
981.8 1835780
982.3 1835636
982.8 1835732
983.3 1835224
983.8 1835556
984.3 1836096
984.8 1835544
985.3 1835516
985.8 1835232
986.3 1835548
986.8 1835484
987.3 1835720
987.8 1835388
988.3 1835544
988.8 1835452
989.3 1835420
989.8 1835524
990.3 1835540
990.8 1835544
991.3 1835288
991.8 1835480
992.3 1835480
992.8 1835620
993.3 1835448
993.8 1835652
994.3 1835544
994.8 1835464
995.3 1835168
995.8 1835088
996.3 1835184
996.8 1834920
997.3 1835428
997.8 1835824
998.3 1829660
999.0 1829660
1000.0 1829660
1001.2 1829656
1002.3 1829624
1003.0 1829624
1003.9 1829624
1005.8 1829624
1006.9 1829624
1007.4 1829624
1008.2 1829624
1008.9 1829656
1009.9 1829656
1010.5 1829656
1011.3 1829624
1011.8 1829624
1012.3 1829624
1012.9 1829624
1014.5 1829624
1015.3 1829624
1016.0 1829624
1016.5 1829624
1017.8 1829592
1018.3 1829592
1018.8 1829656
1019.3 1829656
1019.8 1836020
1020.3 1835716
1020.8 1835800
1021.3 1835352
1021.8 1835304
1022.3 1835244
1022.8 1835812
1023.3 1835936
1023.8 1835556
1024.3 1835780
1024.8 1835896
1025.3 1835680
1025.8 1835664
1026.3 1835760
1026.8 1835744
1027.3 1835696
1027.8 1835728
1028.3 1835632
1028.8 1835760
1029.3 1835792
1029.8 1835344
1030.3 1835360
1030.8 1835392
1031.3 1835440
1031.8 1835708
1032.3 1835424
1032.8 1835376
1033.3 1835424
1033.8 1835488
1034.3 1835584
1034.8 1835688
1035.3 1835688
1035.8 1836412
1036.3 1835704
1036.8 1835720
1037.3 1835624
1037.8 1835368
1038.3 1835800
1038.8 1835640
1039.3 1835800
1039.8 1835604
1040.3 1835732
1040.8 1836156
1041.3 1835604
1041.8 1835732
1042.3 1836252
1042.8 1835496
1043.4 1829584
1043.9 1829584
1044.6 1829584
1046.3 1829548
1048.1 1829548
1048.8 1829548
1050.9 1829612
1051.9 1829612
1052.6 1829612
1053.1 1829612
1053.6 1829612
1054.6 1829612
1055.6 1829580
1056.2 1829580
1058.0 1829580
1058.7 1829580
1059.8 1829580
1060.7 1829580
1062.6 1829580
1063.1 1829644
1063.6 1829612
1064.1 1829612
1064.6 1829612
1065.1 1835532
1065.6 1835388
1066.1 1835388
1066.6 1835248
1067.1 1835200
1067.6 1835152
1068.1 1835072
1068.6 1834788
1069.1 1834948
1069.6 1835876
1070.1 1835684
1070.6 1835748
1071.1 1835716
1071.6 1835384
1072.1 1835304
1072.6 1835352
1073.1 1835336
1073.6 1835476
1074.1 1835556
1074.6 1835508
1075.1 1835632
1075.6 1835552
1076.1 1835680
1076.6 1835648
1077.1 1835536
1077.6 1835584
1078.1 1835648
1078.6 1835536
1079.1 1835640
1079.6 1835568
1080.1 1835612
1080.6 1835660
1081.1 1835092
1081.6 1835140
1082.1 1835752
1082.6 1835376
1083.1 1835548
1083.6 1835724
1084.1 1835944
1084.6 1835644
1085.1 1835736
1085.6 1835720
1086.1 1835640
1086.6 1835860
1087.1 1835416
1087.6 1835564
1088.1 1829376
1088.6 1829376
1089.3 1829376
1091.0 1829372
1091.9 1829372
1092.4 1829340
1095.7 1829340
1097.5 1829404
1101.8 1829404
1102.5 1829404
1104.2 1829404
1107.0 1829404
1108.2 1829372
1108.7 1829372
1109.5 1829372
1110.0 1835412
1110.5 1835828
1111.0 1835716
1111.5 1835636
1112.0 1835540
1112.5 1835524
1113.0 1835668
1113.5 1835588
1114.0 1835592
1114.5 1835904
1115.0 1835744
1115.5 1835252
1116.0 1835396
1116.5 1835492
1117.0 1835288
1117.5 1835176
1118.0 1835064
1118.5 1835096
1119.0 1835488
1119.5 1835756
1120.0 1835424
1120.5 1835576
1121.0 1835548
1121.5 1835596
1122.0 1835504
1122.5 1835960
1123.0 1835392
1123.5 1835248
1124.0 1835012
1124.5 1835296
1125.0 1835364
1125.5 1835348
1126.0 1834936
1126.5 1834876
1127.0 1835428
1127.5 1835508
1128.0 1835332
1128.5 1835048
1129.0 1835520
1129.5 1835284
1130.0 1835660
1130.5 1835644
1131.0 1835644
1131.5 1835628
1132.0 1836084
1132.5 1835740
1133.0 1829548
1135.3 1829256
1137.6 1829256
1138.8 1829256
1140.9 1829256
1143.0 1829320
1143.6 1829288
1144.5 1829288
1145.0 1829288
1147.6 1829288
1148.8 1829288
1150.2 1829288
1151.1 1829288
1152.7 1829288
1153.2 1829288
1154.0 1829256
1154.5 1829256
1155.0 1835548
1155.5 1835372
1156.0 1835796
1156.5 1835672
1157.0 1835168
1157.5 1835560
1158.0 1835672
1158.5 1835704
1159.0 1835844
1159.5 1835592
1160.0 1835588
1160.5 1835540
1161.0 1835504
1161.5 1835580
1162.0 1835800
1162.5 1835848
1163.0 1835928
1163.5 1835660
1164.0 1835612
1164.5 1835684
1165.0 1835592
1165.5 1835656
1166.0 1835828
1166.5 1835608
1167.0 1835764
1167.5 1835576
1168.0 1835560
1168.5 1835704
1169.0 1835560
1169.5 1835720
1170.0 1835444
1170.5 1835476
1171.0 1835604
1171.5 1835112
1172.0 1836084
1172.5 1836040
1173.0 1835928
1173.5 1835928
1174.0 1835500
1174.5 1835612
1175.0 1835780
1175.5 1835924
1176.0 1835576
1176.5 1835656
1177.0 1835496
1177.5 1835892
1178.0 1833640
1180.3 1829764
1182.6 1829760
1183.6 1829760
1184.3 1829760
1184.8 1829728
1186.8 1829728
1187.4 1829728
1187.9 1829728
1189.9 1829728
1190.4 1829728
1192.4 1829728
1193.9 1829760
1195.3 1829760
1198.8 1829760
1199.3 1829760
1199.8 1836132
1200.3 1835524
1200.8 1835824
1201.3 1835288
1201.8 1835100
1202.3 1835304
1202.8 1835320
1203.3 1835368
1203.8 1835020
1204.3 1834988
1204.8 1835364
1205.3 1835552
1205.8 1835696
1206.3 1835820
1206.8 1835884
1207.3 1835708
1207.8 1835692
1208.3 1835584
1208.8 1835680
1209.3 1835740
1209.8 1835564
1210.3 1835468
1210.8 1835264
1211.3 1835356
1211.8 1835636
1212.3 1835776
1212.8 1835904
1213.3 1835572
1213.8 1835684
1214.3 1835524
1214.8 1835888
1215.3 1835956
1215.8 1835560
1216.3 1835592
1216.8 1835464
1217.3 1835696
1217.8 1835552
1218.3 1835520
1218.8 1835504
1219.3 1835648
1219.8 1835628
1220.3 1835548
1220.8 1835784
1221.3 1835488
1221.8 1835864
1225.8 1829768
1227.8 1829768
1229.6 1829768
1230.3 1829768
1232.4 1829736
1233.9 1829736
1234.9 1829736
1236.1 1829736
1238.0 1829768
1240.6 1829768
1241.8 1829768
1243.4 1829768
1244.5 1829736
1245.0 1835592
1245.5 1835560
1246.0 1835260
1246.5 1835244
1247.0 1835544
1247.5 1835560
1248.0 1835432
1248.5 1835276
1249.0 1835244
1249.5 1835088
1250.0 1835304
1250.5 1835208
1251.0 1835336
1251.5 1835240
1252.0 1835428
1252.5 1835432
1253.0 1835820
1253.5 1835752
1254.0 1835992
1254.5 1835724
1255.0 1835576
1255.5 1835480
1256.0 1835688
1256.5 1835228
1257.0 1835024
1257.5 1835056
1258.0 1835008
1258.5 1835404
1259.0 1835116
1259.5 1835340
1260.0 1835272
1260.5 1835400
1261.0 1835256
1261.5 1835304
1262.0 1835572
1262.5 1835540
1263.0 1835556
1263.5 1835476
1264.0 1835684
1264.5 1835668
1265.0 1835456
1265.5 1835712
1266.0 1835772
1266.5 1835804
1267.0 1829572
1269.3 1829636
1270.6 1829600
1272.5 1829600
1273.6 1829600
1274.8 1829600
1275.3 1829600
1276.2 1829600
1277.2 1829600
1278.0 1829600
1278.6 1829600
1279.6 1829568
1280.7 1829568
1281.5 1829568
1285.1 1829600
1287.2 1829600
1289.3 1829600
1289.8 1835716
1290.3 1835680
1290.8 1835588
1291.3 1835904
1291.8 1835604
1292.3 1835444
1292.8 1835524
1293.3 1835588
1293.8 1836500
1294.3 1835684
1294.8 1835664
1295.3 1835676
1295.8 1835900
1296.3 1835740
1296.8 1835836
1297.3 1835556
1297.8 1835324
1298.3 1835356
1298.8 1835244
1299.3 1835592
1299.8 1835540
1300.3 1835492
1300.8 1835760
1301.3 1835792
1301.8 1835728
1302.3 1835872
1302.8 1836108
1303.3 1835712
1303.8 1835792
1304.3 1835824
1304.8 1835628
1305.3 1836120
1305.8 1836024
1306.3 1835900
1306.8 1835724
1307.3 1835344
1307.8 1835952
1308.3 1835820
1308.8 1835756
1309.3 1835488
1309.8 1835084
1310.3 1835180
1310.8 1835068
1311.3 1835288
1311.8 1834628
1312.3 1829120
1312.8 1829088
1315.5 1829084
1317.3 1829084
1318.8 1829084
1322.5 1829084
1326.1 1829084
1328.0 1829116
1328.5 1829116
1330.3 1829116
1330.8 1829116
1332.7 1829116
1334.5 1829116
1335.0 1835204
1335.5 1834888
1336.0 1835080
1336.5 1835584
1337.0 1835592
1337.5 1835512
1338.0 1835528
1338.5 1835416
1339.0 1835956
1339.5 1835592
1340.0 1835872
1340.5 1835368
1341.0 1835208
1341.5 1835572
1342.0 1835476
1342.5 1836140
1343.0 1835428
1343.5 1835540
1344.0 1835348
1344.5 1835792
1345.0 1835944
1345.5 1835804
1346.0 1836328
1346.5 1836104
1347.0 1835556
1347.5 1835660
1348.0 1835756
1348.5 1835836
1349.0 1835676
1349.5 1835376
1350.0 1835216
1350.5 1835612
1351.0 1835672
1351.5 1835580
1352.0 1835532
1352.5 1835532
1353.0 1835484
1353.5 1835896
1354.0 1835468
1354.5 1835468
1355.0 1835972
1355.5 1835592
1356.0 1835700
1356.5 1835876
1357.0 1829476
1359.4 1829476
1360.0 1829472
1360.5 1829472
1361.0 1829472
1361.9 1829504
1365.5 1829472
1367.3 1829472
1369.1 1829472
1370.0 1829472
1371.8 1829472
1374.0 1829472
1374.5 1829472
1375.0 1829472
1376.3 1829440
1378.5 1829440
1379.3 1829440
1379.8 1829440
1380.3 1835412
1380.8 1835444
1381.3 1835680
1381.8 1835792
1382.3 1835572
1382.8 1835816
1383.3 1835720
1383.8 1835576
1384.3 1835540
1384.8 1835240
1385.3 1835136
1385.8 1835264
1386.3 1835528
1386.8 1835624
1387.3 1835940
1387.8 1835860
1388.3 1835608
1388.8 1835228
1389.3 1835308
1389.8 1835244
1390.3 1835240
1390.8 1835492
1391.3 1835272
1391.8 1835304
1392.3 1835180
1392.8 1836636
1393.3 1835676
1393.8 1835076
1394.3 1835328
1394.8 1835548
1395.3 1835908
1395.8 1835528
1396.3 1835512
1396.8 1835576
1397.3 1835528
1397.8 1835544
1398.3 1835720
1398.8 1835416
1399.3 1835624
1399.8 1835532
1400.3 1835240
1400.8 1835492
1401.3 1835728
1401.8 1835584
1402.3 1829336
1403.9 1829336
1405.6 1829332
1406.1 1829332
1410.6 1829332
1412.5 1829364
1413.6 1829332
1414.7 1829332
1416.0 1829332
1418.2 1829332
1419.7 1829332
1420.2 1829332
1421.7 1829332
1422.2 1829332
1423.7 1829300
1424.5 1829300
1425.0 1835512
1425.5 1835384
1426.0 1835640
1426.5 1835228
1427.0 1835512
1427.5 1835732
1428.0 1835072
1428.5 1835040
1429.0 1835008
1429.5 1834976
1430.0 1835392
1430.5 1835800
1431.0 1835672
1431.5 1835324
1432.0 1835516
1432.5 1835500
1433.0 1835628
1433.5 1835580
1434.0 1835688
1434.5 1835532
1435.0 1835732
1435.5 1835464
1436.0 1835292
1436.5 1835196
1437.0 1835512
1437.5 1835844
1438.0 1835464
1438.5 1835448
1439.0 1835624
1439.5 1835480
1440.0 1835564
1440.5 1834884
1441.0 1835092
1441.5 1835092
1442.0 1834824
1442.5 1834792
1443.0 1834680
1443.5 1834396
1444.0 1834776
1444.5 1834824
1445.0 1835416
1445.5 1835404
1446.0 1835120
1446.5 1834676
1447.0 1828988
1447.8 1828956
1448.7 1828956
1449.7 1828956
1450.5 1828952
1451.1 1828952
1451.7 1828952
1452.5 1828952
1453.4 1828952
1454.3 1828920
1454.8 1828920
1455.8 1828920
1456.8 1828920
1457.5 1828920
1458.0 1828920
1458.9 1828952
1459.6 1828952
1460.6 1828952
1461.6 1828920
1463.0 1828920
1464.1 1828920
1464.9 1828920
1465.4 1828920
1466.1 1828920
1466.8 1828920
1467.3 1828920
1468.8 1828888
1469.5 1828888
1470.0 1835012
1470.5 1834868
1471.0 1834580
1471.5 1835144
1472.0 1835444
1472.5 1835476
1473.0 1835128
1473.5 1835240
1474.0 1835824
1474.5 1835676
1475.0 1835356
1475.5 1835732
1476.0 1835432
1476.5 1835448
1477.0 1835496
1477.5 1835400
1478.0 1835432
1478.5 1835684
1479.0 1835700
1479.5 1835496
1480.0 1835776
1480.5 1835604
1481.0 1835776
1481.5 1835144
1482.0 1835508
1482.5 1835492
1483.0 1835492
1483.5 1835568
1484.0 1835648
1484.5 1835428
1485.0 1835644
1485.5 1835504
1486.0 1835772
1486.5 1835644
1487.0 1835756
1487.5 1835692
1488.0 1835740
1488.5 1835424
1489.0 1835424
1489.5 1835676
1490.0 1835688
1490.5 1835484
1491.0 1835592
1491.5 1835232
1492.0 1828968
1493.6 1828968
1494.2 1828968
1495.0 1828968
1496.7 1828964
1497.5 1828964
1498.3 1828964
1498.8 1828964
1499.3 1828964
1501.4 1828932
1502.1 1828932
1502.6 1828932
1503.6 1828964
1504.3 1828964
1504.8 1828964
1505.8 1828964
1507.0 1828964
1507.6 1828964
1508.2 1828964
1508.7 1828932
1509.2 1828932
1510.3 1828932
1511.0 1828932
1511.5 1828932
1512.5 1828932
1513.4 1828932
1513.9 1828964
1514.5 1828964
1515.0 1835180
1515.5 1835320
1516.0 1835368
1516.5 1835684
1517.0 1835716
1517.5 1835700
1518.0 1835540
1518.5 1835512
1519.0 1835968
1519.5 1835308
1520.0 1835200
1520.5 1835040
1521.0 1835768
1521.5 1835580
1522.0 1836568
1522.5 1835924
1523.0 1835700
1523.5 1835500
1524.0 1835576
1524.5 1835580
1525.0 1835652
1525.5 1834952
1526.0 1835716
1526.5 1835164
1527.0 1835368
1527.5 1835304
1528.0 1835368
1528.5 1835304
1529.0 1834644
1529.5 1834928
1530.0 1835380
1530.5 1835792
1531.0 1835492
1531.5 1835680
1532.0 1835508
1532.5 1835508
1533.0 1835460
1533.5 1835272
1534.0 1835064
1534.5 1835332
1535.0 1835328
1535.5 1835344
1536.0 1835268
1536.5 1834920
1537.0 1829412
1538.2 1829380
1539.1 1829380
1539.9 1829380
1540.5 1829380
1541.0 1829376
1541.9 1829376
1542.5 1829376
1543.1 1829376
1544.1 1829376
1544.7 1829376
1545.3 1829376
1545.9 1829344
1546.8 1829408
1547.5 1829408
1548.0 1829408
1548.5 1829408
1549.2 1829408
1549.7 1829408
1550.4 1829376
1551.3 1829376
1551.8 1829376
1552.5 1829376
1553.2 1829376
1553.9 1829376
1554.4 1829376
1554.9 1829376
1556.8 1829440
1557.6 1829408
1559.3 1829408
1559.8 1835528
1560.3 1835048
1560.8 1835208
1561.3 1835440
1561.8 1835696
1562.3 1835760
1562.8 1835444
1563.3 1835492
1563.8 1835760
1564.3 1835776
1564.8 1835636
1565.3 1835968
1565.8 1835636
1566.3 1835416
1566.8 1835196
1567.3 1835400
1567.8 1835448
1568.3 1835004
1568.8 1835796
1569.3 1835496
1569.8 1835444
1570.3 1835760
1570.8 1835748
1571.3 1835696
1571.8 1835916
1572.3 1835664
1572.8 1835916
1573.3 1835744
1573.8 1835648
1574.3 1835808
1574.8 1835960
1575.3 1835580
1575.8 1835252
1576.3 1835032
1576.8 1835220
1577.3 1835408
1577.8 1835456
1578.3 1835660
1578.8 1835676
1579.3 1835364
1579.8 1835240
1580.3 1835744
1580.8 1835728
1581.3 1835664
1581.8 1835192
1582.7 1829156
1585.0 1829156
1587.3 1829152
1590.3 1829152
1591.0 1829152
1592.5 1829152
1595.6 1829184
1596.1 1829184
1596.6 1829184
1597.1 1829184
1598.3 1829184
1598.9 1829184
1602.5 1829184
1603.4 1829152
1604.5 1829152
1605.0 1835652
1605.5 1835700
1606.0 1835512
1606.5 1835432
1607.0 1835448
1607.5 1835432
1608.0 1835432
1608.5 1835352
1609.0 1835336
1609.5 1835336
1610.0 1835428
1610.5 1835524
1611.0 1836012
1611.5 1835460
1612.0 1835100
1612.5 1835428
1613.0 1835412
1613.5 1835036
1614.0 1835084
1614.5 1835428
1615.0 1835740
1615.5 1835376
1616.0 1835504
1616.5 1835188
1617.0 1834764
1617.5 1835204
1618.0 1835172
1618.5 1834792
1619.0 1834904
1619.5 1834952
1620.0 1835364
1620.5 1835524
1621.0 1836044
1621.5 1835680
1622.0 1835364
1622.5 1835092
1623.0 1835304
1623.5 1835524
1624.0 1835572
1624.5 1835696
1625.0 1835384
1625.5 1835212
1626.0 1834976
1626.5 1834944
1627.0 1829184
1627.5 1829152
1629.2 1829152
1630.4 1829148
1631.7 1829148
1632.5 1829148
1636.5 1829148
1638.6 1829148
1639.2 1829212
1639.7 1829180
1641.3 1829180
1642.3 1829180
1643.8 1829180
1644.6 1829180
1645.2 1829180
1645.8 1829180
1646.9 1829180
1647.4 1829148
1647.9 1829148
1648.8 1829148
1649.5 1829148
1650.0 1835216
1650.5 1835436
1651.0 1835292
1651.5 1835340
1652.0 1835800
1652.5 1835292
1653.0 1835892
1653.5 1835672
1654.0 1835720
1654.5 1835340
1655.0 1835432
1655.5 1835572
1656.0 1835496
1656.5 1835432
1657.0 1835400
1657.5 1835684
1658.0 1835368
1658.5 1834924
1659.0 1835224
1659.5 1835368
1660.0 1835284
1660.5 1835428
1661.0 1835080
1661.5 1835616
1662.0 1835964
1662.5 1835428
1663.0 1835408
1663.5 1835600
1664.0 1835536
1664.5 1835316
1665.0 1835360
1665.5 1835660
1666.0 1835660
1666.5 1835532
1667.0 1835660
1667.5 1835452
1668.0 1835124
1668.5 1835392
1669.0 1835692
1669.5 1835612
1670.0 1835640
1670.5 1835688
1671.0 1835796
1671.5 1836160
1672.3 1829408
1673.1 1829408
1675.3 1829468
1677.2 1829468
1679.1 1829468
1679.7 1829468
1680.4 1829468
1682.4 1829436
1683.6 1829436
1685.8 1829436
1686.4 1829436
1687.2 1829436
1688.5 1829436
1689.7 1829436
1690.2 1829436
1691.1 1829436
1694.5 1829468
1695.0 1835408
1695.5 1835488
1696.0 1835352
1696.5 1835464
1697.0 1835336
1697.5 1835240
1698.0 1835700
1698.5 1835620
1699.0 1835620
1699.5 1835556
1700.0 1835236
1700.5 1835428
1701.0 1835428
1701.5 1835396
1702.0 1835744
1702.5 1835552
1703.0 1835268
1703.5 1835536
1704.0 1835552
1704.5 1835964
1705.0 1835732
1705.5 1835668
1706.0 1835684
1706.5 1835716
1707.0 1835400
1707.5 1835432
1708.0 1835196
1708.5 1834848
1709.0 1835368
1709.5 1835716
1710.0 1835592
1710.5 1835592
1711.0 1835624
1711.5 1835468
1712.0 1835656
1712.5 1835324
1713.0 1835324
1713.5 1835448
1714.0 1835356
1714.5 1835436
1715.0 1835352
1715.5 1835148
1716.0 1835556
1716.5 1835384
1717.0 1829608
1717.5 1829640
1718.0 1829640
1718.5 1829640
1719.0 1829640
1719.9 1829640
1723.7 1829604
1725.7 1829604
1726.9 1829604
1729.0 1829604
1730.1 1829604
1732.3 1829604
1733.2 1829604
1733.7 1829604
1736.2 1829636
1738.2 1829636
1739.3 1829636
1739.8 1835836
1740.3 1835244
1740.8 1835560
1741.3 1835416
1741.8 1835720
1742.3 1835592
1742.8 1835640
1743.3 1835196
1743.8 1835672
1744.3 1835496
1744.8 1835672
1745.3 1835280
1745.8 1835564
1746.3 1835588
1746.8 1835444
1747.3 1835476
1747.8 1835636
1748.3 1835588
1748.8 1835540
1749.3 1835540
1749.8 1835552
1750.3 1835680
1750.8 1835568
1751.3 1835552
1751.8 1835536
1752.3 1835460
1752.8 1835552
1753.3 1835424
1753.8 1835252
1754.3 1835300
1754.8 1835328
1755.3 1835108
1755.8 1835188
1756.3 1835156
1756.8 1835076
1757.3 1834712
1757.8 1835012
1758.3 1835660
1758.8 1835468
1759.3 1835548
1759.8 1835608
1760.3 1836192
1760.8 1835876
1761.3 1835624
1761.8 1834280
1762.3 1829352
1762.8 1829352
1763.3 1829352
1764.3 1829352
1764.9 1829352
1765.7 1829348
1767.0 1829348
1767.6 1829316
1769.0 1829316
1770.8 1829380
1772.7 1829380
1773.3 1829380
1774.1 1829380
1774.7 1829380
1775.2 1829380
1776.0 1829348
1777.1 1829348
1779.2 1829348
1781.7 1829348
1782.7 1829348
1783.8 1829348
1784.5 1829348
1785.0 1835376
1785.5 1835676
1786.0 1835736
1786.5 1835564
1787.0 1835264
1787.5 1835532
1788.0 1835768
1788.5 1835452
1789.0 1835532
1789.5 1835612
1790.0 1835592
1790.5 1835908
1791.0 1835860
1791.5 1835512
1792.0 1835464
1792.5 1835512
1793.0 1835592
1793.5 1835772
1794.0 1835772
1794.5 1835156
1795.0 1835660
1795.5 1835816
1796.0 1835388
1796.5 1835344
1797.0 1835612
1797.5 1835800
1798.0 1835500
1798.5 1835848
1799.0 1835792
1799.5 1835572
1800.0 1835744
1800.5 1835300
1801.0 1835332
1801.5 1835316
1802.0 1835284
1802.5 1835156
1803.0 1835348
1803.5 1835460
1804.0 1834892
1804.5 1835048
1805.0 1835252
1805.5 1835360
1806.0 1835644
1806.5 1835516
1807.0 1830216
1808.0 1829480
1808.5 1829480
1809.0 1829480
1809.5 1829448
1810.5 1829448
1811.4 1829444
1812.7 1829444
1814.3 1829444
1816.2 1829444
1817.0 1829444
1818.1 1829444
1818.6 1829412
1820.9 1829412
1821.6 1829476
1822.1 1829476
1823.1 1829476
1823.8 1829476
1824.3 1829476
1824.9 1829476
1825.4 1829476
1826.3 1829444
1828.1 1829444
1829.4 1829444
1829.9 1835256
1830.4 1835112
1830.9 1835300
1831.4 1835440
1831.9 1835584
1832.4 1835584
1832.9 1835760
1833.4 1835268
1833.9 1834620
1834.4 1834812
1834.9 1835028
1835.4 1835312
1835.9 1835548
1836.4 1835624
1836.9 1835928
1837.4 1835548
1837.9 1835016
1838.4 1835408
1838.9 1835296
1839.4 1835564
1839.9 1835804
1840.4 1835520
1840.9 1835740
1841.4 1835936
1841.9 1835892
1842.4 1835608
1842.9 1835512
1843.4 1835528
1843.9 1835656
1844.4 1835452
1844.9 1835368
1845.4 1835372
1845.9 1835492
1846.4 1835652
1846.9 1835588
1847.4 1835492
1847.9 1835856
1848.4 1835684
1848.9 1835632
1849.4 1835540
1849.9 1835928
1850.4 1835564
1850.9 1835708
1851.4 1836024
1851.9 1835440
1853.8 1829276
1854.7 1829276
1855.2 1829276
1856.5 1829332
1857.2 1829300
1857.8 1829300
1858.7 1829300
1859.3 1829300
1859.8 1829300
1860.8 1829300
1861.3 1829300
1861.9 1829300
1862.4 1829300
1864.1 1829268
1865.5 1829268
1866.6 1829268
1868.6 1829300
1869.6 1829300
1872.0 1829300
1873.1 1829300
1874.1 1829268
1874.6 1832444
1875.1 1835224
1875.6 1835428
1876.1 1835508
1876.6 1835304
1877.1 1835116
1877.6 1835256
1878.1 1835256
1878.6 1835588
1879.1 1835428
1879.6 1835360
1880.1 1835500
1880.6 1835564
1881.1 1835420
1881.6 1835312
1882.1 1835824
1882.6 1835920
1883.1 1836060
1883.6 1835636
1884.1 1835808
1884.6 1835392
1885.1 1835492
1885.6 1835460
1886.1 1835712
1886.6 1835348
1887.1 1835492
1887.6 1835508
1888.1 1835652
1888.6 1835776
1889.1 1835620
1889.6 1835644
1890.1 1835216
1890.6 1834884
1891.1 1834964
1891.6 1834792
1892.1 1834744
1892.6 1834648
1893.1 1834664
1893.6 1834476
1894.1 1835768
1894.6 1835912
1895.1 1835792
1895.6 1835792
1896.1 1835664
1896.6 1835792
1897.1 1829676
1897.8 1829684
1899.1 1829984
1900.3 1829984
1900.8 1829984
1902.3 1829984
1903.2 1829984
1904.8 1829980
1905.3 1829980
1906.7 1829980
1907.5 1829948
1908.0 1829948
1908.5 1830012
1909.8 1830012
1911.8 1830012
1912.9 1830012
1914.8 1830012
1916.7 1830012
1917.5 1830012
1919.5 1829980
1920.0 1836000
1920.5 1836064
1921.0 1835988
1921.5 1835664
1922.0 1835868
1922.5 1836216
1923.0 1836356
1923.5 1835584
1924.0 1835820
1924.5 1835836
1925.0 1835756
1925.5 1835092
1926.0 1835376
1926.5 1835864
1927.0 1835864
1927.5 1836084
1928.0 1835864
1928.5 1835672
1929.0 1835872
1929.5 1836036
1930.0 1835840
1930.5 1835828
1931.0 1836156
1931.5 1836264
1932.0 1835808
1932.5 1835712
1933.0 1835492
1933.5 1835840
1934.0 1835556
1934.5 1835380
1935.0 1835612
1935.5 1835452
1936.0 1835044
1936.5 1835376
1937.0 1835152
1937.5 1835328
1938.0 1835500
1938.5 1835548
1939.0 1835784
1939.5 1835928
1940.0 1835872
1940.5 1836156
1941.0 1836028
1941.5 1835696
1942.0 1835632
1942.5 1829668
1943.0 1829636
1943.9 1829636
1944.4 1829636
1944.9 1829628
1945.8 1829628
1946.3 1829628
1946.8 1829628
1947.3 1829628
1947.8 1829628
1948.3 1829596
1949.0 1829660
1949.7 1829660
1950.2 1829660
1950.7 1829660
1951.2 1829660
1951.7 1829660
1952.2 1829660
1952.7 1829660
1953.2 1829628
1953.7 1829628
1954.2 1829628
1955.0 1829628
1955.5 1829628
1956.0 1829628
1956.5 1829628
1957.0 1829628
1957.5 1829660
1958.0 1829628
1958.5 1829628
1959.0 1829628
1959.5 1829628
1960.3 1829628
1960.8 1829628
1961.3 1829628
1964.5 1829628
1965.0 1835556
1965.5 1835540
1966.0 1835632
1966.5 1835872
1967.0 1835856
1967.5 1835444
1968.0 1835872
1968.5 1835572
1969.0 1835320
1969.5 1835428
1970.0 1835864
1970.5 1835672
1971.0 1835688
1971.5 1836612
1972.0 1835664
1972.5 1836028
1973.0 1835872
1973.5 1835696
1974.0 1835808
1974.5 1835948
1975.0 1836196
1975.5 1835564
1976.0 1835736
1976.5 1835896
1977.0 1836288
1977.5 1836020
1978.0 1835956
1978.5 1835184
1979.0 1834964
1979.5 1834884
1980.0 1835948
1980.5 1835648
1981.0 1835600
1981.5 1835776
1982.0 1835932
1982.5 1835632
1983.0 1835964
1983.5 1836012
1984.0 1835728
1984.5 1835996
1985.0 1835940
1985.5 1836004
1986.0 1836116
1986.5 1836004
1987.0 1829644
1987.5 1829612
1991.2 1829572
1993.0 1829572
1993.5 1829636
1994.0 1829636
1994.5 1829636
1996.7 1829636
1998.1 1829636
1999.9 1829636
2000.4 1829636
2001.2 1829604
2002.5 1829604
2003.0 1829604
2003.5 1829604
2004.1 1829604
2004.6 1829604
2005.1 1829604
2007.0 1829636
2007.5 1829636
2008.0 1829636
2009.5 1829636
2010.0 1835852
2010.5 1835932
2011.0 1835948
2011.5 1835524
2012.0 1836004
2012.5 1836004
2013.0 1835860
2013.5 1835960
2014.0 1835516
2014.5 1835752
2015.0 1835460
2015.5 1835808
2016.0 1835680
2016.5 1835760
2017.0 1835916
2017.5 1836360
2018.0 1835696
2018.5 1835980
2019.0 1835996
2019.5 1835980
2020.0 1835972
2020.5 1835908
2021.0 1835988
2021.5 1835924
2022.0 1835844
2022.5 1835940
2023.0 1836020
2023.5 1835656
2024.0 1835892
2024.5 1835876
2025.0 1835760
2025.5 1835580
2026.0 1835908
2026.5 1835924
2027.0 1835784
2027.5 1836068
2028.0 1836068
2028.5 1835940
2029.0 1836256
2029.5 1835908
2030.0 1835932
2030.5 1835956
2031.0 1835972
2031.5 1835720
2032.0 1830008
2032.5 1830008
2034.7 1830008
2036.5 1830000
2037.0 1830000
2037.9 1830000
2038.4 1830000
2039.3 1830000
2039.8 1829968
2040.3 1829968
2040.8 1829968
2041.3 1829968
2041.8 1829968
2043.7 1830000
2045.6 1830000
2046.1 1830000
2046.6 1829968
2048.5 1829968
2052.2 1829968
2054.5 1829968
2055.0 1835860
2055.5 1836036
2056.0 1836020
2056.5 1835924
2057.0 1836004
2057.5 1836224
2058.0 1835640
2058.5 1835720
2059.0 1835468
2059.5 1835640
2060.0 1835760
2060.5 1835380
2061.0 1835332
2061.5 1835792
2062.0 1835648
2062.5 1835664
2063.0 1835928
2063.5 1836392
2064.0 1836040
2064.5 1836152
2065.0 1835940
2065.5 1836080
2066.0 1836100
2066.5 1836224
2067.0 1836368
2067.5 1835956
2068.0 1835248
2068.5 1835452
2069.0 1835484
2069.5 1835736
2070.0 1835984
2070.5 1835856
2071.0 1835760
2071.5 1836184
2072.0 1836768
2072.5 1835740
2073.0 1835744
2073.5 1835616
2074.0 1835900
2074.5 1835648
2075.0 1835736
2075.5 1835864
2076.0 1835892
2076.5 1835656
2077.0 1829220
2077.5 1828996
2078.0 1828996
2078.5 1828996
2080.0 1828996
2080.5 1828988
2081.0 1828988
2081.5 1828956
2082.0 1828956
2082.5 1828956
2083.0 1828956
2083.9 1828956
2085.6 1828956
2086.3 1828956
2088.2 1828988
2090.1 1828988
2090.6 1828988
2091.1 1828988
2093.0 1828956
2096.6 1828956
2098.5 1828956
2099.0 1828956
2099.5 1828956
2100.0 1835388
2100.5 1835356
2101.0 1835792
2101.5 1835636
2102.0 1836284
2102.5 1836112
2103.0 1835956
2103.5 1835860
2104.0 1835576
2104.5 1836304
2105.0 1835932
2105.5 1836280
2106.0 1835948
2106.5 1835964
2107.0 1836296
2107.5 1836248
2108.0 1836168
2108.5 1835824
2109.0 1835680
2109.5 1835776
2110.0 1835752
2110.5 1835624
2111.0 1835752
2111.5 1836288
2112.0 1835812
2112.5 1836600
2113.0 1836716
2113.5 1836072
2114.0 1836248
2114.5 1835840
2115.0 1836004
2115.5 1835988
2116.0 1835924
2116.5 1835656
2117.0 1836036
2117.5 1836208
2118.0 1836256
2118.5 1836224
2119.0 1835860
2119.5 1835796
2120.0 1836028
2120.5 1835804
2121.0 1835900
2121.5 1836200
2122.0 1830120
2122.5 1829896
2123.0 1829896
2123.5 1829928
2126.4 1829920
2130.4 1829920
2130.9 1829920
2131.4 1829920
2131.9 1829920
2133.8 1829920
2134.3 1829920
2136.5 1829888
2138.1 1829888
2138.7 1829888
2140.5 1829920
2141.0 1829920
2141.9 1829920
2142.4 1829920
2144.2 1829888
2144.7 1829888
2145.2 1835860
2145.7 1835780
2146.2 1835496
2146.7 1835576
2147.2 1835812
2147.7 1835860
2148.2 1835828
2148.7 1835860
2149.2 1835876
2149.7 1835592
2150.2 1835948
2150.7 1834968
2151.2 1835244
2151.7 1835360
2152.2 1835584
2152.7 1835600
2153.2 1836184
2153.7 1835772
2154.2 1835820
2154.7 1836056
2155.2 1836476
2155.7 1836176
2156.2 1836176
2156.7 1835780
2157.2 1835672
2157.7 1835828
2158.2 1835860
2158.7 1836000
2159.2 1836016
2159.7 1835828
2160.2 1835772
2160.7 1835424
2161.2 1835568
2161.7 1835820
2162.2 1835804
2162.7 1835788
2163.2 1835648
2163.7 1835456
2164.2 1835680
2164.7 1835616
2165.2 1835452
2165.7 1835164
2166.2 1835528
2166.7 1835512
2167.2 1829580
2167.8 1829580
2168.3 1829580
2168.8 1829580
2169.8 1829580
2170.3 1829580
2170.8 1829572
2173.0 1829604
2173.5 1829604
2174.4 1829572
2176.3 1829572
2178.1 1829572
2178.8 1829572
2179.3 1829572
2179.8 1829572
2180.3 1829572
2180.8 1829572
2181.3 1829572
2181.8 1829540
2183.0 1829540
2183.5 1829540
2184.0 1829604
2185.8 1829604
2186.3 1829604
2186.8 1829604
2187.3 1829604
2188.1 1829604
2188.9 1829572
2189.4 1829572
2189.9 1835560
2190.4 1835796
2190.9 1835844
2191.4 1835972
2191.9 1835796
2192.4 1835780
2192.9 1835732
2193.4 1835544
2193.9 1835528
2194.4 1835464
2194.9 1835520
2195.4 1835528
2195.9 1835448
2196.4 1835672
2196.9 1835544
2197.4 1835352
2197.9 1835616
2198.4 1835884
2198.9 1836152
2199.4 1835940
2199.9 1835876
2200.4 1835828
2200.9 1835544
2201.4 1835640
2201.9 1835940
2202.4 1835464
2202.9 1835844
2203.4 1835668
2203.9 1835748
2204.4 1835880
2204.9 1836008
2205.4 1836056
2205.9 1835756
2206.4 1835740
2206.9 1835648
2207.4 1835428
2207.9 1835332
2208.4 1835348
2208.9 1835204
2209.4 1835196
2209.9 1835308
2210.4 1835420
2210.9 1835212
2211.4 1835420
2211.9 1834620
2212.4 1829256
2212.9 1829256
2213.4 1829256
2214.5 1829256
2215.0 1829248
2216.1 1829248
2216.6 1829248
2217.8 1829248
2218.3 1829248
2218.9 1829216
2219.4 1829216
2219.9 1829216
2220.4 1829216
2220.9 1829216
2221.4 1829216
2222.6 1829248
2223.1 1829248
2223.6 1829248
2224.1 1829216
2224.6 1829216
2225.1 1829216
2225.6 1829216
2226.1 1829216
2226.6 1829216
2227.8 1829216
2228.3 1829216
2228.8 1829216
2229.3 1829216
2229.8 1829248
2230.3 1829248
2230.8 1829248
2231.3 1829248
2231.8 1829248
2232.3 1829248
2234.5 1829248
2235.0 1835324
2235.5 1835324
2236.0 1835260
2236.5 1835684
2237.0 1835700
2237.5 1835148
2238.0 1835244
2238.5 1835088
2239.0 1835728
2239.5 1835340
2240.0 1835472
2240.5 1835976
2241.0 1835756
2241.5 1835708
2242.0 1835788
2242.5 1835960
2243.0 1835960
2243.5 1836324
2244.0 1835896
2244.5 1835868
2245.0 1835960
2245.5 1835916
2246.0 1836008
2246.5 1835692
2247.0 1835772
2247.5 1835880
2248.0 1835928
2248.5 1835960
2249.0 1835880
2249.5 1835124
2250.0 1835468
2250.5 1835484
2251.0 1835436
2251.5 1835592
2252.0 1835516
2252.5 1835816
2253.0 1836036
2253.5 1836084
2254.0 1836068
2254.5 1835720
2255.0 1835632
2255.5 1835584
2256.0 1835744
2256.5 1835696
2257.0 1830364
2257.5 1829836
2258.5 1829836
2259.0 1829836
2261.7 1829796
2264.7 1829796
2266.6 1829796
2268.5 1829796
2269.0 1829796
2269.5 1829796
2271.4 1829796
2273.3 1829828
2277.0 1829828
2278.9 1829828
2279.5 1829828
2280.0 1835856
2280.5 1835508
2281.0 1835884
2281.5 1835804
2282.0 1835884
2282.5 1835956
2283.0 1835624
2283.5 1835940
2284.0 1836036
2284.5 1836036
2285.0 1835712
2285.5 1835744
2286.0 1835760
2286.5 1835868
2287.0 1835932
2287.5 1835948
2288.0 1835712
2288.5 1835712
2289.0 1835364
2289.5 1835176
2290.0 1835536
2290.5 1835472
2291.0 1835328
2291.5 1835628
2292.0 1835724
2292.5 1835960
2293.0 1835896
2293.5 1835864
2294.0 1836084
2294.5 1835596
2295.0 1835736
2295.5 1835524
2296.0 1835972
2296.5 1835844
2297.0 1836032
2297.5 1836020
2298.0 1835484
2298.5 1835120
2299.0 1835216
2299.5 1835168
2300.0 1834624
2300.5 1834956
2301.0 1835632
2301.5 1835736
2302.0 1830380
2302.5 1830076
2304.4 1830076
2306.3 1830068
2306.8 1830068
2307.3 1830068
2309.2 1830036
2309.7 1830036
2310.2 1830036
2310.7 1830036
2312.5 1830100
2314.3 1830100
2314.8 1830100
2316.7 1830100
2318.6 1830100
2321.5 1830068
2323.4 1830068
2324.5 1830068
2325.0 1836092
2325.5 1836028
2326.0 1836312
2326.5 1835632
2327.0 1835648
2327.5 1835932
2328.0 1835824
2328.5 1835680
2329.0 1835336
2329.5 1836028
2330.0 1835656
2330.5 1835688
2331.0 1836176
2331.5 1835924
2332.0 1836096
2332.5 1835892
2333.0 1835924
2333.5 1835688
2334.0 1835608
2334.5 1836192
2335.0 1835964
2335.5 1835568
2336.0 1835980
2336.5 1835884
2337.0 1835804
2337.5 1835980
2338.0 1835852
2338.5 1836372
2339.0 1836644
2339.5 1836404
2340.0 1835860
2340.5 1836036
2341.0 1835860
2341.5 1835672
2342.0 1835544
2342.5 1835624
2343.0 1835972
2343.5 1835892
2344.0 1835892
2344.5 1835736
2345.0 1835680
2345.5 1835840
2346.0 1835900
2346.5 1835852
2347.0 1829920
2347.5 1829920
2348.0 1829920
2348.8 1829920
2349.3 1829920
2349.8 1829920
2350.3 1830164
2352.6 1829912
2354.1 1829880
2359.5 1829944
2363.1 1829944
2363.6 1829944
2365.4 1829944
2366.5 1829944
2368.4 1829912
2369.5 1829912
2370.0 1835712
2370.5 1835648
2371.0 1835616
2371.5 1835964
2372.0 1836168
2372.5 1835500
2373.0 1835752
2373.5 1835420
2374.0 1835560
2374.5 1835924
2375.0 1835520
2375.5 1835900
2376.0 1835948
2376.5 1835916
2377.0 1836012
2377.5 1836120
2378.0 1836352
2378.5 1835740
2379.0 1835600
2379.5 1835224
2380.0 1835420
2380.5 1835608
2381.0 1835844
2381.5 1835988
2382.0 1835796
2382.5 1836020
2383.0 1835908
2383.5 1835892
2384.0 1836020
2384.5 1835876
2385.0 1835696
2385.5 1835836
2386.0 1835900
2386.5 1835948
2387.0 1836044
2387.5 1835808
2388.0 1835680
2388.5 1835380
2389.0 1835648
2389.5 1836136
2390.0 1835828
2390.5 1836304
2391.0 1836160
2391.5 1836176
2392.0 1830308
2392.5 1830212
2393.0 1830212
2394.9 1830212
2396.7 1830204
2398.6 1830204
2399.1 1830204
2399.6 1830172
2400.1 1830172
2403.7 1830172
2404.2 1830172
2404.7 1830172
2405.2 1830172
2405.7 1830204
2406.2 1830204
2406.7 1830172
2407.2 1830172
2407.7 1830172
2408.2 1830172
2408.7 1830172
2409.2 1830172
2409.7 1830172
2410.2 1830172
2411.0 1830172
2411.5 1830140
2412.0 1830140
2412.5 1830140
2413.0 1830140
2413.5 1830140
2414.0 1830140
2414.5 1830204
2415.0 1836052
2415.5 1835924
2416.0 1835876
2416.5 1835836
2417.0 1835728
2417.5 1835300
2418.0 1835428
2418.5 1834828
2419.0 1835444
2419.5 1835616
2420.0 1835780
2420.5 1835812
2421.0 1836032
2421.5 1835984
2422.0 1836084
2422.5 1835576
2423.0 1835768
2423.5 1836080
2424.0 1835940
2424.5 1835908
2425.0 1835884
2425.5 1836072
2426.0 1836168
2426.5 1835836
2427.0 1835916
2427.5 1835444
2428.0 1835632
2428.5 1835680
2429.0 1835696
2429.5 1835744
2430.0 1835520
2430.5 1835076
2431.0 1835472
2431.5 1835088
2432.0 1835408
2432.5 1835580
2433.0 1835580
2433.5 1835564
2434.0 1835612
2434.5 1835424
2435.0 1835876
2435.5 1835972
2436.0 1835844
2436.5 1835528
2437.0 1830352
2437.5 1829824
2440.0 1829824
2440.5 1829816
2442.4 1829816
2444.3 1829816
2446.2 1829848
2449.5 1829848
2450.0 1829848
2454.0 1829848
2454.5 1829848
2455.0 1829848
2455.5 1829848
2456.0 1829848
2456.5 1829816
2457.0 1829816
2457.5 1829816
2458.0 1829816
2458.5 1829816
2459.0 1829816
2459.5 1829816
2460.0 1836280
2460.5 1835900
2461.0 1835868
2461.5 1835932
2462.0 1835664
2462.5 1836404
2463.0 1836428
2463.5 1836388
2464.0 1836180
2464.5 1835584
2465.0 1835512
2465.5 1835528
2466.0 1835924
2466.5 1835624
2467.0 1835608
2467.5 1836096
2468.0 1836096
2468.5 1835908
2469.0 1835876
2469.5 1835828
2470.0 1835976
2470.5 1836136
2471.0 1835852
2471.5 1835520
2472.0 1835568
2472.5 1835584
2473.0 1835616
2473.5 1835568
2474.0 1835616
2474.5 1835708
2475.0 1836164
2475.5 1835564
2476.0 1835784
2476.5 1835992
2477.0 1835976
2477.5 1835376
2478.0 1835580
2478.5 1835720
2479.0 1835960
2479.5 1835784
2480.0 1835860
2480.5 1835560
2481.0 1836316
2481.5 1835812
2482.0 1829952
2482.5 1829952
2483.7 1829952
2484.2 1829952
2485.7 1829948
2486.4 1829916
2486.9 1829916
2487.4 1829916
2487.9 1829916
2488.4 1829916
2489.0 1829980
2489.6 1829980
2490.2 1829980
2490.7 1829980
2491.2 1829980
2491.7 1829980
2492.2 1829948
2492.7 1829948
2493.2 1829948
2493.7 1829948
2494.2 1829948
2494.7 1829948
2495.5 1829948
2496.0 1830012
2496.5 1829980
2497.0 1829980
2497.5 1829980
2498.0 1829980
2498.5 1829980
2499.0 1829980
2499.5 1829980
2500.0 1829980
2500.5 1829980
2501.0 1829948
2501.5 1829948
2502.0 1829948
2503.9 1829948
2504.5 1829948
2505.0 1835728
2505.5 1835824
2506.0 1835920
2506.5 1836044
2507.0 1836060
2507.5 1835808
2508.0 1835824
2508.5 1835728
2509.0 1835792
2509.5 1835964
2510.0 1836136
2510.5 1836056
2511.0 1836008
2511.5 1836024
2512.0 1835788
2512.5 1835788
2513.0 1835916
2513.5 1836072
2514.0 1836340
2514.5 1835804
2515.0 1835640
2515.5 1836012
2516.0 1836800
2516.5 1836412
2517.0 1836028
2517.5 1835872
2518.0 1836060
2518.5 1835916
2519.0 1836044
2519.5 1835776
2520.0 1836168
2520.5 1835964
2521.0 1836324
2521.5 1835928
2522.0 1835692
2522.5 1835932
2523.0 1835584
2523.5 1835440
2524.0 1835992
2524.5 1835348
2525.0 1835136
2525.5 1835280
2526.0 1836336
2526.5 1836132
2527.0 1830040
2527.8 1830040
2528.4 1830040
2528.9 1830040
2529.4 1830040
2529.9 1830040
2530.6 1830040
2531.1 1830004
2531.7 1830004
2532.2 1830004
2532.7 1830068
2533.4 1830068
2534.1 1830068
2534.7 1830068
2535.2 1830068
2535.7 1830068
2537.2 1830036
2537.9 1830036
2538.4 1830036
2538.9 1830036
2539.4 1830036
2539.9 1830036
2540.4 1830036
2541.8 1830036
2542.6 1830036
2543.3 1830068
2543.8 1830068
2544.3 1830068
2544.8 1830068
2545.3 1830068
2545.8 1830068
2546.3 1830068
2546.8 1830068
2549.5 1830068
2550.0 1835836
2550.5 1836152
2551.0 1836184
2551.5 1836072
2552.0 1836452
2552.5 1835740
2553.0 1835756
2553.5 1836136
2554.0 1836024
2554.5 1836072
2555.0 1835312
2555.5 1835596
2556.0 1836156
2556.5 1835728
2557.0 1835808
2557.5 1836316
2558.0 1836108
2558.5 1836060
2559.0 1836076
2559.5 1836204
2560.0 1835740
2560.5 1836088
2561.0 1836968
2561.5 1836220
2562.0 1836208
2562.5 1836160
2563.0 1836176
2563.5 1836160
2564.0 1835780
2564.5 1835636
2565.0 1835892
2565.5 1835828
2566.0 1835892
2566.5 1835716
2567.0 1835940
2567.5 1835940
2568.0 1835796
2568.5 1836412
2569.0 1835844
2569.5 1835448
2570.0 1835780
2570.5 1835812
2571.0 1835892
2571.5 1835592
2572.0 1830060
2572.5 1830060
2573.0 1830060
2573.5 1830060
2574.0 1830028
2574.5 1830092
2576.4 1830092
2576.9 1830092
2578.8 1830092
2579.3 1830092
2579.8 1830092
2580.3 1830092
2580.8 1830060
2581.3 1830060
2583.2 1830060
2583.7 1830060
2584.2 1830060
2584.7 1830060
2585.3 1830060
2585.8 1830060
2586.3 1830092
2586.8 1830060
2587.4 1830060
2587.9 1830060
2588.4 1830060
2588.9 1830060
2589.4 1830060
2589.9 1830060
2590.4 1830060
2590.9 1830060
2591.4 1830060
2591.9 1830060
2592.5 1830028
2593.5 1830028
2594.0 1830028
2594.5 1830092
2595.0 1835920
2595.5 1835600
2596.0 1834952
2596.5 1835268
2597.0 1835284
2597.5 1835048
2598.0 1834952
2598.5 1835380
2599.0 1836008
2599.5 1835692
2600.0 1835960
2600.5 1835960
2601.0 1836088
2601.5 1836024
2602.0 1835724
2602.5 1835756
2603.0 1835820
2603.5 1835692
2604.0 1835676
2604.5 1835660
2605.0 1835644
2605.5 1835756
2606.0 1835944
2606.5 1836104
2607.0 1836056
2607.5 1836040
2608.0 1836008
2608.5 1835756
2609.0 1836024
2609.5 1836008
2610.0 1835756
2610.5 1835944
2611.0 1835788
2611.5 1835896
2612.0 1835900
2612.5 1835408
2613.0 1835488
2613.5 1835440
2614.0 1835944
2614.5 1836152
2615.0 1835772
2615.5 1836008
2616.0 1835552
2616.5 1835472
2617.0 1835568
2617.5 1829680
2619.3 1829680
2619.8 1829680
2620.3 1829680
2621.8 1829680
2622.6 1829648
2623.3 1829648
2623.8 1829648
2624.3 1829648
2624.8 1829648
2625.3 1829648
2625.8 1829648
2626.3 1829648
2626.9 1829648
2627.4 1829712
2627.9 1829680
2628.7 1829680
2629.2 1829680
2629.7 1829680
2630.2 1829680
2630.7 1829680
2631.2 1829680
2631.7 1829680
2632.3 1829680
2632.8 1829680
2633.3 1829648
2633.8 1829648
2634.3 1829648
2634.8 1829648
2635.3 1829680
2635.8 1829680
2636.3 1829680
2636.9 1829680
2637.9 1829648
2638.4 1829648
2638.9 1829648
2639.5 1829648
2640.0 1835496
2640.5 1835632
2641.0 1835332
2641.5 1835772
2642.0 1836288
2642.5 1836040
2643.0 1836040
2643.5 1835252
2644.0 1835536
2644.5 1836120
2645.0 1836024
2645.5 1835992
2646.0 1835896
2646.5 1835820
2647.0 1835788
2647.5 1835756
2648.0 1835632
2648.5 1836400
2649.0 1836012
2649.5 1835488
2650.0 1835140
2650.5 1835236
2651.0 1835504
2651.5 1835884
2652.0 1835584
2652.5 1835568
2653.0 1835364
2653.5 1836040
2654.0 1836072
2654.5 1836160
2655.0 1835200
2655.5 1835324
2656.0 1835924
2656.5 1836000
2657.0 1835608
2657.5 1835464
2658.0 1835624
2658.5 1835892
2659.0 1835972
2659.5 1835420
2660.0 1835244
2660.5 1835624
2661.0 1835512
2661.5 1836176
2662.0 1832632
2662.5 1829888
2663.2 1829888
2663.8 1829888
2664.4 1829920
2664.9 1829920
2665.4 1829920
2665.9 1829920
2667.7 1829888
2668.2 1829888
2668.9 1829888
2671.0 1829888
2671.9 1829888
2676.1 1829888
2676.9 1829888
2677.8 1829888
2678.9 1829920
2679.7 1829920
2680.5 1829920
2681.9 1829920
2682.7 1829920
2683.5 1829920
2684.5 1829888
2685.0 1835764
2685.5 1835732
2686.0 1835828
2686.5 1836056
2687.0 1835804
2687.5 1835868
2688.0 1835992
2688.5 1835836
2689.0 1835600
2689.5 1835600
2690.0 1835552
2690.5 1835788
2691.0 1835692
2691.5 1835504
2692.0 1835632
2692.5 1835900
2693.0 1835884
2693.5 1835708
2694.0 1835756
2694.5 1835932
2695.0 1835692
2695.5 1835916
2696.0 1835820
2696.5 1835912
2697.0 1836160
2697.5 1836032
2698.0 1835640
2698.5 1835404
2699.0 1835404
2699.5 1835972
2700.0 1835700
2700.5 1835968
2701.0 1835876
2701.5 1836060
2702.0 1835812
2702.5 1835828
2703.0 1835732
2703.5 1835732
2704.0 1835876
2704.5 1835812
2705.0 1835876
2705.5 1835892
2706.0 1835752
2706.5 1835892
2707.0 1836192
2707.5 1829776
2708.3 1829776
2708.9 1829776
2709.7 1829776
2710.2 1829776
2711.1 1829808
2711.6 1829808
2712.2 1829808
2713.5 1829776
2714.2 1829776
2714.7 1829776
2715.2 1829776
2715.9 1829776
2716.6 1829776
2717.6 1829776
2718.2 1829776
2718.7 1829744
2719.4 1829744
2720.2 1829744
2720.7 1829744
2721.8 1829808
2722.6 1829808
2723.3 1829808
2724.2 1829808
2725.4 1829776
2726.1 1829776
2726.6 1829776
2727.5 1829776
2728.5 1829776
2729.0 1829776
2729.5 1829776
2730.0 1836112
2730.5 1835732
2731.0 1835636
2731.5 1835636
2732.0 1836104
2732.5 1836008
2733.0 1835820
2733.5 1835852
2734.0 1836072
2734.5 1835756
2735.0 1835740
2735.5 1835660
2736.0 1835644
2736.5 1835644
2737.0 1835708
2737.5 1836356
2738.0 1835480
2738.5 1836616
2739.0 1835812
2739.5 1835528
2740.0 1835464
2740.5 1835592
2741.0 1835508
2741.5 1836332
2742.0 1836048
2742.5 1836428
2743.0 1836176
2743.5 1836064
2744.0 1835984
2744.5 1835968
2745.0 1835740
2745.5 1835644
2746.0 1836168
2746.5 1835472
2747.0 1835676
2747.5 1836104
2748.0 1835440
2748.5 1835584
2749.0 1836040
2749.5 1836056
2750.0 1835804
2750.5 1836152
2751.0 1836152
2751.5 1836104
2752.2 1829988
2752.7 1829988
2753.9 1829988
2755.3 1829988
2757.1 1829988
2758.2 1829988
2758.7 1829956
2759.8 1829956
2760.5 1829956
2761.1 1829956
2761.9 1829988
2763.7 1829988
2765.7 1829988
2767.4 1829988
2768.5 1829956
2771.2 1829956
2772.0 1829956
2772.7 1829956
2773.2 1829956
2773.7 1829956
2774.5 1829956
2775.0 1836564
2775.5 1836152
2776.0 1835836
2776.5 1835976
2777.0 1836056
2777.5 1836008
2778.0 1835740
2778.5 1835944
2779.0 1836032
2779.5 1835796
2780.0 1835764
2780.5 1836364
2781.0 1835892
2781.5 1835828
2782.0 1836096
2782.5 1835668
2783.0 1836000
2783.5 1836144
2784.0 1835732
2784.5 1835872
2785.0 1836048
2785.5 1835796
2786.0 1836128
2786.5 1835684
2787.0 1835984
2787.5 1836016
2788.0 1836032
2788.5 1835668
2789.0 1835624
2789.5 1835276
2790.0 1835116
2790.5 1835416
2791.0 1835668
2791.5 1835872
2792.0 1835620
2792.5 1836092
2793.0 1835620
2793.5 1836044
2794.0 1836108
2794.5 1836060
2795.0 1836144
2795.5 1836252
2796.0 1835920
2796.5 1836000
2797.0 1836160
2797.5 1830116
2798.2 1830116
2799.0 1830116
2800.5 1830080
2801.0 1830080
2801.5 1830080
2802.0 1830080
2802.8 1830080
2803.5 1830080
2804.8 1830080
2805.9 1830080
2807.3 1830080
2807.9 1830112
2808.7 1830112
2809.2 1830112
2809.8 1830112
2810.3 1830112
2811.6 1830112
2813.3 1830112
2815.1 1830112
2816.1 1830080
2818.2 1830080
2819.5 1830080
2820.0 1835808
2820.5 1836208
2821.0 1836020
2821.5 1835876
2822.0 1835880
2822.5 1835784
2823.0 1835376
2823.5 1835932
2824.0 1835728
2824.5 1835744
2825.0 1835852
2825.5 1835788
2826.0 1835360
2826.5 1835536
2827.0 1835440
2827.5 1835692
2828.0 1835772
2828.5 1835868
2829.0 1835552
2829.5 1835392
2830.0 1835616
2830.5 1835804
2831.0 1835364
2831.5 1835964
2832.0 1835724
2832.5 1836264
2833.0 1836200
2833.5 1836008
2834.0 1835788
2834.5 1835820
2835.0 1836092
2835.5 1836188
2836.0 1836156
2836.5 1835948
2837.0 1835776
2837.5 1835840
2838.0 1835760
2838.5 1835460
2839.0 1835856
2839.5 1835604
2840.0 1835480
2840.5 1835508
2841.0 1836032
2841.5 1836032
2842.0 1830724
2842.5 1829956
2843.4 1829956
2843.9 1829956
2844.6 1829956
2845.2 1829924
2845.8 1829920
2846.5 1829920
2847.8 1829920
2849.3 1829920
2850.2 1829920
2851.6 1829920
2853.9 1829920
2855.8 1829888
2857.9 1829952
2858.4 1829952
2858.9 1829952
2859.4 1829952
2859.9 1829952
2860.4 1829952
2860.9 1829952
2861.4 1829952
2861.9 1829952
2862.9 1829920
2863.4 1829920
2863.9 1829920
2864.5 1832220
2865.0 1835824
2865.5 1835760
2866.0 1835824
2866.5 1835556
2867.0 1835272
2867.5 1835832
2868.0 1835328
2868.5 1835544
2869.0 1835988
2869.5 1835512
2870.0 1836096
2870.5 1836064
2871.0 1835244
2871.5 1835356
2872.0 1835512
2872.5 1835292
2873.0 1835592
2873.5 1835256
2874.0 1835292
2874.5 1835276
2875.0 1836004
2875.5 1835596
2876.0 1835984
2876.5 1836060
2877.0 1836352
2877.5 1836384
2878.0 1835896
2878.5 1836148
2879.0 1835612
2879.5 1835784
2880.0 1836032
2880.5 1835764
2881.0 1835984
2881.5 1835844
2882.0 1835936
2882.5 1836112
2883.0 1836064
2883.5 1835512
2884.0 1835608
2884.5 1835404
2885.0 1835608
2885.5 1836048
2886.0 1836080
2886.5 1836236
2887.0 1829880
2887.5 1829912
2888.0 1829912
2888.7 1829912
2890.1 1829908
2891.8 1829876
2893.8 1829876
2894.5 1829876
2896.1 1829876
2897.9 1829876
2898.7 1829876
2899.6 1829876
2900.7 1829876
2901.4 1829908
2903.4 1829908
2904.7 1829908
2905.9 1829908
2908.1 1829908
2908.8 1829908
2909.5 1830160
2910.0 1835852
2910.5 1836012
2911.0 1835744
2911.5 1835680
2912.0 1835824
2912.5 1835808
2913.0 1835396
2913.5 1835396
2914.0 1835980
2914.5 1836044
2915.0 1835996
2915.5 1835792
2916.0 1835760
2916.5 1835680
2917.0 1835916
2917.5 1835664
2918.0 1835932
2918.5 1835680
2919.0 1835648
2919.5 1835776
2920.0 1836420
2920.5 1836096
2921.0 1835780
2921.5 1835636
2922.0 1835716
2922.5 1835732
2923.0 1836000
2923.5 1835968
2924.0 1835808
2924.5 1836000
2925.0 1835948
2925.5 1835636
2926.0 1835848
2926.5 1835988
2927.0 1836116
2927.5 1835800
2928.0 1835848
2928.5 1836036
2929.0 1835908
2929.5 1835848
2930.0 1835608
2930.5 1835832
2931.0 1835768
2931.5 1835768
2932.0 1833408
2934.0 1830192
2934.5 1830192
2936.1 1830156
2937.0 1830156
2939.1 1830156
2941.1 1830156
2941.6 1830156
2942.7 1830156
2943.8 1830156
2944.6 1830188
2945.4 1830156
2946.2 1830156
2947.7 1830156
2948.4 1830156
2949.0 1830156
2950.0 1830156
2952.0 1830156
2952.9 1830156
2953.4 1830156
2953.9 1830156
2954.5 1830124
2955.0 1835360
2955.5 1835236
2956.0 1836152
2956.5 1835960
2957.0 1835960
2957.5 1835960
2958.0 1836340
2958.5 1836120
2959.0 1836040
2959.5 1835836
2960.0 1835976
2960.5 1835580
2961.0 1835484
2961.5 1835676
2962.0 1836236
2962.5 1835720
2963.0 1835596
2963.5 1835452
2964.0 1835752
2964.5 1835688
2965.0 1836136
2965.5 1836184
2966.0 1836088
2966.5 1836136
2967.0 1835756
2967.5 1835796
2968.0 1836180
2968.5 1836068
2969.0 1836228
2969.5 1836304
2970.0 1836604
2970.5 1836480
2971.0 1836020
2971.5 1835988
2972.0 1835784
2972.5 1835720
2973.0 1836304
2973.5 1836068
2974.0 1835956
2974.5 1835844
2975.0 1836816
2975.5 1836620
2976.0 1835784
2976.5 1836208
2978.6 1829940
2979.8 1829940
2981.2 1829940
2981.7 1829940
2982.4 1829940
2983.0 1829940
2983.5 1829940
2985.4 1829940
2985.9 1829940
2986.8 1829972
2987.9 1829972
2989.5 1829972
2991.9 1829972
2994.0 1829972
2996.0 1829972
2996.5 1829972
2997.1 1829972
2997.6 1829940
2998.5 1829940
2999.1 1829940
2999.6 1834664
3000.1 1836052
