0.5 1815512
1.0 1815512
1.5 1815512
2.0 1815512
2.5 1815512
3.0 1815512
3.5 1815512
4.0 1815512
4.5 1815512
5.0 1815512
5.5 1815544
6.0 1815544
6.5 1815544
7.0 1815544
7.5 1815544
8.1 1815544
8.6 1815544
9.1 1815544
9.6 1815544
10.1 1815544
10.6 1815512
11.1 1815512
11.6 1815512
12.1 1815512
12.6 1815544
13.1 1815544
13.6 1815544
14.1 1815544
14.6 1815512
15.1 1815512
15.6 1815512
16.1 1815512
16.6 1815512
17.1 1815512
17.6 1815512
18.1 1815512
18.6 1815512
19.1 1815512
19.6 1815480
20.1 1815544
20.6 1815544
21.1 1815544
21.6 1815544
22.1 1815544
22.6 1815544
23.1 1815544
23.6 1815544
24.1 1815544
24.6 1815512
25.1 1815512
25.6 1815512
26.1 1815512
26.6 1815512
27.1 1815544
27.6 1815544
28.1 1815544
28.6 1815512
29.1 1815512
29.6 1815512
30.1 1822860
30.6 1823556
31.1 1823636
31.6 1824660
32.1 1824720
32.6 1824856
33.1 1824580
33.6 1824408
34.1 1824232
34.6 1824660
35.1 1824588
35.6 1824668
36.1 1824128
36.6 1824336
37.1 1824144
37.6 1824240
38.1 1823988
38.6 1824272
39.1 1824700
39.6 1824744
40.1 1824552
40.6 1824772
41.1 1824584
41.6 1824456
42.1 1824836
42.6 1824536
43.1 1824648
43.6 1824000
44.1 1824188
44.6 1824568
45.1 1824300
45.6 1824852
46.1 1824632
46.6 1824756
47.1 1824632
47.6 1824220
48.1 1824364
48.6 1824648
49.1 1824504
49.6 1824488
50.1 1823608
50.6 1824420
51.1 1824672
51.6 1824608
52.1 1818636
52.6 1818636
53.1 1818636
53.6 1818636
54.1 1818636
54.6 1818636
55.1 1818632
55.6 1818632
56.1 1818632
56.6 1818696
57.1 1818664
57.6 1818664
58.1 1818664
58.6 1818664
59.1 1818664
59.6 1818664
60.1 1818664
60.6 1818664
61.1 1818664
61.6 1818632
62.1 1818632
62.6 1818632
63.1 1818632
63.6 1818664
64.1 1818664
64.6 1818664
65.2 1818664
65.7 1818664
66.2 1818632
66.7 1818632
67.2 1818632
67.7 1818632
68.2 1818632
68.7 1818632
69.2 1818632
69.7 1818632
70.3 1818632
70.8 1818600
71.3 1818664
71.8 1818664
72.3 1818664
72.8 1818664
73.3 1818664
73.8 1818664
74.3 1818664
74.8 1824724
75.3 1824532
75.8 1824356
76.3 1824388
76.8 1823664
77.3 1823980
77.8 1823980
78.3 1824292
78.8 1824216
79.3 1824200
79.8 1824432
80.3 1824560
80.8 1824148
81.3 1824244
81.8 1824124
82.3 1824396
82.8 1824536
83.3 1824520
83.8 1824408
84.3 1824424
84.8 1823980
85.3 1824752
85.8 1824436
86.3 1824564
86.8 1824612
87.3 1824468
87.8 1824232
88.3 1824044
88.8 1824028
89.3 1824044
89.8 1824180
90.3 1823992
90.8 1824056
91.3 1823912
91.8 1823896
92.3 1823976
92.8 1824040
93.3 1823960
93.8 1823944
94.3 1824056
94.8 1823936
95.3 1824000
95.8 1824000
96.3 1823968
96.8 1823892
97.3 1817688
97.8 1817688
98.3 1817688
98.8 1817688
99.3 1817656
99.8 1817656
100.3 1817652
100.8 1817652
101.4 1817652
101.9 1817684
102.4 1817684
102.9 1817684
103.5 1817684
104.0 1817652
104.5 1817652
105.0 1817652
105.5 1817652
106.0 1817652
106.5 1817652
107.0 1817652
107.5 1817652
108.0 1817652
108.5 1817620
109.0 1817620
109.5 1817684
110.0 1817684
110.5 1817684
111.0 1817684
111.5 1817684
112.0 1817684
112.5 1817684
113.0 1817684
113.5 1817684
114.0 1817684
114.5 1817652
115.0 1817652
115.5 1817652
116.0 1817652
116.5 1817652
117.1 1817684
117.6 1817684
118.1 1817652
118.6 1817652
119.1 1817652
119.6 1817652
120.1 1823712
120.6 1823444
121.1 1823840
121.6 1823648
122.1 1823760
122.6 1823508
123.1 1824108
123.6 1824248
124.1 1823964
124.6 1823792
125.1 1824252
125.6 1824648
126.1 1824612
126.6 1825152
127.1 1824124
127.6 1824712
128.1 1824300
128.6 1824552
129.1 1824472
129.6 1824520
130.1 1824972
130.6 1824848
131.1 1824532
131.6 1824784
132.1 1824388
132.6 1824388
133.1 1824404
133.6 1824548
134.1 1824688
134.6 1824312
135.1 1824400
135.6 1824448
136.1 1824780
136.6 1824368
137.1 1824512
137.6 1824528
138.1 1824528
138.6 1824480
139.1 1824684
139.6 1824512
140.1 1824708
140.6 1824660
141.1 1824472
141.6 1824440
142.1 1818192
142.6 1818192
143.1 1818192
143.6 1818192
144.1 1818192
144.6 1818192
145.1 1818224
145.6 1818216
146.1 1818184
146.6 1818184
147.1 1818184
147.6 1818184
148.1 1818184
148.6 1818184
149.1 1818184
149.6 1818184
150.1 1818184
150.6 1818184
151.1 1818152
151.6 1818152
152.1 1818152
152.6 1818216
153.1 1818216
153.6 1818208
154.1 1818208
154.6 1818208
155.2 1818208
155.7 1818176
156.2 1818176
156.7 1818176
157.2 1818176
157.7 1818176
158.2 1818176
158.8 1818176
159.3 1818176
159.8 1818176
160.3 1818176
160.8 1818208
161.3 1818208
161.8 1818208
162.3 1818208
162.8 1818208
163.3 1818208
163.8 1818208
164.3 1818208
164.8 1824044
165.3 1823968
165.8 1823844
166.3 1823620
166.8 1824172
167.3 1824820
167.8 1824396
168.3 1824456
168.8 1824552
169.3 1824804
169.8 1824624
170.3 1824644
170.8 1824816
171.3 1824704
171.8 1824832
172.3 1824816
172.8 1824736
173.3 1824584
173.8 1824476
174.3 1824384
174.8 1824312
175.3 1824564
175.8 1824736
176.3 1824516
176.8 1824484
177.3 1824452
177.8 1824816
178.3 1824324
178.8 1824356
179.3 1824736
179.8 1824556
180.3 1824444
180.8 1824412
181.3 1824728
181.8 1824696
182.3 1824744
182.8 1824840
183.3 1824728
183.8 1824776
184.3 1824524
184.8 1824916
185.3 1824740
185.8 1824804
186.3 1824804
186.8 1824456
187.3 1818308
187.8 1818308
188.3 1818308
188.8 1818276
189.3 1818276
189.8 1818340
190.3 1818340
190.8 1818336
191.4 1818336
191.9 1818336
192.4 1818336
192.9 1818336
193.4 1818336
193.9 1818304
194.4 1818304
194.9 1818304
195.4 1818304
195.9 1818304
196.4 1818304
196.9 1818304
197.4 1818304
197.9 1818336
198.4 1818336
198.9 1818336
199.4 1818336
199.9 1818336
200.4 1818336
200.9 1818336
201.4 1818336
201.9 1818336
202.5 1818336
203.0 1818304
203.5 1818304
204.0 1818304
204.5 1818304
205.0 1818336
205.5 1818336
206.0 1818336
206.5 1818336
207.0 1818336
207.5 1818336
208.0 1818304
208.5 1818304
209.0 1818304
209.5 1818304
210.0 1824556
210.5 1824476
211.0 1824760
211.5 1824680
212.0 1824632
212.5 1824444
213.0 1824712
213.5 1824744
214.0 1824696
214.5 1824776
215.0 1824140
215.5 1824520
216.0 1824820
216.5 1824676
217.0 1824580
217.5 1824788
218.0 1824408
218.5 1824504
219.0 1824408
219.5 1824864
220.0 1824672
220.5 1824532
221.0 1824736
221.5 1824484
222.0 1824704
222.5 1824468
223.0 1824312
223.5 1824436
224.0 1824596
224.5 1824516
225.0 1824920
225.5 1824904
226.0 1824016
226.5 1824292
227.0 1824244
227.5 1823912
228.0 1824196
228.5 1824212
229.0 1824416
229.5 1824400
230.0 1824020
230.5 1824176
231.0 1824508
231.5 1824616
232.0 1825044
232.5 1818796
233.0 1818796
233.5 1818796
234.1 1818764
234.6 1818764
235.1 1818756
235.6 1818756
236.1 1818756
236.6 1818756
237.1 1818788
237.6 1818788
238.1 1818788
238.6 1818788
239.1 1818756
239.6 1818756
240.1 1818756
240.6 1818756
241.1 1818756
241.7 1818756
242.2 1818756
242.7 1818756
243.2 1818756
243.7 1818756
244.2 1818724
244.8 1818788
245.2 1818788
245.8 1818788
246.3 1818788
246.8 1818788
247.3 1818788
247.8 1818788
248.3 1818756
248.8 1818756
249.4 1818756
249.9 1818756
250.4 1818756
250.9 1818756
251.5 1818756
252.0 1818756
252.5 1818788
253.0 1818788
253.5 1818756
254.0 1818756
254.5 1818756
255.0 1824452
255.5 1823644
256.0 1824228
256.5 1824624
257.0 1824864
257.5 1824184
258.0 1824008
258.5 1823944
259.0 1823724
259.5 1824200
260.0 1824332
260.5 1824048
261.0 1824288
261.5 1823956
262.0 1824160
262.5 1824508
263.0 1824536
263.5 1824584
264.0 1824696
264.5 1824840
265.0 1825040
265.5 1824488
266.0 1824612
266.5 1824580
267.0 1824708
267.5 1824596
268.0 1824992
268.5 1824628
269.0 1824344
269.5 1824580
270.0 1824448
270.5 1824576
271.0 1824572
271.5 1824492
272.0 1824052
272.5 1824160
273.0 1824764
273.5 1824432
274.0 1824556
274.5 1824704
275.0 1824920
275.5 1824352
276.0 1824368
276.5 1824196
277.0 1824100
277.5 1818040
278.0 1818040
278.5 1818040
279.0 1818040
279.5 1818104
280.0 1818096
280.5 1818096
281.0 1818096
281.5 1818064
282.0 1818064
282.5 1818064
283.0 1818064
283.5 1818064
284.0 1818064
284.5 1818064
285.0 1818064
285.5 1818064
286.0 1818096
286.5 1818096
287.0 1818096
287.5 1818096
288.0 1818096
288.5 1818096
289.0 1818096
289.5 1818096
290.0 1818096
290.5 1818096
291.0 1818096
291.5 1818064
292.0 1818064
292.5 1818064
293.0 1818064
293.5 1818096
294.0 1818096
294.6 1818096
295.1 1818096
295.6 1818064
296.1 1818064
296.6 1818064
297.1 1818064
297.6 1818064
298.1 1818064
298.6 1818064
299.1 1818064
299.6 1818064
300.1 1824132
300.6 1824256
301.1 1824724
301.6 1824092
302.1 1824376
302.6 1824124
303.1 1824060
303.6 1824360
304.1 1824724
304.6 1824012
305.1 1824416
305.6 1824984
306.1 1824748
306.6 1824368
307.1 1824336
307.6 1824464
308.1 1824336
308.6 1824332
309.1 1823976
309.6 1823976
310.1 1823872
310.6 1823744
311.1 1824424
311.6 1824312
312.1 1824392
312.6 1824564
313.1 1824676
313.6 1824456
314.1 1824296
314.6 1824392
315.1 1824276
315.6 1823788
316.1 1824452
316.6 1824624
317.1 1824656
317.6 1824464
318.1 1824608
318.6 1824592
319.1 1824544
319.6 1824576
320.1 1825020
320.6 1824372
321.1 1824292
321.6 1823980
322.1 1823932
322.6 1824008
323.1 1823852
323.6 1818052
324.1 1818020
324.6 1818020
325.1 1818016
325.6 1818016
326.3 1818016
326.8 1818016
327.3 1818016
327.8 1818016
328.3 1818016
328.8 1818016
329.3 1818048
329.8 1818048
330.3 1818048
330.8 1818048
331.3 1818048
331.8 1818048
332.3 1818048
332.8 1818048
333.3 1818048
333.9 1818048
334.4 1818016
334.9 1818016
335.4 1818016
335.9 1818016
336.4 1818048
336.9 1818048
337.4 1818048
337.9 1818048
338.4 1818016
339.0 1818016
339.5 1818016
340.0 1818016
340.5 1818016
341.0 1818016
341.5 1818016
342.0 1818016
342.5 1818016
343.0 1818016
343.6 1817984
344.1 1818048
344.6 1818048
345.1 1824148
345.6 1824068
346.1 1824572
346.6 1824856
347.1 1824920
347.6 1824572
348.1 1824476
348.6 1824368
349.1 1824572
349.6 1824588
350.1 1824376
350.6 1824440
351.1 1823932
351.6 1824264
352.1 1824472
352.6 1824548
353.1 1824344
353.6 1824500
354.1 1824912
354.6 1824732
355.1 1824300
355.6 1824536
356.1 1824616
356.6 1824648
357.1 1824740
357.6 1824540
358.1 1824648
358.6 1824268
359.1 1824404
359.6 1824536
360.1 1824236
360.6 1824268
361.1 1824000
361.6 1824032
362.1 1824300
362.6 1824428
363.1 1824440
363.6 1824648
364.1 1824616
364.6 1824568
365.1 1824596
365.6 1824532
366.1 1824484
366.6 1824468
367.1 1824480
367.6 1824208
368.1 1823008
368.6 1818692
369.1 1818692
369.6 1818692
370.1 1818692
370.6 1818684
371.1 1818684
371.6 1818684
372.1 1818684
372.6 1818652
373.1 1818716
373.6 1818716
374.1 1818716
374.6 1818716
375.1 1818716
375.6 1818716
376.2 1818716
376.7 1818684
377.2 1818684
377.7 1818684
378.2 1818684
378.7 1818684
379.2 1818684
379.7 1818684
380.2 1818684
380.7 1818748
381.2 1818716
381.7 1818716
382.2 1818716
382.7 1818716
383.2 1818716
383.7 1818716
384.2 1818716
384.7 1818716
385.3 1818716
385.8 1818716
386.3 1818716
386.8 1818684
387.3 1818684
387.8 1818684
388.3 1818684
388.8 1818716
389.3 1818716
389.8 1824644
390.3 1823840
390.8 1824156
391.3 1823840
391.8 1824044
392.3 1823980
392.8 1824392
393.3 1824152
393.8 1824232
394.3 1824060
394.8 1824400
395.3 1824460
395.8 1824508
396.3 1824636
396.8 1824684
397.3 1824572
397.8 1824524
398.3 1824352
398.8 1824320
399.3 1824588
399.8 1824412
400.3 1824408
400.8 1824584
401.3 1824552
401.8 1824612
402.3 1824392
402.8 1824312
403.3 1824704
403.8 1824560
404.3 1824684
404.8 1824588
405.3 1824920
405.8 1824840
406.3 1824572
406.8 1824508
407.3 1824492
407.8 1824588
408.3 1824384
408.8 1824192
409.3 1824728
409.8 1824456
410.3 1824708
410.8 1824676
411.3 1824648
411.8 1824820
412.3 1824632
412.8 1824472
413.3 1818308
413.8 1818308
414.3 1818308
414.8 1818276
415.3 1818276
415.8 1818332
416.3 1818332
416.8 1818332
417.3 1818332
417.8 1818332
418.3 1818332
418.8 1818332
419.3 1818332
419.8 1818300
420.3 1818300
420.8 1818300
421.3 1818300
421.9 1818300
422.4 1818300
422.9 1818300
423.4 1818364
423.9 1818332
424.4 1818332
424.9 1818332
425.4 1818332
425.9 1818332
426.4 1818332
426.9 1818332
427.4 1818332
427.9 1818332
428.4 1818300
428.9 1818300
429.4 1818300
429.9 1818300
430.5 1818332
431.0 1818332
431.5 1818332
432.0 1818332
432.5 1818332
433.0 1818332
433.5 1818332
434.0 1818300
434.5 1818300
435.0 1824244
435.5 1824356
436.0 1824380
436.5 1824220
437.0 1824252
437.5 1824844
438.0 1824860
438.5 1824212
439.0 1824244
439.5 1824496
440.0 1824456
440.5 1824676
441.0 1824676
441.5 1824464
442.0 1825160
442.5 1824480
443.0 1824780
443.5 1824748
444.0 1824416
444.5 1824592
445.0 1824412
445.5 1824808
446.0 1824272
446.5 1824412
447.0 1824776
447.5 1824744
448.0 1824492
448.5 1824808
449.0 1824712
449.5 1824144
450.0 1824584
450.5 1824376
451.0 1824440
451.5 1824520
452.0 1824584
452.5 1824456
453.0 1823652
453.5 1824552
454.0 1824568
454.5 1824504
455.0 1824548
455.5 1824388
456.0 1824436
456.5 1824532
457.0 1824420
457.5 1824532
458.0 1822820
458.5 1818600
459.0 1818600
459.5 1818600
460.0 1818600
460.6 1818596
461.1 1818596
461.6 1818596
462.1 1818564
462.6 1818564
463.1 1818564
463.6 1818564
464.1 1818564
464.6 1818564
465.1 1818596
465.6 1818596
466.1 1818564
466.6 1818564
467.1 1818564
467.6 1818564
468.1 1818564
468.6 1818564
469.1 1818564
469.6 1818564
470.1 1818564
470.6 1818564
471.2 1818532
471.7 1818532
472.2 1818532
472.7 1818532
473.2 1818532
473.7 1818532
474.2 1818596
474.7 1818596
475.2 1818596
475.7 1818564
476.3 1818564
476.8 1818564
477.3 1818564
477.8 1818564
478.3 1818564
478.8 1818564
479.3 1818564
479.8 1825576
480.3 1824408
480.8 1824660
481.3 1824488
481.8 1824616
482.3 1824584
482.8 1824788
483.3 1824424
483.8 1824428
484.3 1824348
484.8 1824248
485.3 1825084
485.8 1824752
486.3 1824596
486.8 1824576
487.3 1824484
487.8 1824484
488.3 1824736
488.8 1824752
489.3 1824360
489.8 1824760
490.3 1824468
490.8 1824264
491.3 1824452
491.8 1824180
492.3 1825148
492.8 1824800
493.3 1824880
493.8 1824532
494.3 1824436
494.8 1824856
495.3 1824588
495.8 1824856
496.3 1824808
496.8 1824476
497.3 1824444
497.8 1824792
498.3 1824696
498.8 1824460
499.3 1824696
499.8 1824720
500.3 1824500
500.8 1824420
501.3 1824360
501.8 1824564
502.3 1824908
502.8 1824752
503.3 1818424
503.8 1818424
504.3 1818424
504.9 1818424
505.4 1818424
505.9 1818420
506.4 1818420
506.9 1818420
507.4 1818420
508.0 1818388
508.5 1818452
509.0 1818452
509.5 1818452
510.0 1818452
510.5 1818452
511.0 1818452
511.5 1818452
512.0 1818452
512.5 1818452
513.1 1818420
513.6 1818420
514.1 1818420
514.6 1818420
515.1 1818420
515.6 1818452
516.1 1818452
516.6 1818452
517.2 1818420
517.7 1818420
518.2 1818420
518.7 1818420
519.2 1818420
519.7 1818420
520.2 1818420
520.7 1818420
521.2 1818420
521.7 1818420
522.2 1818420
522.7 1818420
523.2 1818452
523.7 1818452
524.2 1818452
524.7 1821528
525.2 1824560
525.7 1824448
526.2 1824576
526.7 1824560
527.2 1824496
527.7 1824320
528.2 1824652
528.7 1824684
529.2 1825016
529.7 1824384
530.2 1824556
530.7 1825456
531.2 1824696
531.7 1824620
532.2 1823968
532.7 1824568
533.2 1825012
533.7 1824320
534.2 1824416
534.7 1824488
535.2 1824424
535.7 1824520
536.2 1824220
536.7 1824220
537.2 1824204
537.7 1824000
538.2 1824252
538.7 1824376
539.2 1824488
539.7 1824672
540.2 1824372
540.7 1824548
541.2 1823824
541.7 1823996
542.2 1823460
542.7 1823996
543.2 1824688
543.7 1824848
544.2 1824784
544.7 1824632
545.2 1824664
545.7 1824616
546.2 1824584
546.7 1824364
547.2 1824412
547.7 1824332
548.2 1818668
548.7 1818668
549.2 1818668
549.7 1818668
550.2 1818700
550.8 1818692
551.3 1818692
551.8 1818692
552.3 1818692
552.8 1818692
553.3 1818692
553.8 1818692
554.3 1818692
554.8 1818692
555.3 1818660
555.8 1818660
556.3 1818660
556.8 1818660
557.3 1818692
557.8 1818692
558.3 1818692
558.8 1818692
559.3 1818692
559.8 1818660
560.3 1818660
560.8 1818660
561.3 1818660
561.8 1818660
562.3 1818660
562.8 1818660
563.3 1818660
563.8 1818660
564.3 1818692
564.8 1818692
565.3 1818692
565.8 1818692
566.3 1818692
566.9 1818692
567.4 1818692
567.9 1818692
568.4 1818692
568.9 1818660
569.4 1818660
569.9 1824476
570.4 1824680
570.9 1824712
571.4 1824648
571.9 1824744
572.4 1824776
572.9 1824648
573.4 1824508
573.9 1824540
574.4 1824744
574.9 1824624
575.4 1824500
575.9 1824912
576.4 1824688
576.9 1824576
577.4 1824356
577.9 1824296
578.4 1824532
578.9 1824660
579.4 1824892
579.9 1824492
580.4 1824808
580.9 1824680
581.4 1824856
581.9 1824916
582.4 1824412
582.9 1824696
583.4 1824776
583.9 1824460
584.4 1824380
584.9 1824648
585.4 1824460
585.9 1824840
586.4 1824856
586.9 1824944
587.4 1824460
587.9 1824444
588.4 1824744
588.9 1824476
589.4 1824820
589.9 1824396
590.4 1824348
590.9 1824412
591.4 1824412
591.9 1824696
592.4 1824600
592.9 1824364
593.4 1818296
593.9 1818296
594.4 1818296
594.9 1818296
595.4 1818292
595.9 1818292
596.4 1818324
596.9 1818324
597.4 1818324
597.9 1818324
598.4 1818324
598.9 1818324
599.4 1818324
600.0 1818324
600.5 1818292
601.0 1818292
601.5 1818292
602.0 1818292
602.5 1818292
603.0 1818324
603.5 1818324
604.0 1818324
604.5 1818324
605.0 1818292
605.5 1818292
606.0 1818292
606.5 1818292
607.0 1818292
607.5 1818292
608.0 1818292
608.5 1818292
609.0 1818292
609.5 1818292
610.0 1818260
610.6 1818260
611.1 1818324
611.6 1818324
612.1 1818324
612.6 1818324
613.1 1818324
613.6 1818324
614.2 1818324
614.7 1825224
615.2 1824504
615.7 1824140
616.2 1824188
616.7 1824092
617.2 1824124
617.7 1824488
618.2 1824180
618.7 1824304
619.2 1824180
619.7 1824156
620.2 1824044
620.7 1824236
621.2 1824204
621.7 1824172
622.2 1824188
622.7 1824140
623.2 1824156
623.7 1824376
624.2 1824328
624.7 1824368
625.2 1824416
625.7 1824400
626.2 1824228
626.7 1824304
627.2 1824448
627.7 1824636
628.2 1824684
628.7 1824604
629.2 1824464
629.7 1824680
630.2 1824572
630.7 1824632
631.2 1824696
631.7 1824300
632.2 1824636
632.7 1824632
633.2 1824412
633.7 1824568
634.2 1824632
634.7 1824312
635.2 1824360
635.7 1824612
636.2 1824660
636.7 1824420
637.2 1824516
637.7 1824596
638.2 1818756
638.7 1818372
639.2 1818436
639.7 1818436
640.2 1818428
640.7 1818428
641.2 1818428
641.7 1818428
642.2 1818428
642.7 1818428
643.3 1818396
643.8 1818396
644.3 1818396
644.8 1818396
645.3 1818396
645.8 1818396
646.3 1818396
646.8 1818428
647.3 1818428
647.8 1818428
648.3 1818396
648.8 1818396
649.3 1818396
649.8 1818396
650.3 1818396
650.8 1818396
651.4 1818396
651.9 1818396
652.4 1818364
652.9 1818364
653.4 1818364
653.9 1818364
654.4 1818428
654.9 1818428
655.4 1818428
655.9 1818428
656.4 1818428
656.9 1818396
657.4 1818396
657.9 1818396
658.4 1818396
658.9 1818396
659.4 1818396
659.9 1824112
660.4 1824164
660.9 1824416
661.4 1824304
661.9 1823896
662.4 1823756
662.9 1823896
663.4 1823976
663.9 1824008
664.4 1823816
664.9 1823952
665.4 1824136
665.9 1824628
666.4 1824676
666.9 1824376
667.4 1824488
667.9 1824296
668.4 1824216
668.9 1824408
669.4 1824880
669.9 1824356
670.4 1824372
670.9 1824688
671.4 1824736
671.9 1824988
672.4 1824340
672.9 1824736
673.4 1824696
673.9 1824112
674.4 1824112
674.9 1824644
675.4 1824944
675.9 1824392
676.4 1824660
676.9 1824424
677.4 1824692
677.9 1824708
678.4 1824360
678.9 1824376
679.4 1824724
679.9 1825020
680.4 1824608
680.9 1825176
681.4 1824436
681.9 1824388
682.4 1824152
682.9 1824516
683.4 1818224
683.9 1818224
684.4 1818224
684.9 1818224
685.4 1818184
685.9 1818248
686.4 1818248
686.9 1818248
687.4 1818248
687.9 1818248
688.4 1818248
688.9 1818248
689.4 1818248
690.0 1818248
690.5 1818216
691.0 1818216
691.5 1818216
692.0 1818216
692.5 1818216
693.0 1818216
693.5 1818248
694.0 1818248
694.5 1818248
695.0 1818216
695.5 1818216
696.0 1818216
696.5 1818216
697.0 1818216
697.5 1818216
698.0 1818216
698.5 1818216
699.0 1818216
699.5 1818184
700.0 1818184
700.5 1818184
701.0 1818248
701.5 1818248
702.0 1818248
702.5 1818248
703.0 1818248
703.5 1818248
704.0 1818248
704.5 1818216
705.0 1824440
705.5 1824472
706.0 1824348
706.5 1824584
707.0 1824632
707.5 1824380
708.0 1824428
708.5 1824032
709.0 1824396
709.5 1824444
710.0 1824264
710.5 1824204
711.0 1824244
711.5 1824544
712.0 1824556
712.5 1824652
713.0 1824728
713.5 1824936
714.0 1824368
714.5 1824684
715.0 1824852
715.5 1824884
716.0 1824788
716.5 1824344
717.0 1824600
717.5 1824488
718.0 1824600
718.5 1824696
719.0 1824664
719.5 1824600
720.0 1824012
720.5 1824280
721.0 1824628
721.5 1824960
722.0 1824328
722.5 1824408
723.0 1824564
723.5 1824720
724.0 1823920
724.5 1823760
725.0 1823916
725.5 1823820
726.0 1824328
726.5 1823788
727.0 1824056
727.5 1824684
728.0 1824292
728.5 1818596
729.0 1818596
729.5 1818596
730.0 1818596
730.5 1818592
731.0 1818592
731.5 1818592
732.0 1818592
732.5 1818560
733.0 1818560
733.5 1818624
734.0 1818624
734.5 1818624
735.0 1818624
735.5 1818624
736.0 1818624
736.5 1818624
737.0 1818624
737.5 1818624
738.0 1818624
738.5 1818592
739.0 1818592
739.5 1818592
740.0 1818592
740.5 1818592
741.0 1818592
741.5 1818592
742.0 1818592
742.6 1818624
743.1 1818624
743.6 1818624
744.1 1818624
744.6 1818624
745.1 1818624
745.6 1818624
746.1 1818624
746.6 1818592
747.1 1818592
747.6 1818592
748.1 1818592
748.6 1818624
749.1 1818624
749.6 1822812
750.1 1824264
750.6 1824472
751.1 1824360
751.6 1824328
752.1 1824532
752.6 1824328
753.1 1824060
753.6 1824076
754.1 1823936
754.6 1824092
755.1 1824220
755.6 1824596
756.1 1824296
756.6 1824676
757.1 1824296
757.6 1824152
758.1 1824596
758.6 1824424
759.1 1824500
759.6 1824576
760.1 1824480
760.6 1824844
761.1 1824860
761.6 1824764
762.1 1824576
762.6 1824640
763.1 1824276
763.6 1824432
764.1 1825020
764.6 1825220
765.1 1825244
765.6 1824388
766.1 1825244
766.6 1824656
767.1 1824408
767.6 1824028
768.1 1824216
768.6 1824184
769.1 1824440
769.6 1824204
770.1 1824692
770.6 1824724
771.1 1824612
771.6 1824564
772.1 1824708
772.6 1824044
773.1 1823012
773.6 1818696
774.1 1818696
774.6 1818696
775.1 1818696
775.6 1818720
776.1 1818720
776.6 1818720
777.1 1818720
777.6 1818720
778.1 1818720
778.6 1818688
779.1 1818688
779.6 1818688
780.1 1818688
780.6 1818688
781.1 1818688
781.6 1818688
782.1 1818688
782.6 1818688
783.1 1818688
783.6 1818720
784.1 1818720
784.6 1818720
785.1 1818720
785.6 1818720
786.1 1818720
786.6 1818720
787.1 1818720
787.6 1818720
788.1 1818688
788.6 1818688
789.1 1818688
789.6 1818688
790.1 1818688
790.6 1818720
791.1 1818720
791.6 1818720
792.1 1818720
792.6 1818688
793.1 1818688
793.6 1818688
794.1 1818688
794.6 1818688
795.1 1824620
795.6 1824352
796.1 1824400
796.6 1824400
797.1 1824604
797.6 1824084
798.1 1824100
798.6 1824100
799.1 1824116
799.6 1823988
800.1 1824048
800.6 1824112
801.1 1823812
801.6 1823876
802.1 1824192
802.6 1824000
803.1 1824332
803.6 1824144
804.1 1824220
804.6 1824364
805.1 1824344
805.6 1824612
806.1 1824436
806.6 1823940
807.1 1824644
807.6 1824628
808.1 1824152
808.6 1824344
809.1 1824628
809.6 1824724
810.1 1824512
810.6 1824812
811.1 1824576
811.6 1824544
812.1 1824608
812.6 1824464
813.1 1824384
813.6 1824608
814.1 1824512
814.6 1824528
815.1 1824824
815.6 1824776
816.1 1824824
816.6 1824604
817.1 1824636
817.6 1824412
818.1 1824696
818.6 1818592
819.1 1818592
819.6 1818592
820.1 1818592
820.7 1818556
821.2 1818556
821.7 1818556
822.2 1818556
822.7 1818588
823.2 1818588
823.7 1818588
824.2 1818588
824.7 1818588
825.2 1818588
825.7 1818556
826.3 1818556
826.8 1818556
827.3 1818556
827.8 1818556
828.3 1818556
828.8 1818556
829.3 1818556
829.8 1818588
830.3 1818588
830.8 1818588
831.3 1818588
831.8 1818588
832.3 1818588
832.8 1818588
833.3 1818588
833.8 1818588
834.3 1818588
834.8 1818556
835.3 1818556
835.8 1818556
836.3 1818556
836.8 1818556
837.3 1818556
837.8 1818588
838.3 1818588
838.8 1818588
839.3 1818588
839.8 1825728
840.3 1824560
840.8 1824544
841.3 1824168
841.8 1823692
842.3 1823820
842.8 1823576
843.3 1823960
843.8 1823788
844.3 1823948
844.8 1824036
845.3 1824132
845.8 1824052
846.3 1824052
846.8 1823908
847.3 1824556
847.8 1824604
848.3 1824240
848.8 1824240
849.3 1823972
849.8 1824000
850.3 1824016
850.8 1824000
851.3 1824348
851.8 1824268
852.3 1824300
852.8 1824348
853.3 1824380
853.8 1824284
854.3 1824348
854.8 1824468
855.3 1824532
855.8 1824532
856.3 1824452
856.8 1824468
857.3 1824216
857.8 1824248
858.3 1824168
858.8 1824624
859.3 1824692
859.8 1824528
860.3 1824420
860.8 1824292
861.3 1824088
861.8 1823992
862.3 1824576
862.8 1824592
863.3 1818436
863.9 1818436
864.4 1818436
864.9 1818436
865.4 1818436
865.9 1818432
866.4 1818432
866.9 1818464
867.4 1818432
867.9 1818432
868.4 1818432
868.9 1818432
869.4 1818432
869.9 1818432
870.4 1818432
870.9 1818432
871.4 1818432
871.9 1818432
872.4 1818432
872.9 1818432
873.4 1818464
873.9 1818464
874.4 1818464
874.9 1818464
875.4 1818464
875.9 1818464
876.4 1818464
876.9 1818464
877.4 1818432
878.0 1818432
878.6 1818432
879.1 1818432
879.8 1818432
880.4 1818432
880.9 1818432
881.4 1818496
881.9 1818464
882.4 1818464
882.9 1818464
883.4 1818464
884.0 1818464
884.5 1818464
885.0 1824736
885.5 1824264
886.0 1824832
886.5 1824420
887.0 1824312
887.5 1824484
888.0 1824704
888.5 1824216
889.0 1824296
889.5 1824264
890.0 1824288
890.5 1824160
891.0 1824052
891.5 1824320
892.0 1824508
892.5 1824444
893.0 1824524
893.5 1824840
894.0 1824256
894.5 1824572
895.0 1823852
895.5 1824644
896.0 1824484
896.5 1824848
897.0 1824296
897.5 1824548
898.0 1824248
898.5 1824720
899.0 1824612
899.5 1824612
900.0 1824776
900.5 1824652
901.0 1824460
901.5 1824588
902.0 1824412
902.5 1824524
903.0 1824556
903.5 1824476
904.0 1824476
904.5 1824492
905.0 1824592
905.5 1824480
906.0 1824480
906.5 1824560
907.0 1824164
907.5 1823596
908.0 1823612
908.5 1818036
909.0 1818036
909.5 1818036
910.0 1818028
910.5 1818028
911.0 1818028
911.5 1817996
912.0 1817996
912.5 1817996
913.0 1817996
913.5 1817996
914.0 1817996
914.5 1817996
915.0 1817996
915.5 1817996
916.0 1817996
916.5 1817996
917.0 1817996
917.5 1817996
918.0 1817996
918.5 1817996
919.0 1817996
919.5 1817996
920.0 1817996
920.5 1817996
921.0 1817996
921.5 1818028
922.0 1818028
922.5 1818028
923.0 1818028
923.5 1818028
924.0 1818028
924.5 1817996
925.0 1817996
925.5 1817996
926.0 1817996
926.5 1817996
927.0 1817996
927.5 1817996
928.1 1817996
928.6 1818060
929.1 1818028
929.6 1818028
930.1 1824252
930.6 1824016
931.1 1824220
931.6 1824220
932.1 1824348
932.6 1824724
933.1 1824812
933.6 1824560
934.1 1824196
934.6 1824448
935.1 1824300
935.6 1824504
936.1 1824440
936.6 1824536
937.1 1824524
937.6 1824680
938.1 1824820
938.6 1824488
939.1 1824644
939.6 1824568
940.1 1824580
940.6 1824532
941.1 1824388
941.6 1824232
942.1 1824516
942.6 1824784
943.1 1824404
943.6 1824484
944.1 1824672
944.6 1824736
945.1 1824712
945.6 1824964
946.1 1824412
946.6 1824620
947.1 1824728
947.6 1824620
948.1 1824556
948.6 1824304
949.1 1824336
949.6 1824112
950.1 1824328
950.6 1824376
951.1 1824756
951.6 1824660
952.1 1824628
952.6 1824468
953.1 1824468
953.6 1818584
954.1 1818584
954.6 1818584
955.1 1818576
955.6 1818608
956.1 1818608
956.6 1818608
957.1 1818608
957.6 1818576
958.1 1818576
958.6 1818576
959.1 1818576
959.6 1818576
960.1 1818576
960.6 1818576
961.1 1818576
961.6 1818576
962.1 1818544
962.6 1818608
963.1 1818608
963.6 1818608
964.1 1818608
964.6 1818608
965.1 1818608
965.6 1818608
966.1 1818576
966.6 1818576
967.1 1818576
967.6 1818576
968.1 1818576
968.6 1818576
969.1 1818576
969.6 1818576
970.1 1818608
970.6 1818608
971.1 1818576
971.6 1818576
972.1 1818576
972.6 1818576
973.1 1818576
973.6 1818576
974.1 1818576
974.6 1818576
975.1 1824500
975.6 1824824
976.1 1823892
976.6 1824492
977.1 1824412
977.6 1824428
978.1 1824364
978.6 1824332
979.1 1824492
979.6 1824680
980.1 1824640
980.6 1824404
981.1 1824500
981.6 1824388
982.1 1824608
982.6 1824512
983.1 1824468
983.6 1824468
984.1 1824452
984.6 1824332
985.1 1824712
985.6 1824412
986.1 1824364
986.6 1824380
987.1 1824300
987.6 1824808
988.1 1824348
988.6 1824412
989.1 1824600
989.6 1824524
990.1 1824668
990.6 1824696
991.1 1824744
991.6 1824808
992.1 1824524
992.6 1824412
993.1 1824412
993.6 1824804
994.1 1824948
994.6 1824692
995.1 1824420
995.6 1824644
996.1 1825048
996.6 1824580
997.1 1824260
997.6 1824468
998.1 1824704
998.7 1818320
999.2 1818288
999.7 1818288
1000.2 1818280
1000.7 1818280
1001.2 1818280
1001.7 1818280
1002.2 1818280
1002.7 1818280
1003.2 1818280
1003.7 1818248
1004.2 1818248
1004.7 1818248
1005.2 1818248
1005.7 1818312
1006.2 1818312
1006.7 1818312
1007.2 1818312
1007.7 1818312
1008.2 1818280
1008.8 1818280
1009.3 1818280
1009.8 1818280
1010.3 1818280
1010.8 1818280
1011.3 1818280
1011.8 1818280
1012.3 1818312
1012.8 1818312
1013.3 1818280
1013.8 1818280
1014.3 1818280
1014.8 1818280
1015.3 1818280
1015.8 1818280
1016.3 1818280
1016.8 1818280
1017.3 1818280
1017.8 1818248
1018.3 1818248
1018.8 1818248
1019.3 1818248
1019.8 1824660
1020.3 1824800
1020.8 1824672
1021.3 1824448
1021.8 1824640
1022.3 1824672
1022.8 1824624
1023.3 1824452
1023.8 1824640
1024.3 1824372
1024.8 1824776
1025.3 1824556
1025.8 1824556
1026.3 1824444
1026.8 1824744
1027.3 1824508
1027.8 1824996
1028.3 1824508
1028.8 1824648
1029.3 1824524
1029.8 1824488
1030.3 1824628
1030.8 1824772
1031.3 1824424
1031.8 1824424
1032.3 1824676
1032.8 1824600
1033.3 1824740
1033.8 1824564
1034.3 1824408
1034.8 1824492
1035.3 1824956
1035.8 1824864
1036.3 1824800
1036.8 1824688
1037.3 1824644
1037.8 1824500
1038.3 1824688
1038.8 1824672
1039.3 1824576
1039.8 1824560
1040.3 1824888
1040.8 1824728
1041.3 1824744
1041.8 1824696
1042.3 1824616
1042.8 1824916
1043.3 1818700
1043.9 1818700
1044.4 1818732
1044.9 1818732
1045.4 1818728
1045.9 1818728
1046.4 1818696
1046.9 1818696
1047.4 1818696
1047.9 1818696
1048.5 1818696
1049.0 1818696
1049.5 1818696
1050.0 1818696
1050.5 1818696
1051.0 1818696
1051.5 1818664
1052.0 1818728
1052.5 1818728
1053.0 1818728
1053.5 1818728
1054.0 1818728
1054.5 1818728
1055.0 1818728
1055.5 1818696
1056.0 1818696
1056.5 1818696
1057.0 1818696
1057.5 1818696
1058.0 1818696
1058.5 1818696
1059.0 1818696
1059.5 1818728
1060.0 1818696
1060.5 1818696
1061.0 1818696
1061.5 1818696
1062.0 1818696
1062.5 1818696
1063.0 1818696
1063.5 1818696
1064.0 1818696
1064.5 1818696
1065.0 1824448
1065.5 1824708
1066.0 1825240
1066.5 1825584
1067.0 1824880
1067.5 1824820
1068.0 1824804
1068.5 1824740
1069.0 1824564
1069.5 1824584
1070.0 1824764
1070.5 1824620
1071.0 1824700
1071.5 1824716
1072.0 1824432
1072.5 1824496
1073.0 1824700
1073.5 1824496
1074.0 1824116
1074.5 1824304
1075.0 1824528
1075.5 1824416
1076.0 1824416
1076.5 1824748
1077.0 1824748
1077.5 1824904
1078.0 1824764
1078.5 1824620
1079.0 1824732
1079.5 1824844
1080.0 1824840
1080.5 1824380
1081.0 1824540
1081.5 1824488
1082.0 1824428
1082.5 1824460
1083.0 1824524
1083.5 1824476
1084.0 1824288
1084.5 1824272
1085.0 1823840
1085.5 1823936
1086.0 1824188
1086.5 1824156
1087.0 1824172
1087.5 1824064
1088.0 1824392
1088.5 1818152
1089.0 1818152
1089.5 1818152
1090.0 1818152
1090.5 1818152
1091.0 1818148
1091.5 1818148
1092.0 1818180
1092.5 1818180
1093.0 1818180
1093.5 1818180
1094.0 1818148
1094.5 1818148
1095.0 1818148
1095.5 1818148
1096.0 1818148
1096.5 1818148
1097.0 1818148
1097.5 1818148
1098.0 1818116
1098.5 1818116
1099.0 1818116
1099.5 1818116
1100.0 1818180
1100.5 1818180
1101.0 1818180
1101.5 1818180
1102.0 1818180
1102.5 1818148
1103.0 1818148
1103.5 1818148
1104.0 1818148
1104.5 1818148
1105.0 1818148
1105.5 1818148
1106.0 1818148
1106.5 1818212
1107.0 1818180
1107.5 1818180
1108.0 1818180
1108.5 1818180
1109.0 1818180
1109.5 1818180
1110.0 1823900
1110.5 1823756
1111.0 1823884
1111.5 1824008
1112.0 1824308
1112.5 1824784
1113.0 1824656
1113.5 1824672
1114.0 1824468
1114.5 1824388
1115.0 1824364
1115.5 1824072
1116.0 1824216
1116.5 1824340
1117.0 1824436
1117.5 1824672
1118.0 1824736
1118.5 1824752
1119.0 1824736
1119.5 1824608
1120.0 1824844
1120.5 1824796
1121.0 1824292
1121.5 1824608
1122.0 1825004
1122.5 1824720
1123.0 1824752
1123.5 1824656
1124.0 1824908
1124.5 1824608
1125.0 1824572
1125.5 1824668
1126.0 1825096
1126.5 1824996
1127.0 1825064
1127.5 1824604
1128.0 1824540
1128.5 1824840
1129.0 1824352
1129.5 1824256
1130.0 1824268
1130.5 1824412
1131.0 1824568
1131.5 1824900
1132.0 1824568
1132.5 1824536
1133.0 1824584
1133.5 1818592
1134.0 1818592
1134.5 1818592
1135.1 1818592
1135.6 1818588
1136.1 1818556
1136.6 1818556
1137.1 1818556
1137.7 1818556
1138.2 1818556
1138.7 1818556
1139.2 1818556
1139.7 1818556
1140.2 1818556
1140.7 1818588
1141.2 1818588
1141.7 1818588
1142.2 1818588
1142.7 1818588
1143.2 1818588
1143.7 1818588
1144.2 1818588
1144.7 1818556
1145.2 1818556
1145.7 1818556
1146.2 1818556
1146.7 1818556
1147.2 1818556
1147.7 1818588
1148.2 1818588
1148.7 1818588
1149.2 1818588
1149.7 1818588
1150.2 1818556
1150.7 1818556
1151.2 1818556
1151.7 1818556
1152.2 1818556
1152.7 1818556
1153.2 1818556
1153.7 1818556
1154.2 1818556
1154.7 1825024
1155.2 1824280
1155.7 1824708
1156.2 1823896
1156.7 1824312
1157.2 1824580
1157.7 1824424
1158.2 1824140
1158.7 1824124
1159.2 1824504
1159.7 1824244
1160.2 1823920
1160.7 1824368
1161.2 1824400
1161.7 1824796
1162.2 1824532
1162.7 1824604
1163.2 1824700
1163.7 1824416
1164.2 1824524
1164.7 1824236
1165.2 1824412
1165.7 1824412
1166.2 1823972
1166.7 1823732
1167.2 1823764
1167.7 1824408
1168.2 1824004
1168.7 1823860
1169.2 1824064
1169.7 1824468
1170.2 1824528
1170.7 1824512
1171.2 1824608
1171.7 1824608
1172.2 1824688
1172.7 1824544
1173.2 1824640
1173.7 1825000
1174.2 1824908
1174.7 1824584
1175.2 1824588
1175.7 1824540
1176.2 1824604
1176.7 1824604
1177.2 1824620
1177.7 1824492
1178.2 1818504
1178.7 1818504
1179.2 1818504
1179.7 1818504
1180.2 1818504
1180.7 1818496
1181.2 1818496
1181.7 1818496
1182.2 1818528
1182.7 1818496
1183.2 1818496
1183.7 1818496
1184.2 1818496
1184.7 1818496
1185.2 1818496
1185.7 1818496
1186.2 1818496
1186.7 1818496
1187.2 1818464
1187.7 1818464
1188.2 1818464
1188.7 1818464
1189.3 1818528
1189.8 1818528
1190.3 1818528
1190.8 1818528
1191.3 1818528
1191.8 1818528
1192.3 1818496
1192.8 1818496
1193.3 1818496
1193.8 1818496
1194.3 1818496
1194.8 1818496
1195.3 1818496
1195.8 1818496
1196.3 1818560
1196.8 1818528
1197.3 1818528
1197.8 1818528
1198.3 1818528
1198.8 1818528
1199.3 1818528
1199.8 1818528
1200.3 1824484
1200.8 1824660
1201.3 1824564
1201.8 1824248
1202.3 1824060
1202.8 1824596
1203.3 1824564
1203.8 1824612
1204.3 1824800
1204.8 1824864
1205.3 1824904
1205.8 1824684
1206.3 1824460
1206.8 1824636
1207.3 1824524
1207.8 1824320
1208.3 1824384
1208.8 1824384
1209.3 1824192
1209.8 1824320
1210.3 1824032
1210.8 1824268
1211.3 1824332
1211.8 1824284
1212.3 1824192
1212.8 1824300
1213.3 1824268
1213.8 1824600
1214.3 1824884
1214.8 1824332
1215.3 1824260
1215.8 1824672
1216.3 1824640
1216.8 1824828
1217.3 1824828
1217.8 1824748
1218.3 1824704
1218.8 1824796
1219.3 1824732
1219.8 1824796
1220.3 1824456
1220.8 1824932
1221.3 1824772
1221.8 1824836
1222.3 1824616
1222.8 1824756
1223.3 1824520
1223.8 1818500
1224.3 1818500
1224.8 1818500
1225.3 1818468
1225.8 1818468
1226.3 1818460
1226.8 1818460
1227.3 1818460
1227.8 1818460
1228.3 1818492
1228.8 1818492
1229.3 1818460
1229.8 1818460
1230.3 1818460
1230.8 1818460
1231.3 1818460
1231.8 1818460
1232.3 1818460
1232.8 1818460
1233.3 1818460
1233.8 1818460
1234.3 1818428
1234.8 1818428
1235.3 1818428
1235.8 1818428
1236.3 1818492
1236.8 1818492
1237.3 1818492
1237.9 1818492
1238.4 1818492
1238.9 1818492
1239.4 1818460
1239.9 1818460
1240.4 1818460
1240.9 1818460
1241.4 1818460
1241.9 1818460
1242.4 1818460
1242.9 1818460
1243.4 1818492
1243.9 1818492
1244.4 1818492
1244.9 1818492
1245.4 1824324
1245.9 1824116
1246.4 1824544
1246.9 1824836
1247.4 1825024
1247.9 1824316
1248.4 1824664
1248.9 1824364
1249.4 1824532
1249.9 1824504
1250.4 1824848
1250.9 1824328
1251.4 1824092
1251.9 1824108
1252.4 1824344
1252.9 1824452
1253.4 1823840
1253.9 1823996
1254.4 1824296
1254.9 1824280
1255.4 1824496
1255.9 1824780
1256.4 1824512
1256.9 1824388
1257.4 1824340
1257.9 1824436
1258.4 1824388
1258.9 1824644
1259.4 1824552
1259.9 1824380
1260.4 1824824
1260.9 1824960
1261.4 1824960
1261.9 1824692
1262.4 1824248
1262.9 1824692
1263.4 1824816
1263.9 1824864
1264.4 1824848
1264.9 1824724
1265.4 1824792
1265.9 1824492
1266.4 1824620
1266.9 1824224
1267.4 1824288
1267.9 1824352
1268.4 1821172
1268.9 1818252
1269.4 1818252
1269.9 1818252
1270.4 1818252
1270.9 1818252
1271.4 1818216
1271.9 1818216
1272.4 1818216
1272.9 1818216
1273.4 1818280
1273.9 1818280
1274.4 1818280
1274.9 1818280
1275.4 1818280
1275.9 1818280
1276.4 1818248
1276.9 1818248
1277.4 1818248
1277.9 1818248
1278.4 1818248
1278.9 1818248
1279.4 1818248
1279.9 1818248
1280.4 1818280
1280.9 1818280
1281.4 1818280
1281.9 1818280
1282.4 1818280
1282.9 1818280
1283.4 1818280
1283.9 1818280
1284.5 1818280
1285.0 1818248
1285.5 1818248
1286.0 1818248
1286.5 1818248
1287.0 1818280
1287.5 1818280
1288.0 1818280
1288.5 1818280
1289.0 1818280
1289.5 1818280
1290.0 1824164
1290.5 1824072
1291.0 1823836
1291.5 1824136
1292.0 1824876
1292.5 1824592
1293.0 1824560
1293.5 1824368
1294.0 1824324
1294.5 1824292
1295.0 1824320
1295.5 1824352
1296.0 1823924
1296.5 1824336
1297.0 1824272
1297.5 1824488
1298.0 1824320
1298.5 1824208
1299.0 1824020
1299.5 1824144
1300.0 1824408
1300.5 1824140
1301.0 1824644
1301.5 1824584
1302.0 1824568
1302.5 1824300
1303.0 1824520
1303.5 1824948
1304.0 1824708
1304.5 1824768
1305.0 1824676
1305.5 1824660
1306.0 1824048
1306.5 1824488
1307.0 1824724
1307.5 1824708
1308.0 1824772
1308.5 1824536
1309.0 1824128
1309.5 1824048
1310.0 1823764
1310.5 1824064
1311.0 1823700
1311.5 1823652
1312.0 1823748
1312.5 1823496
1313.0 1821256
1313.5 1817704
1314.0 1817704
1314.5 1817704
1315.0 1817696
1315.5 1817664
1316.0 1817664
1316.5 1817664
1317.1 1817664
1317.6 1817664
1318.1 1817664
1318.6 1817664
1319.1 1817664
1319.6 1817664
1320.1 1817632
1320.6 1817696
1321.1 1817696
1321.6 1817696
1322.1 1817696
1322.6 1817696
1323.1 1817696
1323.6 1817696
1324.1 1817696
1324.6 1817696
1325.1 1817696
1325.6 1817664
1326.1 1817664
1326.6 1817664
1327.1 1817664
1327.6 1817696
1328.1 1817696
1328.6 1817696
1329.1 1817696
1329.6 1817664
1330.1 1817664
1330.6 1817664
1331.1 1817664
1331.6 1817664
1332.1 1817664
1332.6 1817664
1333.1 1817664
1333.6 1817664
1334.1 1817632
1334.6 1817632
1335.1 1823788
1335.6 1824340
1336.1 1824448
1336.6 1824308
1337.1 1824388
1337.6 1824308
1338.1 1824276
1338.6 1824024
1339.1 1824388
1339.6 1824292
1340.1 1824776
1340.6 1824584
1341.1 1824448
1341.6 1823924
1342.1 1824272
1342.6 1823972
1343.1 1824100
1343.6 1824336
1344.1 1824196
1344.6 1823500
1345.1 1823400
1345.6 1823764
1346.1 1823796
1346.6 1823812
1347.1 1823700
1347.6 1823732
1348.1 1823748
1348.6 1824000
1349.1 1824756
1349.6 1824820
1350.1 1824560
1350.6 1824384
1351.1 1824228
1351.6 1823584
1352.1 1824860
1352.6 1824576
1353.1 1824432
1353.6 1824544
1354.1 1824448
1354.6 1824244
1355.1 1823792
1355.6 1825252
1356.1 1824540
1356.6 1824620
1357.1 1824572
1357.6 1824524
1358.1 1822940
1358.6 1818616
1360.4 1818608
1360.9 1818608
1362.1 1818608
1363.3 1818608
1364.6 1818608
1365.1 1818608
1369.0 1818640
1369.5 1818640
1370.0 1818640
1370.5 1818640
1373.5 1818640
1374.5 1818640
1377.5 1818640
1379.5 1818608
1380.0 1824168
1380.5 1823980
1381.0 1823948
1381.5 1824500
1382.0 1824548
1382.5 1824580
1383.0 1824044
1383.5 1823568
1384.0 1823932
1384.5 1824516
1385.0 1824476
1385.5 1824176
1386.0 1824160
1386.5 1824412
1387.0 1824588
1387.5 1824572
1388.0 1824336
1388.5 1824320
1389.0 1824476
1389.5 1824524
1390.0 1824788
1390.5 1824740
1391.0 1824360
1391.5 1824472
1392.0 1824408
1392.5 1824520
1393.0 1824432
1393.5 1824452
1394.0 1824956
1394.5 1824220
1395.0 1824368
1395.5 1824528
1396.0 1824448
1396.5 1824100
1397.0 1824636
1397.5 1825044
1398.0 1824512
1398.5 1824368
1399.0 1824384
1399.5 1824512
1400.0 1824632
1400.5 1824476
1401.0 1824444
1401.5 1824540
1402.0 1824192
1402.5 1824176
1403.0 1820820
1403.5 1817968
1404.0 1817968
1405.0 1817968
1405.5 1817960
1406.4 1817960
1406.9 1817960
1407.4 1817928
1407.9 1817928
1408.4 1817928
1408.9 1817928
1409.7 1817928
1410.2 1817928
1410.7 1817928
1411.2 1817928
1412.6 1817992
1413.4 1817960
1413.9 1817960
1415.1 1817960
1416.0 1817960
1416.6 1817960
1418.3 1817960
1419.5 1817960
1420.3 1817960
1420.9 1817928
1421.4 1817928
1421.9 1817928
1422.6 1817928
1423.6 1817960
1424.3 1817960
1424.8 1824028
1425.3 1824728
1425.8 1824680
1426.3 1824524
1426.8 1824540
1427.3 1824396
1427.8 1824712
1428.3 1824444
1428.8 1824508
1429.3 1824524
1429.8 1824316
1430.3 1824488
1430.8 1824692
1431.3 1824440
1431.8 1824440
1432.3 1824424
1432.8 1824488
1433.3 1824252
1433.8 1824536
1434.3 1824424
1434.8 1824592
1435.3 1824276
1435.8 1824436
1436.3 1824372
1436.8 1824532
1437.3 1824152
1437.8 1824184
1438.3 1824532
1438.8 1825336
1439.3 1825504
1439.8 1825448
1440.3 1824688
1440.8 1824816
1441.3 1824488
1441.8 1824696
1442.3 1824476
1442.8 1824648
1443.3 1824680
1443.8 1824616
1444.3 1824316
1444.8 1824500
1445.3 1824292
1445.8 1824704
1446.3 1824532
1446.8 1824372
1447.3 1823932
1447.8 1823616
1448.3 1817920
1449.1 1817920
1449.6 1817920
1451.2 1817888
1451.7 1817888
1453.7 1817888
1454.2 1817888
1454.7 1817888
1455.3 1817888
1455.8 1817888
1456.6 1817888
1457.1 1817856
1457.9 1817920
1459.6 1817920
1460.1 1817920
1460.6 1817920
1461.1 1817920
1461.6 1817920
1462.6 1817920
1463.1 1817888
1463.6 1817888
1465.4 1817888
1465.9 1817888
1466.6 1817888
1467.1 1817888
1468.9 1817920
1469.4 1817920
1469.9 1823876
1470.4 1824048
1470.9 1824032
1471.4 1823968
1471.9 1823984
1472.4 1824364
1472.9 1824524
1473.4 1824524
1473.9 1824600
1474.4 1824380
1474.9 1824392
1475.4 1824644
1475.9 1824564
1476.4 1824376
1476.9 1824580
1477.4 1824344
1477.9 1824440
1478.4 1824344
1478.9 1824280
1479.4 1824456
1479.9 1824352
1480.4 1824448
1480.9 1824384
1481.4 1824568
1481.9 1824212
1482.4 1823660
1482.9 1823740
1483.4 1823644
1483.9 1823500
1484.4 1823596
1484.9 1823528
1485.4 1823544
1485.9 1823528
1486.4 1823640
1486.9 1823700
1487.4 1824016
1487.9 1824016
1488.4 1824240
1488.9 1824412
1489.4 1824332
1489.9 1824316
1490.4 1824460
1490.9 1824396
1491.4 1824128
1491.9 1824256
1492.4 1824160
1492.9 1823780
1494.4 1817912
1494.9 1817912
1495.6 1817912
1496.1 1817876
1496.6 1817876
1498.0 1817876
1498.5 1817876
1499.6 1817876
1500.2 1817876
1500.7 1817876
1501.4 1817844
1501.9 1817844
1502.4 1817844
1503.2 1817908
1504.0 1817908
1504.5 1817908
1505.4 1817908
1506.1 1817908
1506.6 1817908
1507.6 1817876
1508.9 1817876
1509.4 1817876
1509.9 1817876
1511.4 1817876
1512.3 1817876
1513.7 1817876
1514.3 1817876
1514.8 1824152
1515.3 1823532
1515.8 1823756
1516.3 1823992
1516.8 1823548
1517.3 1824052
1517.8 1824304
1518.3 1824400
1518.8 1824572
1519.3 1824132
1519.8 1824112
1520.3 1824460
1520.8 1824428
1521.3 1824632
1521.8 1824836
1522.3 1824316
1522.8 1824112
1523.3 1824256
1523.8 1824412
1524.3 1824500
1524.8 1824556
1525.3 1824904
1525.8 1824424
1526.3 1824100
1526.8 1824212
1527.3 1824132
1527.8 1824212
1528.3 1824636
1528.8 1824540
1529.3 1824668
1529.8 1824520
1530.3 1824176
1530.8 1824176
1531.3 1824224
1531.8 1824080
1532.3 1824364
1532.8 1824428
1533.3 1824412
1533.8 1824508
1534.3 1824348
1534.8 1824364
1535.3 1824520
1535.8 1824300
1536.3 1824648
1536.8 1824680
1537.3 1824820
1537.8 1825092
1538.3 1818692
1539.8 1818692
1541.3 1818692
1542.0 1818692
1542.5 1818692
1543.5 1818692
1544.0 1818692
1546.0 1818692
1546.7 1818692
1547.2 1818692
1548.0 1818692
1548.5 1818660
1549.0 1818660
1550.5 1818660
1552.1 1818692
1552.6 1818692
1553.9 1818692
1554.4 1818660
1555.9 1818660
1556.4 1818660
1556.9 1818660
1557.7 1818660
1558.8 1818660
1559.5 1818660
1560.0 1824556
1560.5 1824680
1561.0 1824568
1561.5 1824536
1562.0 1824696
1562.5 1824632
1563.0 1824552
1563.5 1824332
1564.0 1823984
1564.5 1824176
1565.0 1824092
1565.5 1824108
1566.0 1824264
1566.5 1824156
1567.0 1824076
1567.5 1824092
1568.0 1824108
1568.5 1824092
1569.0 1824220
1569.5 1824564
1570.0 1824764
1570.5 1824432
1571.0 1823772
1571.5 1823976
1572.0 1824104
1572.5 1824436
1573.0 1824468
1573.5 1824072
1574.0 1824816
1574.5 1824532
1575.0 1824496
1575.5 1824308
1576.0 1824656
1576.5 1824308
1577.0 1824436
1577.5 1824608
1578.0 1824512
1578.5 1824924
1579.0 1824780
1579.5 1824164
1580.0 1824272
1580.5 1824652
1581.0 1825472
1581.5 1824068
1582.0 1824272
1582.5 1824304
1583.0 1824288
1583.5 1818276
1584.0 1818276
1584.5 1818276
1586.0 1818240
1587.0 1818240
1587.5 1818240
1588.9 1818304
1589.4 1818304
1589.9 1818304
1590.6 1818304
1591.1 1818304
1592.4 1818272
1593.6 1818272
1594.1 1818272
1595.6 1818272
1596.1 1818272
1597.3 1818272
1597.8 1818272
1598.4 1818272
1598.9 1818272
1599.7 1818304
1600.2 1818304
1600.9 1818304
1603.1 1818304
1603.9 1818304
1604.5 1818304
1605.0 1824756
1605.5 1824724
1606.0 1824908
1606.5 1824292
1607.0 1824560
1607.5 1824624
1608.0 1824576
1608.5 1824464
1609.0 1824640
1609.5 1824764
1610.0 1824552
1610.5 1824728
1611.0 1824460
1611.5 1824476
1612.0 1824600
1612.5 1824488
1613.0 1824536
1613.5 1824472
1614.0 1824424
1614.5 1824728
1615.0 1824072
1615.5 1824324
1616.0 1824920
1616.5 1824544
1617.0 1824720
1617.5 1824496
1618.0 1824560
1618.5 1824244
1619.0 1824456
1619.5 1825980
1620.0 1825880
1620.5 1825136
1621.0 1824788
1621.5 1824268
1622.0 1824380
1622.5 1824428
1623.0 1824284
1623.5 1824268
1624.0 1824380
1624.5 1824916
1625.0 1824216
1625.5 1824044
1626.0 1823964
1626.5 1824360
1627.0 1824344
1627.5 1824740
1628.0 1824264
1629.0 1818372
1629.7 1818340
1630.5 1818332
1631.0 1818332
1632.2 1818332
1632.8 1818332
1634.5 1818332
1635.1 1818332
1635.6 1818332
1636.1 1818332
1636.6 1818300
1637.2 1818300
1637.7 1818300
1638.2 1818300
1640.2 1818364
1641.1 1818364
1641.6 1818364
1642.8 1818364
1643.3 1818364
1643.8 1818364
1644.5 1818364
1645.9 1818332
1646.4 1818332
1646.9 1818332
1647.4 1818332
1648.0 1818332
1649.3 1818332
1649.8 1824404
1650.3 1824248
1650.8 1824120
1651.3 1824328
1651.8 1824312
1652.3 1824532
1652.8 1824612
1653.3 1824296
1653.8 1824076
1654.3 1824168
1654.8 1824256
1655.3 1824380
1655.8 1824684
1656.3 1824352
1656.8 1824240
1657.3 1824524
1657.8 1824428
1658.3 1824684
1658.8 1824256
1659.3 1824020
1659.8 1824080
1660.3 1824220
1660.8 1824504
1661.3 1824284
1661.8 1824600
1662.3 1824204
1662.8 1824504
1663.3 1824708
1663.8 1824348
1664.3 1824472
1664.8 1824308
1665.3 1824164
1665.8 1824732
1666.3 1824260
1666.8 1824276
1667.3 1824308
1667.8 1824688
1668.3 1824464
1668.8 1824876
1669.3 1824448
1669.8 1824440
1670.3 1824520
1670.8 1824284
1671.3 1824300
1671.8 1824204
1672.3 1824696
1672.8 1823904
1673.3 1817948
1674.3 1817948
1675.0 1817948
1675.5 1817940
1676.0 1817940
1676.8 1817940
1677.8 1817940
1678.3 1817940
1678.8 1817908
1679.3 1817908
1680.0 1817908
1681.6 1817940
1682.4 1817940
1682.9 1817940
1683.4 1817940
1683.9 1817940
1684.4 1817940
1685.6 1817908
1686.7 1817908
1687.6 1817908
1688.1 1817908
1688.6 1817908
1690.5 1817908
1691.0 1817908
1691.5 1817908
1692.0 1817908
1693.1 1817940
1693.6 1817940
1694.4 1817940
1694.9 1823500
1695.4 1823740
1695.9 1823740
1696.4 1824040
1696.9 1823868
1697.4 1823740
1697.9 1823756
1698.4 1823804
1698.9 1824336
1699.4 1824448
1699.9 1824412
1700.4 1824428
1700.9 1823908
1701.4 1824524
1701.9 1824192
1702.4 1824272
1702.9 1824304
1703.4 1824336
1703.9 1824400
1704.4 1824176
1704.9 1824472
1705.4 1824536
1705.9 1824472
1706.4 1824472
1706.9 1824284
1707.4 1824236
1707.9 1824016
1708.4 1824048
1708.9 1823872
1709.4 1824188
1709.9 1824532
1710.4 1824688
1710.9 1824308
1711.4 1824372
1711.9 1824184
1712.4 1824848
1712.9 1824516
1713.4 1824296
1713.9 1824436
1714.4 1824532
1714.9 1824588
1715.4 1824776
1715.9 1824524
1716.4 1824272
1716.9 1824144
1717.4 1824240
1717.9 1824116
1718.4 1818180
1719.6 1818180
1720.1 1818180
1720.7 1818180
1721.2 1818180
1721.8 1818212
1722.3 1818212
1723.3 1818212
1723.8 1818212
1724.3 1818212
1724.9 1818212
1725.4 1818212
1725.9 1818212
1727.3 1818212
1729.0 1818180
1729.5 1818180
1730.0 1818180
1730.5 1818180
1731.3 1818212
1731.8 1818212
1732.3 1818212
1732.8 1818212
1733.9 1818212
1734.4 1818180
1734.9 1818180
1737.4 1818180
1737.9 1818180
1738.4 1818180
1738.9 1818180
1739.5 1818180
1740.0 1823720
1740.5 1823532
1741.0 1824100
1741.5 1824176
1742.0 1824352
1742.5 1824320
1743.0 1824636
1743.5 1824696
1744.0 1824508
1744.5 1824160
1745.0 1824472
1745.5 1824300
1746.0 1824376
1746.5 1824456
1747.0 1824424
1747.5 1824600
1748.0 1824408
1748.5 1824236
1749.0 1824472
1749.5 1824296
1750.0 1824496
1750.5 1824528
1751.0 1824544
1751.5 1824828
1752.0 1824432
1752.5 1824868
1753.0 1824796
1753.5 1824528
1754.0 1824624
1754.5 1824748
1755.0 1824520
1755.5 1824696
1756.0 1825104
1756.5 1824804
1757.0 1824504
1757.5 1824756
1758.0 1824440
1758.5 1823936
1759.0 1823556
1759.5 1824188
1760.0 1824072
1760.5 1823980
1761.0 1824344
1761.5 1824420
1762.0 1824484
1762.5 1824908
1763.0 1824800
1763.5 1818668
1764.1 1818668
1764.6 1818668
1765.2 1818636
1765.7 1818632
1767.0 1818632
1767.5 1818632
1768.6 1818632
1769.1 1818632
1769.6 1818664
1770.3 1818664
1771.0 1818632
1771.6 1818632
1772.1 1818632
1772.6 1818632
1773.3 1818632
1773.9 1818632
1775.3 1818632
1776.2 1818632
1776.7 1818632
1777.3 1818600
1777.8 1818600
1778.3 1818600
1778.8 1818664
1779.4 1818664
1779.9 1818664
1780.5 1818664
1781.0 1818664
1781.6 1818664
1782.9 1818632
1783.6 1818632
1784.5 1818632
1785.0 1824484
1785.5 1824740
1786.0 1824504
1786.5 1824472
1787.0 1824560
1787.5 1824928
1788.0 1824376
1788.5 1824708
1789.0 1824284
1789.5 1824488
1790.0 1824720
1790.5 1824864
1791.0 1824580
1791.5 1824640
1792.0 1824484
1792.5 1824672
1793.0 1824468
1793.5 1824688
1794.0 1824420
1794.5 1824752
1795.0 1824636
1795.5 1824892
1796.0 1824780
1796.5 1824796
1797.0 1824636
1797.5 1824668
1798.0 1824556
1798.5 1824572
1799.0 1824604
1799.5 1824228
1800.0 1824144
1800.5 1824208
1801.0 1824192
1801.5 1823860
1802.0 1823768
1802.5 1823736
1803.0 1824808
1803.5 1824664
1804.0 1824744
1804.5 1824460
1805.0 1824500
1805.5 1824356
1806.0 1824596
1806.5 1824656
1807.0 1824640
1807.5 1824420
1808.0 1824704
1808.5 1818512
1809.2 1818512
1809.8 1818512
1810.3 1818512
1810.8 1818504
1811.3 1818504
1813.1 1818724
1813.6 1818724
1814.1 1818724
1816.5 1818756
1817.0 1818756
1817.5 1818756
1818.0 1818756
1818.8 1818756
1819.8 1818724
1821.3 1818724
1823.8 1818724
1824.9 1818724
1825.7 1818724
1826.2 1818724
1826.7 1818724
1827.2 1818724
1827.7 1818724
1828.2 1818756
1829.5 1818756
1830.0 1824752
1830.5 1824436
1831.0 1824324
1831.5 1824736
1832.0 1824532
1832.5 1824516
1833.0 1824784
1833.5 1824500
1834.0 1824816
1834.5 1824532
1835.0 1825000
1835.5 1824140
1836.0 1824172
1836.5 1824188
1837.0 1824660
1837.5 1824628
1838.0 1824992
1838.5 1824772
1839.0 1824820
1839.5 1824424
1840.0 1824624
1840.5 1824516
1841.0 1824832
1841.5 1824516
1842.0 1824420
1842.5 1824404
1843.0 1824564
1843.5 1823964
1844.0 1824200
1844.5 1824468
1845.0 1824320
1845.5 1824224
1846.0 1824224
1846.5 1824932
1847.0 1824436
1847.5 1824380
1848.0 1824384
1848.5 1824332
1849.0 1824112
1849.5 1824160
1850.0 1824720
1850.5 1824960
1851.0 1824944
1851.5 1824440
1852.0 1824612
1852.5 1824628
1853.0 1824424
1853.5 1818272
1854.0 1818272
1855.0 1818268
1856.4 1818268
1858.2 1818268
1859.6 1818268
1860.7 1818236
1861.2 1818236
1864.1 1818236
1865.8 1818236
1866.7 1818236
1868.1 1818236
1869.8 1818300
1870.5 1818300
1871.0 1818268
1871.5 1818268
1872.1 1818268
1872.6 1818268
1873.2 1818268
1874.4 1818268
1874.9 1824160
1875.4 1824080
1875.9 1824080
1876.4 1824160
1876.9 1824176
1877.4 1823812
1877.9 1824020
1878.4 1823964
1878.9 1824544
1879.4 1824704
1879.9 1824288
1880.4 1824400
1880.9 1824352
1881.4 1824748
1881.9 1824620
1882.4 1824556
1882.9 1824920
1883.4 1824888
1883.9 1824588
1884.4 1824620
1884.9 1824616
1885.4 1824128
1885.9 1824300
1886.4 1824348
1886.9 1824444
1887.4 1824032
1887.9 1824096
1888.4 1823764
1888.9 1823764
1889.4 1823748
1889.9 1824096
1890.4 1824332
1890.9 1824384
1891.4 1823844
1891.9 1823244
1892.4 1823688
1892.9 1823544
1893.4 1823732
1893.9 1824000
1894.4 1824096
1894.9 1823944
1895.4 1823964
1895.9 1823568
1896.4 1824356
1896.9 1824168
1897.4 1823788
1897.9 1824056
1898.4 1818820
1899.0 1818820
1900.1 1818816
1901.0 1818784
1901.6 1818784
1902.6 1818784
1903.6 1818784
1904.4 1818784
1905.3 1818784
1905.8 1818784
1906.3 1818816
1906.8 1818816
1907.6 1818784
1908.5 1818784
1909.0 1818784
1909.6 1818784
1910.7 1818784
1911.2 1818784
1911.7 1818784
1913.5 1818784
1914.0 1818784
1914.5 1818752
1915.0 1818816
1916.3 1818816
1916.8 1818816
1917.5 1818816
1918.9 1818816
1919.5 1818816
1920.0 1824496
1920.5 1824700
1921.0 1824700
1921.5 1824196
1922.0 1824052
1922.5 1824476
1923.0 1824588
1923.5 1824528
1924.0 1824576
1924.5 1824668
1925.0 1824584
1925.5 1824268
1926.0 1824284
1926.5 1824600
1927.0 1824760
1927.5 1824584
1928.0 1824408
1928.5 1824268
1929.0 1824396
1929.5 1824460
1930.0 1824512
1930.5 1824308
1931.0 1824324
1931.5 1824420
1932.0 1824592
1932.5 1824576
1933.0 1824508
1933.5 1824256
1934.0 1824144
1934.5 1823984
1935.0 1823852
1935.5 1823788
1936.0 1823504
1936.5 1824120
1937.0 1823772
1937.5 1824168
1938.0 1824120
1938.5 1824152
1939.0 1824168
1939.5 1824592
1940.0 1824540
1940.5 1824540
1941.0 1824604
1941.5 1824556
1942.0 1824304
1942.5 1824524
1943.0 1824684
1943.7 1818496
1944.2 1818496
1946.1 1818460
1947.0 1818460
1947.5 1818460
1948.0 1818460
1949.3 1818460
1950.3 1818460
1950.8 1818460
1951.8 1818460
1952.4 1818460
1953.5 1818492
1954.0 1818492
1954.5 1818492
1955.0 1818492
1955.9 1818492
1956.4 1818492
1956.9 1818492
1957.6 1818492
1958.1 1818492
1958.6 1818460
1959.2 1818460
1959.7 1818460
1960.2 1818460
1960.7 1818460
1961.2 1818492
1961.8 1818492
1962.3 1818492
1962.8 1818492
1963.3 1818460
1963.8 1818460
1964.3 1818460
1964.8 1825724
1965.3 1824380
1965.8 1824412
1966.3 1824160
1966.8 1824064
1967.3 1824192
1967.8 1824064
1968.3 1824064
1968.8 1824064
1969.3 1824064
1969.8 1824252
1970.3 1824188
1970.8 1824220
1971.3 1824316
1971.8 1824752
1972.3 1824628
1972.8 1824532
1973.3 1824708
1973.8 1824740
1974.3 1824692
1974.8 1824736
1975.3 1825540
1975.8 1824816
1976.3 1824828
1976.8 1824672
1977.3 1824688
1977.8 1824672
1978.3 1823932
1978.8 1823584
1979.3 1823948
1979.8 1824024
1980.3 1824344
1980.8 1824552
1981.3 1824504
1981.8 1824440
1982.3 1824612
1982.8 1824548
1983.3 1824392
1983.8 1824544
1984.3 1824756
1984.8 1824656
1985.3 1824720
1985.8 1824736
1986.3 1824484
1986.8 1824516
1987.3 1824500
1987.8 1824120
1988.3 1818636
1988.8 1818172
1989.3 1818172
1989.8 1818172
1990.3 1818168
1990.8 1818136
1991.3 1818200
1991.8 1818200
1992.3 1818200
1992.8 1818200
1993.3 1818200
1993.9 1818200
1994.4 1818200
1994.9 1818200
1995.4 1818168
1995.9 1818168
1996.4 1818168
1996.9 1818168
1997.4 1818168
1997.9 1818168
1998.4 1818168
1998.9 1818168
1999.4 1818200
1999.9 1818200
2000.4 1818168
2000.9 1818168
2001.4 1818168
2001.9 1818168
2002.4 1818168
2002.9 1818168
2003.4 1818168
2003.9 1818168
2004.4 1818168
2004.9 1818136
2005.4 1818136
2005.9 1818136
2006.4 1818136
2006.9 1818200
2007.4 1818200
2007.9 1818200
2008.4 1818200
2008.9 1818200
2009.4 1818200
2009.9 1824552
2010.4 1823312
2010.9 1823912
2011.4 1823816
2011.9 1823784
2012.4 1823684
2012.9 1824360
2013.4 1824312
2013.9 1824500
2014.4 1824676
2014.9 1824112
2015.4 1824376
2015.9 1824232
2016.4 1824344
2016.9 1824424
2017.4 1824296
2017.9 1824564
2018.4 1824312
2018.9 1824328
2019.4 1824440
2019.9 1824320
2020.4 1824604
2020.9 1824540
2021.4 1824208
2021.9 1824256
2022.4 1824824
2022.9 1824492
2023.4 1824240
2023.9 1824840
2024.4 1824540
2024.9 1824676
2025.4 1824676
2025.9 1824532
2026.4 1824392
2026.9 1824376
2027.4 1824596
2027.9 1824532
2028.4 1824708
2028.9 1824200
2029.4 1824580
2029.9 1824604
2030.4 1824416
2030.9 1824524
2031.4 1824620
2031.9 1824556
2032.4 1824700
2032.9 1824208
2033.4 1818104
2033.9 1818104
2034.4 1818104
2034.9 1818104
2035.4 1818104
2035.9 1818096
2036.4 1818096
2037.0 1818064
2037.5 1818064
2038.0 1818064
2038.5 1818064
2039.0 1818064
2039.5 1818064
2040.0 1818064
2040.5 1818064
2041.0 1818096
2041.5 1818096
2042.0 1818064
2042.5 1818064
2043.0 1818064
2043.5 1818064
2044.0 1818064
2044.5 1818064
2045.0 1818064
2045.5 1818064
2046.0 1818064
2046.5 1818064
2047.0 1818032
2047.5 1818096
2048.0 1818096
2048.5 1818096
2049.1 1818096
2049.6 1818096
2050.1 1818096
2050.6 1818096
2051.1 1818064
2051.6 1818064
2052.1 1818064
2052.6 1818064
2053.1 1818064
2053.6 1818064
2054.1 1818064
2054.6 1818064
2055.1 1823660
2055.6 1824116
2056.1 1824464
2056.6 1824020
2057.1 1823940
2057.6 1824084
2058.1 1823752
2058.6 1824192
2059.1 1824224
2059.6 1824036
2060.1 1824252
2060.6 1824080
2061.1 1824364
2061.6 1824396
2062.1 1824252
2062.6 1824456
2063.1 1824236
2063.6 1824552
2064.1 1824648
2064.6 1824648
2065.1 1824732
2065.6 1824796
2066.1 1824528
2066.6 1824544
2067.1 1824592
2067.6 1824624
2068.1 1824876
2068.6 1824768
2069.1 1824576
2069.6 1824592
2070.1 1824320
2070.6 1824652
2071.1 1824744
2071.6 1824444
2072.1 1824508
2072.6 1824524
2073.1 1824212
2073.6 1824004
2074.1 1823816
2074.6 1824164
2075.1 1824044
2075.6 1823824
2076.1 1823884
2076.6 1824204
2077.1 1824764
2077.6 1824816
2078.1 1824516
2078.6 1818520
2079.1 1818520
2079.6 1818488
2080.1 1818480
2080.6 1818480
2081.1 1818480
2081.6 1818480
2082.1 1818480
2082.6 1818480
2083.1 1818480
2083.6 1818512
2084.1 1818480
2084.6 1818480
2085.1 1818480
2085.6 1818480
2086.1 1818480
2086.6 1818480
2087.1 1818480
2087.6 1818480
2088.1 1818480
2088.6 1818480
2089.1 1818480
2089.6 1818512
2090.1 1818512
2090.6 1818512
2091.1 1818512
2091.6 1818512
2092.1 1818512
2092.7 1818512
2093.2 1818512
2093.7 1818480
2094.2 1818480
2094.7 1818480
2095.2 1818480
2095.7 1818480
2096.2 1818480
2096.7 1818480
2097.2 1818512
2097.7 1818512
2098.2 1818480
2098.7 1818480
2099.2 1818480
2099.7 1823852
2100.2 1824508
2100.7 1824652
2101.2 1824256
2101.7 1824384
2102.2 1824572
2102.7 1824256
2103.2 1824304
2103.7 1824384
2104.2 1824556
2104.7 1824848
2105.2 1824588
2105.7 1824272
2106.2 1824684
2106.7 1824444
2107.2 1824416
2107.7 1824684
2108.2 1824936
2108.7 1824744
2109.2 1824604
2109.7 1824632
2110.2 1824804
2110.7 1824584
2111.2 1824504
2111.7 1824788
2112.2 1824612
2112.7 1824472
2113.2 1824268
2113.7 1824364
2114.2 1823448
2114.7 1823756
2115.2 1824504
2115.7 1824300
2116.2 1824900
2116.7 1824932
2117.2 1824568
2117.7 1824712
2118.2 1824820
2118.7 1824552
2119.2 1824348
2119.7 1824596
2120.2 1824564
2120.7 1824596
2121.2 1824564
2121.7 1824232
2122.2 1824548
2122.7 1824344
2123.2 1824548
2123.7 1818368
2124.2 1818368
2124.7 1818368
2125.2 1818368
2125.7 1818368
2126.2 1818368
2126.7 1818368
2127.2 1818368
2127.7 1818336
2128.2 1818336
2128.7 1818336
2129.2 1818336
2129.7 1818336
2130.2 1818368
2130.7 1818368
2131.2 1818336
2131.7 1818336
2132.2 1818336
2132.7 1818336
2133.2 1818336
2133.7 1818336
2134.2 1818336
2134.7 1818336
2135.3 1818336
2135.8 1818336
2136.3 1818304
2136.8 1818304
2137.3 1818304
2137.8 1818304
2138.3 1818368
2138.8 1818368
2139.3 1818368
2139.8 1818368
2140.3 1818368
2140.8 1818368
2141.4 1818336
2141.9 1818336
2142.4 1818336
2142.9 1818336
2143.4 1818336
2143.9 1818336
2144.4 1818336
2144.9 1824328
2145.4 1824712
2145.9 1824428
2146.4 1824696
2146.9 1824696
2147.4 1824688
2147.9 1824768
2148.4 1824044
2148.9 1824184
2149.4 1824596
2149.9 1824732
2150.4 1824860
2150.9 1824668
2151.4 1824844
2151.9 1824304
2152.4 1824164
2152.9 1824324
2153.4 1824388
2153.9 1824276
2154.4 1824040
2154.9 1824096
2155.4 1824304
2155.9 1824272
2156.4 1824256
2156.9 1824288
2157.4 1824872
2157.9 1824680
2158.4 1824428
2158.9 1824476
2159.4 1824588
2159.9 1824124
2160.4 1824204
2160.9 1824316
2161.4 1823668
2161.9 1824124
2162.4 1824120
2162.9 1824408
2163.4 1824628
2163.9 1824220
2164.4 1824064
2164.9 1823944
2165.4 1824260
2165.9 1824364
2166.4 1824620
2166.9 1824368
2167.4 1824732
2167.9 1824748
2168.4 1818808
2168.9 1818776
2169.4 1818776
2169.9 1818776
2170.4 1818836
2170.9 1818836
2171.4 1818836
2172.0 1818836
2172.5 1818836
2173.0 1818836
2173.5 1818836
2174.0 1818836
2174.5 1818804
2175.0 1818804
2175.5 1818804
2176.0 1818804
2176.5 1818804
2177.0 1818804
2177.5 1818804
2178.0 1818804
2178.5 1818836
2179.0 1818836
2179.5 1818836
2180.0 1818836
2180.5 1818836
2181.0 1818836
2181.5 1818836
2182.0 1818836
2182.5 1818836
2183.0 1818836
2183.5 1818804
2184.0 1818804
2184.5 1818804
2185.0 1818804
2185.5 1818836
2186.0 1818836
2186.5 1818836
2187.0 1818836
2187.6 1818836
2188.1 1818836
2188.6 1818804
2189.1 1818804
2189.6 1818804
2190.1 1824184
2190.6 1824232
2191.1 1823932
2191.6 1824076
2192.1 1824312
2192.6 1824192
2193.1 1824208
2193.6 1824032
2194.1 1825264
2194.6 1824920
2195.1 1824456
2195.6 1824916
2196.1 1824664
2196.6 1824456
2197.1 1824236
2197.6 1824048
2198.1 1824284
2198.6 1824724
2199.1 1824544
2199.6 1824520
2200.1 1824564
2200.6 1824832
2201.1 1824500
2201.6 1825084
2202.1 1824580
2202.6 1824640
2203.1 1824436
2203.6 1824468
2204.1 1824388
2204.6 1824484
2205.1 1824744
2205.6 1824744
2206.1 1824760
2206.6 1824444
2207.1 1824616
2207.6 1824492
2208.1 1824776
2208.6 1824272
2209.1 1823988
2209.6 1824508
2210.1 1824660
2210.6 1824404
2211.1 1824532
2211.6 1824848
2212.1 1824484
2212.6 1824516
2213.1 1824036
2213.6 1818724
2214.1 1818724
2214.6 1818724
2215.1 1818724
2215.6 1818972
2216.1 1818972
2216.6 1818940
2217.1 1818688
2217.6 1818688
2218.1 1818688
2218.7 1818688
2219.2 1818688
2219.7 1818688
2220.2 1818688
2220.7 1818720
2221.2 1818720
2221.7 1818720
2222.2 1818720
2222.7 1818720
2223.2 1818720
2223.7 1818720
2224.2 1818720
2224.7 1818720
2225.2 1818720
2225.7 1818688
2226.2 1818688
2226.7 1818688
2227.2 1818688
2227.8 1818688
2228.3 1818688
2228.8 1818720
2229.3 1818720
2229.8 1818720
2230.3 1818720
2230.8 1818688
2231.3 1818688
2231.8 1818688
2232.3 1818688
2232.8 1818688
2233.3 1818688
2233.8 1818688
2234.3 1818688
2234.8 1824604
2235.3 1824480
2235.8 1824196
2236.3 1823800
2236.8 1823808
2237.3 1824076
2237.8 1824060
2238.3 1824076
2238.8 1824360
2239.3 1823952
2239.8 1823864
2240.3 1824164
2240.8 1824148
2241.3 1824004
2241.8 1824352
2242.3 1824464
2242.8 1824448
2243.3 1824352
2243.8 1824604
2244.3 1824480
2244.8 1824412
2245.3 1824648
2245.8 1824776
2246.3 1824460
2246.8 1824648
2247.3 1824872
2247.8 1824380
2248.3 1824284
2248.8 1824396
2249.3 1824648
2249.8 1824268
2250.3 1824016
2250.8 1823808
2251.3 1824172
2251.8 1823872
2252.3 1824076
2252.8 1824456
2253.3 1824296
2253.8 1824324
2254.3 1824536
2254.8 1824184
2255.3 1824216
2255.8 1824388
2256.3 1824372
2256.8 1824168
2257.3 1824848
2257.8 1824624
2258.3 1818332
2258.8 1818332
2259.3 1818332
2260.0 1818332
2260.5 1818324
2261.0 1818324
2261.5 1818324
2262.0 1818324
2262.5 1818324
2263.0 1818324
2263.5 1818324
2264.0 1818292
2264.5 1818292
2265.0 1818292
2265.5 1818292
2266.0 1818324
2266.5 1818324
2267.0 1818324
2267.5 1818324
2268.1 1818292
2268.6 1818292
2269.1 1818292
2269.6 1818292
2270.1 1818292
2270.6 1818292
2271.1 1818292
2271.6 1818292
2272.1 1818292
2272.6 1818260
2273.1 1818324
2273.6 1818324
2274.1 1818324
2274.6 1818324
2275.1 1818324
2275.6 1818324
2276.1 1818324
2276.6 1818324
2277.1 1818324
2277.6 1818324
2278.1 1818292
2278.6 1818292
2279.1 1818292
2279.6 1820632
2280.1 1824372
2280.6 1824672
2281.1 1824372
2281.6 1824452
2282.1 1824232
2282.6 1823980
2283.1 1823820
2283.6 1824012
2284.1 1823980
2284.6 1823940
2285.1 1823828
2285.6 1824256
2286.1 1824364
2286.6 1824332
2287.1 1824536
2287.6 1824600
2288.1 1824948
2288.6 1824680
2289.1 1824712
2289.6 1824512
2290.1 1824816
2290.6 1824528
2291.1 1824496
2291.6 1824592
2292.1 1824688
2292.6 1824892
2293.1 1824720
2293.6 1824308
2294.1 1824704
2294.6 1824752
2295.1 1824524
2295.6 1824004
2296.1 1823688
2296.6 1823892
2297.1 1824980
2297.6 1824744
2298.1 1824364
2298.6 1824364
2299.1 1824808
2299.6 1824600
2300.1 1824308
2300.6 1824452
2301.1 1824892
2301.6 1824276
2302.1 1824292
2302.6 1824260
2303.1 1824420
2303.6 1818392
2304.1 1818392
2304.6 1818392
2305.2 1818392
2305.7 1818356
2306.2 1818356
2306.7 1818356
2307.2 1818356
2307.8 1818356
2308.3 1818356
2308.8 1818356
2309.3 1818356
2309.8 1818356
2310.3 1818356
2310.8 1818388
2311.3 1818388
2311.8 1818388
2312.3 1818388
2312.8 1818388
2313.3 1818388
2313.8 1818388
2314.3 1818388
2314.8 1818388
2315.3 1818388
2315.8 1818356
2316.3 1818356
2316.8 1818356
2317.3 1818356
2317.8 1818356
2318.3 1818356
2318.8 1818388
2319.3 1818388
2319.8 1818356
2320.3 1818356
2320.8 1818356
2321.3 1818356
2321.9 1818356
2322.4 1818356
2322.9 1818356
2323.4 1818356
2323.9 1818356
2324.4 1818356
2324.9 1824520
2325.4 1824552
2325.9 1824516
2326.4 1824644
2326.9 1824644
2327.4 1824644
2327.9 1824548
2328.4 1824660
2328.9 1824612
2329.4 1824660
2329.9 1824564
2330.4 1824424
2330.9 1824456
2331.4 1824740
2331.9 1824424
2332.4 1824832
2332.9 1824424
2333.4 1824376
2333.9 1824804
2334.4 1824564
2334.9 1824436
2335.4 1824544
2335.9 1824672
2336.4 1824388
2336.9 1824484
2337.4 1824324
2337.9 1824244
2338.4 1824040
2338.9 1824024
2339.4 1824200
2339.9 1824712
2340.4 1824444
2340.9 1824272
2341.4 1824412
2341.9 1824444
2342.4 1824508
2342.9 1824348
2343.4 1824396
2343.9 1824744
2344.4 1824884
2344.9 1824608
2345.4 1824592
2345.9 1824544
2346.4 1824404
2346.9 1824592
2347.4 1824704
2347.9 1824496
2348.4 1818364
2348.9 1818364
2349.4 1818364
2349.9 1818364
2350.4 1818364
2350.9 1818388
2351.4 1818388
2351.9 1818356
2352.4 1818356
2352.9 1818356
2353.4 1818356
2353.9 1818356
2354.4 1818356
2354.9 1818356
2355.4 1818356
2355.9 1818356
2356.4 1818356
2356.9 1818324
2357.4 1818324
2357.9 1818388
2358.4 1818388
2358.9 1818388
2359.4 1818388
2359.9 1818388
2360.4 1818388
2360.9 1818388
2361.4 1818388
2361.9 1818356
2362.4 1818356
2362.9 1818356
2363.4 1818356
2363.9 1818356
2364.4 1818356
2364.9 1818388
2365.4 1818388
2365.9 1818356
2366.4 1818356
2367.0 1818356
2367.5 1818356
2368.0 1818356
2368.5 1818356
2369.0 1818356
2369.5 1818356
2370.0 1824584
2370.5 1824812
2371.0 1824592
2371.5 1824496
2372.0 1824416
2372.5 1824528
2373.0 1824276
2373.5 1824056
2374.0 1823552
2374.5 1823632
2375.0 1824428
2375.5 1824428
2376.0 1824032
2376.5 1824112
2377.0 1824428
2377.5 1824284
2378.0 1824204
2378.5 1824444
2379.0 1824016
2379.5 1824236
2380.0 1824340
2380.5 1824276
2381.0 1824624
2381.5 1824640
2382.0 1824420
2382.5 1824324
2383.0 1823900
2383.5 1824372
2384.0 1824988
2384.5 1824560
2385.0 1824236
2385.5 1824396
2386.0 1824584
2386.5 1824380
2387.0 1824488
2387.5 1824600
2388.0 1824584
2388.5 1824724
2389.0 1824584
2389.5 1824316
2390.0 1824244
2390.5 1824640
2391.0 1824056
2391.5 1824276
2392.0 1819392
2392.5 1818396
2393.0 1818396
2393.5 1818396
2394.0 1818396
2394.5 1818396
2395.0 1818364
2395.5 1818360
2396.0 1818360
2396.5 1818360
2397.0 1818360
2397.5 1818360
2398.0 1818360
2398.5 1818360
2399.0 1818328
2399.5 1818328
2400.0 1818392
2400.5 1818392
2401.0 1818392
2401.5 1818392
2402.0 1818392
2402.6 1818392
2403.1 1818392
2403.6 1818392
2404.1 1818360
2404.6 1818360
2405.1 1818360
2405.6 1818360
2406.1 1818360
2406.6 1818360
2407.1 1818392
2407.6 1818392
2408.1 1818392
2408.6 1818360
2409.1 1818360
2409.6 1818360
2410.1 1818360
2410.6 1818360
2411.1 1818360
2411.6 1818360
2412.1 1818360
2412.6 1818360
2413.1 1818360
2413.6 1818328
2414.1 1818328
2414.6 1820512
2415.1 1824232
2415.6 1824344
2416.1 1824200
2416.6 1824344
2417.1 1824280
2417.6 1824280
2418.1 1824660
2418.6 1824784
2419.1 1824516
2419.6 1824388
2420.1 1824356
2420.6 1824324
2421.1 1824260
2421.6 1824260
2422.1 1824592
2422.6 1824972
2423.1 1824260
2423.6 1824276
2424.1 1824452
2424.6 1824228
2425.1 1824480
2425.6 1824480
2426.1 1824448
2426.6 1825076
2427.1 1824544
2427.6 1824920
2428.1 1824588
2428.6 1824556
2429.1 1824652
2429.6 1824368
2430.1 1824536
2430.6 1824632
2431.1 1824172
2431.6 1824396
2432.1 1824536
2432.6 1824712
2433.1 1824868
2433.6 1824472
2434.1 1824600
2434.6 1824804
2435.1 1824548
2435.6 1824580
2436.1 1824624
2436.6 1823588
2437.1 1818040
2437.6 1818040
2438.1 1818040
2438.6 1818040
2439.1 1818008
2439.6 1818008
2440.1 1818004
2440.6 1818004
2441.1 1818004
2441.6 1818004
2442.1 1818004
2442.6 1818004
2443.1 1818004
2443.6 1818004
2444.1 1818004
2444.6 1818036
2445.1 1818036
2445.7 1818036
2446.2 1818036
2446.7 1818036
2447.3 1818036
2447.8 1818036
2448.3 1818036
2448.8 1818036
2449.3 1818036
2449.8 1818036
2450.3 1818004
2450.8 1818004
2451.3 1818004
2451.8 1818004
2452.3 1818036
2452.8 1818036
2453.3 1818004
2453.8 1818004
2454.3 1818004
2454.8 1818004
2455.3 1818004
2455.8 1818004
2456.3 1818004
2456.8 1818004
2457.3 1818004
2457.8 1818004
2458.3 1817972
2458.9 1817972
2459.4 1818036
2459.9 1818036
2460.4 1824080
2460.9 1824128
2461.4 1824256
2461.9 1824396
2462.4 1824412
2462.9 1824316
2463.4 1824268
2463.9 1824520
2464.4 1824364
2464.9 1824364
2465.4 1824264
2465.9 1824312
2466.4 1824652
2466.9 1825648
2467.4 1825052
2467.9 1825136
2468.4 1824708
2468.9 1824408
2469.4 1824344
2469.9 1824296
2470.4 1823892
2470.9 1824180
2471.4 1824100
2471.9 1823784
2472.4 1824148
2472.9 1824904
2473.4 1824556
2473.9 1824588
2474.4 1824528
2474.9 1824784
2475.4 1824876
2475.9 1824800
2476.4 1824544
2476.9 1824592
2477.4 1824812
2477.9 1824448
2478.4 1824528
2478.9 1824372
2479.4 1824352
2479.9 1824040
2480.4 1824272
2480.9 1824148
2481.4 1824100
2481.9 1824572
2482.4 1818624
2482.9 1818624
2483.4 1818624
2484.0 1818624
2484.5 1818624
2485.0 1818624
2485.5 1818620
2486.0 1818620
2486.5 1818588
2487.0 1818588
2487.5 1818588
2488.1 1818588
2488.6 1818588
2489.1 1818588
2489.6 1818620
2490.1 1818620
2490.6 1818620
2491.1 1818620
2491.6 1818588
2492.1 1818588
2492.6 1818588
2493.2 1818588
2493.7 1818588
2494.2 1818588
2494.7 1818588
2495.2 1818588
2495.7 1818588
2496.3 1818556
2496.8 1818556
2497.3 1818620
2497.8 1818620
2498.3 1818620
2498.8 1818620
2499.3 1818620
2499.8 1818620
2500.3 1818620
2500.8 1818588
2501.3 1818588
2501.8 1818588
2502.3 1818588
2502.8 1818588
2503.3 1818588
2503.8 1818588
2504.3 1818588
2504.8 1823900
2505.3 1823916
2505.8 1823928
2506.3 1824480
2506.8 1824544
2507.3 1824812
2507.8 1824528
2508.3 1824480
2508.8 1824228
2509.3 1824544
2509.8 1824588
2510.3 1824444
2510.8 1824588
2511.3 1824556
2511.8 1824460
2512.3 1824364
2512.8 1824524
2513.3 1824656
2513.8 1824332
2514.3 1824572
2514.8 1824460
2515.3 1824348
2515.8 1824808
2516.3 1824540
2516.8 1824776
2517.3 1824560
2517.8 1824572
2518.3 1824904
2518.8 1824792
2519.3 1824524
2519.8 1824756
2520.3 1824792
2520.8 1824664
2521.3 1824776
2521.8 1824540
2522.3 1824776
2522.8 1824508
2523.3 1824792
2523.8 1824572
2524.3 1824460
2524.8 1824896
2525.3 1824376
2525.8 1824168
2526.3 1824184
2526.8 1824548
2527.3 1818380
2527.8 1818380
2528.3 1818348
2528.8 1818348
2529.3 1818348
2529.8 1818348
2530.3 1818348
2530.8 1818344
2531.3 1818344
2531.8 1818376
2532.3 1818376
2532.8 1818344
2533.4 1818344
2533.9 1818344
2534.4 1818344
2534.9 1818344
2535.4 1818344
2535.9 1818344
2536.4 1818344
2536.9 1818344
2537.4 1818344
2537.9 1818312
2538.4 1818312
2538.9 1818376
2539.4 1818376
2539.9 1818376
2540.4 1818376
2540.9 1818376
2541.4 1818376
2541.9 1818376
2542.4 1818376
2542.9 1818344
2543.4 1818344
2543.9 1818344
2544.4 1818344
2544.9 1818344
2545.4 1818344
2545.9 1818376
2546.4 1818376
2546.9 1818344
2547.4 1818344
2547.9 1818344
2548.4 1818344
2548.9 1818344
2549.4 1818344
2549.9 1825248
2550.4 1824128
2550.9 1824192
2551.4 1823984
2551.9 1824704
2552.4 1824828
2552.9 1824496
2553.4 1824324
2553.9 1824544
2554.4 1824372
2554.9 1824852
2555.4 1824376
2555.9 1824520
2556.4 1824536
2556.9 1824536
2557.4 1824676
2557.9 1824412
2558.4 1824868
2558.9 1824424
2559.4 1824520
2559.9 1824008
2560.4 1824180
2560.9 1824260
2561.4 1824120
2561.9 1823976
2562.4 1823976
2562.9 1823900
2563.4 1823724
2563.9 1824024
2564.4 1823884
2564.9 1823548
2565.4 1823768
2565.9 1824524
2566.4 1824716
2566.9 1824604
2567.4 1824460
2567.9 1824540
2568.4 1824444
2568.9 1824540
2569.4 1824304
2569.9 1824460
2570.4 1824828
2570.9 1824744
2571.4 1824308
2571.9 1824672
2572.4 1818944
2572.9 1818944
2573.4 1818944
2573.9 1818944
2574.4 1818944
2574.9 1818912
2575.4 1818912
2575.9 1818904
2576.4 1818904
2576.9 1818936
2577.4 1818936
2577.9 1818936
2578.4 1818936
2578.9 1818904
2579.4 1818904
2579.9 1818904
2580.4 1818904
2580.9 1818904
2581.4 1818904
2581.9 1818904
2582.4 1818904
2582.9 1818904
2583.4 1818904
2583.9 1818936
2584.4 1818936
2584.9 1818936
2585.4 1818936
2585.9 1818936
2586.4 1818936
2586.9 1818936
2587.4 1818936
2587.9 1818936
2588.4 1818936
2588.9 1818904
2589.4 1818904
2589.9 1818904
2590.4 1818904
2590.9 1818936
2591.4 1818936
2592.0 1818936
2592.5 1818936
2593.0 1818904
2593.5 1818904
2594.0 1818904
2594.5 1818904
2595.0 1824528
2595.5 1824480
2596.0 1824320
2596.5 1825000
2597.0 1825408
2597.5 1824732
2598.0 1824400
2598.5 1824764
2599.0 1824488
2599.5 1824488
2600.0 1824668
2600.5 1824304
2601.0 1824684
2601.5 1824544
2602.0 1824320
2602.5 1824636
2603.0 1824888
2603.5 1824796
2604.0 1824796
2604.5 1824668
2605.0 1824588
2605.5 1824384
2606.0 1824112
2606.5 1824412
2607.0 1824540
2607.5 1824476
2608.0 1824272
2608.5 1824444
2609.0 1824680
2609.5 1824696
2610.0 1824596
2610.5 1824628
2611.0 1824520
2611.5 1824500
2612.0 1824236
2612.5 1824280
2613.0 1824416
2613.5 1824668
2614.0 1824132
2614.5 1824244
2615.0 1824220
2615.5 1824076
2616.0 1824044
2616.5 1824440
2617.0 1818624
2617.5 1818624
2618.0 1818624
2618.5 1818624
2619.0 1818624
2619.5 1818624
2620.0 1818656
2620.5 1818656
2621.0 1818652
2621.5 1818652
2622.0 1818620
2622.6 1818620
2623.1 1818620
2623.6 1818620
2624.1 1818620
2624.6 1818620
2625.1 1818620
2625.6 1818620
2626.1 1818588
2626.6 1818588
2627.1 1818588
2627.6 1818588
2628.1 1818652
2628.6 1818652
2629.1 1818652
2629.6 1818652
2630.1 1818652
2630.6 1818620
2631.1 1818620
2631.6 1818620
2632.1 1818620
2632.6 1818620
2633.1 1818620
2633.6 1818620
2634.1 1818652
2634.6 1818652
2635.2 1818652
2635.7 1818620
2636.5 1818620
2637.0 1818620
2637.5 1818620
2638.1 1818620
2638.6 1818620
2639.1 1818620
2639.6 1818620
2640.1 1824036
2640.6 1823736
2641.1 1824184
2641.6 1824296
2642.1 1824328
2642.6 1824124
2643.1 1824152
2643.6 1824168
2644.1 1824360
2644.6 1824280
2645.1 1824528
2645.6 1824952
2646.1 1824544
2646.6 1824592
2647.1 1823960
2647.6 1823992
2648.1 1824072
2648.6 1823944
2649.1 1823912
2649.6 1823628
2650.1 1823640
2650.6 1823640
2651.1 1824352
2651.6 1824036
2652.1 1823704
2652.6 1823688
2653.1 1824240
2653.6 1824100
2654.1 1824148
2654.6 1823924
2655.1 1823948
2655.6 1823884
2656.1 1823884
2656.6 1823900
2657.1 1824596
2657.6 1824404
2658.1 1824468
2658.6 1824768
2659.1 1824420
2659.6 1823804
2660.1 1823880
2660.6 1823880
2661.1 1824036
2661.6 1824288
2662.1 1818364
2662.6 1818364
2663.1 1818364
2663.6 1818364
2664.1 1818364
2664.6 1818364
2665.1 1818324
2665.6 1818324
2666.1 1818324
2666.6 1818324
2667.1 1818324
2667.6 1818324
2668.1 1818324
2668.6 1818324
2669.1 1818388
2669.6 1818356
2670.1 1818356
2670.6 1818356
2671.1 1818356
2671.6 1818356
2672.1 1818356
2672.6 1818356
2673.1 1818356
2673.6 1818356
2674.1 1818324
2674.7 1818324
2675.2 1818324
2675.7 1818324
2676.2 1818356
2676.7 1818356
2677.2 1818356
2677.7 1818356
2678.2 1818356
2678.7 1818356
2679.2 1818324
2679.7 1818324
2680.2 1818324
2680.7 1818324
2681.2 1818324
2681.7 1818324
2682.2 1818324
2682.7 1818324
2683.2 1818324
2683.7 1818324
2684.3 1818356
2684.8 1825760
2685.3 1824424
2685.8 1824636
2686.3 1824588
2686.8 1824416
2687.3 1824732
2687.8 1824668
2688.3 1824636
2688.8 1824796
2689.3 1824764
2689.8 1824380
2690.3 1824792
2690.8 1824492
2691.3 1824208
2691.8 1824176
2692.3 1824160
2692.8 1824572
2693.3 1824016
2693.8 1823940
2694.3 1824192
2694.8 1823920
2695.3 1823888
2695.8 1823588
2696.3 1823620
2696.8 1823620
2697.3 1823604
2697.8 1823556
2698.3 1823620
2698.8 1824424
2699.3 1824596
2699.8 1824820
2700.3 1824440
2700.8 1824756
2701.3 1824660
2701.8 1824564
2702.3 1824692
2702.8 1824708
2703.3 1824424
2703.8 1824328
2704.3 1824804
2704.8 1824772
2705.3 1824440
2705.8 1824676
2706.3 1824724
2706.8 1824660
2707.3 1818812
2707.8 1818812
2708.3 1818812
2708.8 1818812
2709.3 1818812
2709.8 1818812
2710.3 1818808
2710.8 1818808
2711.3 1818808
2711.8 1818808
2712.3 1818840
2712.8 1818840
2713.3 1818840
2713.8 1818840
2714.3 1818840
2714.8 1818840
2715.3 1818840
2716.0 1818840
2716.5 1818840
2717.0 1818840
2717.5 1818808
2718.0 1818808
2718.6 1818808
2719.1 1818808
2719.6 1818808
2720.1 1818840
2720.6 1818840
2721.1 1818808
2721.6 1818808
2722.1 1818808
2722.6 1818808
2723.1 1818808
2723.6 1818808
2724.1 1818808
2724.6 1818808
2725.1 1818808
2725.6 1818808
2726.1 1818776
2726.6 1818840
2727.1 1818840
2727.7 1818840
2728.2 1818840
2728.7 1818840
2729.2 1818840
2729.7 1818840
2730.2 1824300
2730.7 1824504
2731.2 1824524
2731.7 1824332
2732.2 1824380
2732.7 1824760
2733.2 1824304
2733.7 1825016
2734.2 1824248
2734.7 1824248
2735.2 1824116
2735.7 1824288
2736.2 1824196
2736.7 1824528
2737.2 1824432
2737.7 1824260
2738.2 1824700
2738.7 1824584
2739.2 1824416
2739.7 1824684
2740.2 1824776
2740.7 1824428
2741.2 1824632
2741.7 1824744
2742.2 1824364
2742.7 1824348
2743.2 1824348
2743.7 1824300
2744.2 1824492
2744.7 1824616
2745.2 1824444
2745.7 1824680
2746.2 1824680
2746.7 1824572
2747.2 1824476
2747.7 1824348
2748.2 1824776
2748.7 1824648
2749.2 1824396
2749.7 1824332
2750.2 1824592
2750.7 1824404
2751.2 1824736
2751.7 1824832
2752.3 1818644
2752.8 1818644
2753.3 1818612
2753.9 1818612
2754.5 1818612
2755.0 1818612
2755.5 1818856
2756.0 1818856
2756.5 1818856
2757.0 1818856
2757.5 1818604
2758.0 1818604
2758.5 1818572
2759.0 1818572
2759.5 1818636
2760.0 1818636
2760.5 1818636
2761.0 1818636
2761.5 1818636
2762.0 1818636
2762.5 1818604
2763.0 1818604
2763.5 1818604
2764.0 1818604
2764.5 1818604
2765.0 1818604
2765.5 1818604
2766.0 1818604
2766.5 1818668
2767.0 1818668
2767.6 1818636
2768.1 1818636
2768.6 1818636
2769.1 1818636
2769.6 1818636
2770.1 1818636
2770.6 1818636
2771.1 1818636
2771.6 1818636
2772.1 1818636
2772.6 1818604
2773.1 1818604
2773.6 1818604
2774.1 1818604
2774.6 1818636
2775.1 1824492
2775.6 1824380
2776.1 1824508
2776.6 1824316
2777.1 1824300
2777.6 1824568
2778.1 1824616
2778.6 1824728
2779.1 1824680
2779.6 1824632
2780.1 1824800
2780.6 1823912
2781.1 1824168
2781.6 1825192
2782.1 1824624
2782.6 1824956
2783.1 1824444
2783.6 1824236
2784.1 1824604
2784.6 1824680
2785.1 1824152
2785.6 1824324
2786.1 1824624
2786.6 1824388
2787.1 1823964
2787.6 1824988
2788.1 1824800
2788.6 1824832
2789.1 1824752
2789.6 1824768
2790.1 1824684
2790.6 1824764
2791.1 1824612
2791.6 1824676
2792.1 1824676
2792.6 1824500
2793.1 1824676
2793.6 1824676
2794.1 1824488
2794.6 1824360
2795.1 1824364
2795.6 1824348
2796.1 1824776
2796.6 1824680
2797.1 1818516
2797.6 1818516
2798.1 1818516
2798.6 1818516
2799.1 1818516
2799.6 1818548
2800.1 1818548
2800.6 1818508
2801.1 1818508
2801.6 1818508
2802.1 1818508
2802.6 1818508
2803.1 1818508
2803.6 1818508
2804.1 1818508
2804.6 1818508
2805.1 1818508
2805.6 1818476
2806.1 1818540
2806.6 1818540
2807.1 1818540
2807.6 1818540
2808.1 1818540
2808.6 1818540
2809.2 1818540
2809.7 1818540
2810.2 1818540
2810.7 1818508
2811.2 1818508
2811.7 1818508
2812.2 1818508
2812.7 1818508
2813.2 1818508
2813.7 1818540
2814.2 1818540
2814.7 1818508
2815.2 1818508
2815.7 1818508
2816.2 1818508
2816.7 1818508
2817.2 1818508
2817.7 1818508
2818.2 1818508
2818.7 1818508
2819.2 1818508
2819.7 1818476
2820.2 1824704
2820.7 1824232
2821.2 1824072
2821.7 1824388
2822.2 1824484
2822.7 1824420
2823.2 1824356
2823.7 1824452
2824.2 1824324
2824.7 1824468
2825.2 1823340
2825.7 1823988
2826.2 1823828
2826.7 1824208
2827.2 1824208
2827.7 1825140
2828.2 1824380
2828.7 1824580
2829.2 1824760
2829.7 1824412
2830.2 1824540
2830.7 1824336
2831.2 1824684
2831.7 1824412
2832.2 1824524
2832.7 1824460
2833.2 1824556
2833.7 1825000
2834.2 1824652
2834.7 1824572
2835.2 1824728
2835.7 1824664
2836.2 1824840
2836.7 1824284
2837.2 1824520
2837.7 1825008
2838.2 1824664
2838.7 1824616
2839.2 1824584
2839.7 1824744
2840.2 1824392
2840.7 1824360
2841.2 1824520
2841.7 1824232
2842.2 1818528
2842.7 1818528
2843.3 1818528
2843.8 1818528
2844.3 1818528
2844.8 1818560
2845.3 1818560
2845.8 1818556
2846.3 1818556
2846.8 1818556
2847.3 1818556
2847.8 1818524
2848.3 1818524
2848.8 1818524
2849.3 1818524
2849.8 1818524
2850.3 1818524
2850.8 1818524
2851.3 1818524
2851.8 1818556
2852.3 1818556
2852.8 1818556
2853.3 1818556
2853.8 1818556
2854.3 1818556
2854.8 1818556
2855.3 1818556
2855.8 1818556
2856.3 1818556
2856.8 1818524
2857.3 1818524
2857.9 1818524
2858.4 1818524
2858.9 1818524
2859.4 1818524
2859.9 1818556
2860.4 1818556
2860.9 1818556
2861.4 1818556
2861.9 1818524
2862.4 1818524
2862.9 1818524
2863.4 1818524
2863.9 1818524
2864.4 1818524
2864.9 1825224
2865.4 1824616
2865.9 1824696
2866.4 1824484
2866.9 1824372
2867.4 1824528
2867.9 1824388
2868.4 1824260
2868.9 1824560
2869.4 1824232
2869.9 1824032
2870.4 1824220
2870.9 1824032
2871.4 1824284
2871.9 1824584
2872.4 1824568
2872.9 1824412
2873.4 1824380
2873.9 1824236
2874.4 1824600
2874.9 1824680
2875.4 1824884
2875.9 1824648
2876.4 1824776
2876.9 1824616
2877.4 1824664
2877.9 1824616
2878.4 1824712
2878.9 1824776
2879.4 1824648
2879.9 1824604
2880.4 1824688
2880.9 1824120
2881.4 1824040
2881.9 1823804
2882.4 1823680
2882.9 1823552
2883.4 1823932
2883.9 1824168
2884.4 1823976
2884.9 1824172
2885.4 1824840
2885.9 1824760
2886.4 1824872
2886.9 1824480
2887.5 1818672
2888.0 1818672
2888.5 1818672
2889.0 1818704
2889.5 1818672
2890.0 1818672
2890.5 1818668
2891.0 1818668
2891.5 1818668
2892.0 1818668
2892.5 1818668
2893.0 1818668
2893.5 1818668
2894.0 1818668
2894.6 1818668
2895.1 1818636
2895.6 1818700
2896.1 1818700
2896.6 1818700
2897.1 1818700
2897.6 1818700
2898.1 1818700
2898.6 1818700
2899.1 1818700
2899.6 1818700
2900.1 1818668
2900.7 1818668
2901.2 1818668
2901.7 1818668
2902.2 1818668
2902.7 1818668
2903.2 1818732
2903.7 1818700
2904.2 1818700
2904.7 1818700
2905.2 1818700
2905.7 1818700
2906.2 1818700
2906.7 1818700
2907.2 1818700
2907.7 1818700
2908.2 1818700
2908.7 1818668
2909.3 1818668
2909.8 1818668
2910.3 1824004
2910.8 1824244
2911.3 1824260
2911.8 1824212
2912.3 1824592
2912.8 1824688
2913.3 1824576
2913.8 1824908
2914.3 1824356
2914.8 1824452
2915.3 1824448
2915.8 1824624
2916.3 1824544
2916.8 1824496
2917.3 1824464
2917.8 1824528
2918.3 1824388
2918.8 1824324
2919.3 1824244
2919.8 1824260
2920.3 1824300
2920.8 1824348
2921.3 1824332
2921.8 1823812
2922.3 1823824
2922.8 1824568
2923.3 1824600
2923.8 1824316
2924.3 1824536
2924.8 1824552
2925.3 1824392
2925.8 1824296
2926.3 1824060
2926.8 1824060
2927.3 1823884
2927.8 1824028
2928.3 1824580
2928.8 1824548
2929.3 1824692
2929.8 1824596
2930.3 1824508
2930.8 1824728
2931.3 1824824
2931.8 1824572
2932.3 1818480
2932.8 1818480
2933.3 1818480
2933.8 1818480
2934.3 1818480
2934.8 1818480
2935.3 1818480
2935.8 1818476
2936.3 1818476
2936.8 1818444
2937.3 1818508
2937.8 1818508
2938.3 1818508
2938.8 1818508
2939.3 1818508
2939.8 1818508
2940.3 1818508
2940.8 1818508
2941.3 1818508
2941.8 1818508
2942.3 1818476
2942.8 1818476
2943.3 1818476
2943.8 1818476
2944.3 1818476
2944.9 1818508
2945.4 1818508
2945.9 1818508
2946.4 1818476
2946.9 1818476
2947.4 1818476
2947.9 1818476
2948.4 1818476
2948.9 1818476
2949.4 1818476
2950.0 1818476
2950.5 1818476
2951.0 1818444
2951.5 1818444
2952.0 1818508
2952.5 1818508
2953.0 1818508
2953.5 1818508
2954.0 1818508
2954.5 1818508
2955.0 1824600
2955.5 1824364
2956.0 1824332
2956.5 1824424
2957.0 1824520
2957.5 1824204
2958.0 1824284
2958.5 1824172
2959.0 1824332
2959.5 1824220
2960.0 1824520
2960.5 1824172
2961.0 1824204
2961.5 1824408
2962.0 1824364
2962.5 1823984
2963.0 1823796
2963.5 1823888
2964.0 1823904
2964.5 1823856
2965.0 1824016
2965.5 1824236
2966.0 1824756
2966.5 1824724
2967.0 1824456
2967.5 1824584
2968.0 1824568
2968.5 1824408
2969.0 1824724
2969.5 1824628
2970.0 1824652
2970.5 1825080
2971.0 1824576
2971.5 1824496
2972.0 1824388
2972.5 1824416
2973.0 1824464
2973.5 1824544
2974.0 1824384
2974.5 1824416
2975.0 1824284
2975.5 1823732
2976.0 1823764
2976.5 1823920
2977.0 1818224
2977.5 1818256
2978.0 1818256
2978.5 1818256
2979.1 1818224
2979.6 1818224
2980.1 1818220
2980.6 1818220
2981.1 1818220
2981.6 1818220
2982.2 1818220
2982.7 1818220
2983.2 1818220
2983.7 1818220
2984.2 1818188
2984.7 1818252
2985.2 1818252
2985.7 1818252
2986.2 1818252
2986.7 1818252
2987.2 1818252
2987.8 1818252
2988.3 1818252
2988.8 1818252
2989.3 1818220
2989.8 1818220
2990.3 1818220
2990.8 1818220
2991.3 1818220
2991.8 1818220
2992.3 1818252
2992.8 1818252
2993.3 1818220
2993.8 1818220
2994.3 1818220
2994.8 1818220
2995.3 1818220
2995.8 1818220
2996.3 1818220
2996.8 1818220
2997.3 1818220
2997.8 1818220
2998.3 1818188
2998.8 1818188
2999.3 1818188
2999.8 1825220
3000.3 1824712
