0.5 1816668
1.0 1816668
4.6 1816636
8.2 1816636
8.7 1816636
12.3 1816636
15.8 1816636
19.6 1816604
25.2 1816668
28.0 1816668
28.5 1816668
29.5 1816668
30.0 1823080
30.5 1823460
31.0 1824136
31.5 1824576
32.0 1824452
32.5 1823788
33.0 1823868
33.5 1823976
34.0 1824340
34.5 1824576
35.0 1824572
35.5 1824572
36.0 1825076
36.5 1824872
37.0 1824904
37.5 1824556
38.0 1825236
38.5 1824632
39.0 1824824
39.5 1824620
40.0 1824552
40.5 1824064
41.0 1824064
41.5 1824208
42.0 1824256
42.5 1824268
43.0 1824316
43.5 1824252
44.0 1824820
44.5 1824932
45.0 1824848
45.5 1824832
46.0 1824944
46.5 1824928
47.0 1824644
47.5 1824708
48.0 1824896
48.5 1824896
49.0 1824628
49.5 1824740
50.0 1824808
50.5 1824588
51.0 1824620
51.5 1824636
52.0 1824604
52.5 1825000
53.0 1823132
53.5 1818868
54.0 1818868
54.6 1818868
55.1 1818868
55.6 1818836
56.1 1818836
56.6 1818836
58.6 1818836
59.1 1818836
59.6 1818836
60.1 1818836
60.6 1818836
61.1 1818836
61.6 1818836
62.2 1818836
63.0 1818836
64.5 1818836
65.3 1818836
66.1 1818836
69.6 1818836
70.7 1818804
71.8 1818804
72.4 1818868
72.9 1818868
73.4 1818868
73.9 1818868
74.4 1818868
74.9 1824896
75.4 1824880
75.9 1824612
76.4 1824848
76.9 1824644
77.4 1824500
77.9 1824784
78.4 1825100
78.9 1824676
79.4 1824804
79.9 1824356
80.4 1824228
80.9 1824196
81.4 1824324
81.9 1824768
82.4 1824732
82.9 1824844
83.4 1824876
83.9 1824152
84.4 1824152
84.9 1824148
85.4 1824052
85.9 1824020
86.4 1824052
86.9 1824132
87.4 1824480
87.9 1823908
88.4 1824124
88.9 1824588
89.4 1824856
89.9 1824552
90.4 1824900
90.9 1824236
91.4 1824664
91.9 1824536
92.4 1824804
92.9 1824696
93.4 1824236
93.9 1824412
94.4 1824852
94.9 1824548
95.4 1825164
95.9 1824896
96.4 1824784
96.9 1824848
97.4 1824992
97.9 1824768
98.4 1818812
98.9 1818812
100.7 1818780
101.4 1818780
101.9 1818780
102.4 1818780
102.9 1818780
104.4 1818780
105.0 1818780
105.5 1818780
107.4 1818812
107.9 1818812
110.7 1818812
111.2 1818812
114.9 1818812
116.7 1818812
118.6 1818812
119.5 1818812
120.0 1824904
120.5 1824888
121.0 1824636
121.5 1824636
122.0 1824812
122.5 1824904
123.0 1824328
123.5 1824516
124.0 1824472
124.5 1824028
125.0 1824152
125.5 1824484
126.0 1824688
126.5 1824468
127.0 1823868
127.5 1823820
128.0 1824432
128.5 1824640
129.0 1824624
129.5 1824560
130.0 1824304
130.5 1824336
131.0 1824400
131.5 1824792
132.0 1824572
132.5 1824416
133.0 1824424
133.5 1824488
134.0 1824516
134.5 1824612
135.0 1824576
135.5 1824576
136.0 1824704
136.5 1824624
137.0 1824356
137.5 1824404
138.0 1824260
138.5 1824324
139.0 1824500
139.5 1824468
140.0 1824608
140.5 1824640
141.0 1824356
141.5 1824468
142.0 1824388
142.5 1824340
143.0 1824812
143.5 1819000
144.0 1819000
144.5 1819000
145.0 1819000
145.5 1819056
147.5 1819024
149.1 1819024
149.6 1819024
153.1 1819024
153.8 1819024
154.4 1819024
156.4 1819024
156.9 1819024
157.5 1818992
158.0 1818992
158.5 1818992
159.5 1818992
161.1 1819024
161.9 1819024
163.8 1819024
164.3 1819024
164.8 1818992
165.3 1824480
165.8 1823868
166.3 1824292
166.8 1823820
167.3 1824072
167.8 1824056
168.3 1824340
168.8 1824796
169.3 1825080
169.8 1824464
170.3 1824556
170.8 1824476
171.3 1824808
171.8 1824792
172.3 1824744
172.8 1824840
173.3 1824856
173.8 1824776
174.3 1824600
174.8 1824744
175.3 1824364
175.8 1824140
176.3 1824504
176.8 1824836
177.3 1824748
177.8 1824716
178.3 1824828
178.8 1824988
179.3 1824700
179.8 1824796
180.3 1824692
180.8 1824456
181.3 1823936
181.8 1824300
182.3 1824176
182.8 1824488
183.3 1824300
183.8 1824220
184.3 1824252
184.8 1824396
185.3 1824892
185.8 1824984
186.3 1825048
186.8 1825080
187.3 1824860
187.8 1824892
188.3 1824732
188.8 1818672
189.3 1818672
189.8 1818672
190.3 1818672
192.2 1818668
195.9 1818668
196.4 1818668
197.3 1818668
198.4 1818700
198.9 1818700
200.7 1818700
201.9 1818700
202.4 1818700
204.5 1818700
205.0 1818700
205.5 1818700
206.1 1818700
206.6 1818668
207.1 1818668
207.6 1818668
208.1 1818668
208.6 1818668
209.5 1818700
210.0 1825244
210.5 1824880
211.0 1824880
211.5 1824596
212.0 1824832
212.5 1824452
213.0 1824644
213.5 1824612
214.0 1824676
214.5 1824848
215.0 1824352
215.5 1824272
216.0 1824540
216.5 1824400
217.0 1824888
217.5 1824556
218.0 1824636
218.5 1824540
219.0 1824476
219.5 1824792
220.0 1824580
220.5 1824436
221.0 1824516
221.5 1824612
222.0 1824628
222.5 1824896
223.0 1824892
223.5 1824680
224.0 1824532
224.5 1824516
225.0 1824516
225.5 1824508
226.0 1824588
226.5 1824588
227.0 1824524
227.5 1824272
228.0 1824224
228.5 1824228
229.0 1824320
229.5 1824712
230.0 1824752
230.5 1824720
231.0 1824720
231.5 1824832
232.0 1824496
232.5 1824436
233.0 1818836
233.5 1818836
234.0 1818836
234.5 1818804
236.5 1818796
237.6 1818796
238.8 1818796
239.3 1818796
239.8 1818796
240.3 1818796
240.8 1818796
241.3 1818796
242.4 1818828
242.9 1818828
243.4 1818828
244.6 1818828
245.1 1818828
245.6 1818828
247.3 1818828
247.8 1818828
248.3 1818828
248.8 1818796
249.9 1818796
250.5 1818796
251.0 1818796
251.5 1818828
252.0 1818828
252.9 1818828
253.4 1818828
253.9 1818828
254.5 1818796
255.0 1824800
255.5 1825116
256.0 1824784
256.5 1824848
257.0 1824752
257.5 1824592
258.0 1824864
258.5 1824848
259.0 1824896
259.5 1825004
260.0 1824748
260.5 1825016
261.0 1824668
261.5 1824528
262.0 1824244
262.5 1824544
263.0 1824544
263.5 1824764
264.0 1824464
264.5 1824748
265.0 1824604
265.5 1824768
266.0 1825020
266.5 1824908
267.0 1825460
267.5 1824608
268.0 1824720
268.5 1824928
269.0 1824688
269.5 1824640
270.0 1824668
270.5 1824700
271.0 1824288
271.5 1824560
272.0 1823928
272.5 1823944
273.0 1824180
273.5 1824196
274.0 1824340
274.5 1824908
275.0 1824272
275.5 1824288
276.0 1824744
276.5 1824808
277.0 1824680
277.5 1824588
278.0 1823192
280.0 1818676
280.5 1818676
284.6 1818668
285.1 1818668
285.6 1818668
286.1 1818668
287.4 1818668
287.9 1818668
288.9 1818668
289.6 1818700
290.1 1818700
290.6 1818700
291.1 1818700
291.6 1818700
292.3 1818700
292.8 1818700
293.5 1818700
294.1 1818700
294.6 1818700
295.1 1818668
295.6 1818668
296.1 1818668
296.7 1818668
297.9 1818700
298.4 1818700
298.9 1818700
299.4 1818700
299.9 1825128
300.4 1824452
300.9 1824784
301.4 1824736
301.9 1824704
302.4 1824436
302.9 1823924
303.4 1824160
303.9 1824648
304.4 1824696
304.9 1824724
305.4 1824756
305.9 1824820
306.4 1824664
306.9 1824204
307.4 1824140
307.9 1824708
308.4 1824676
308.9 1825008
309.4 1825088
309.9 1824652
310.4 1824636
310.9 1824780
311.4 1825096
311.9 1824952
312.4 1824780
312.9 1824812
313.4 1824716
313.9 1824860
314.4 1824732
314.9 1824036
315.4 1823800
315.9 1823704
316.4 1823784
316.9 1824176
317.4 1824348
317.9 1824476
318.4 1824128
318.9 1824208
319.4 1824256
319.9 1824500
320.4 1824420
320.9 1824212
321.4 1824728
321.9 1824680
322.4 1824712
322.9 1822376
323.4 1818716
323.9 1818716
324.6 1818716
325.5 1818716
326.0 1818960
326.7 1818960
327.3 1818708
327.8 1818708
328.4 1818708
329.3 1818740
329.8 1818740
330.3 1818740
330.8 1818740
332.0 1818740
332.5 1818740
333.0 1818740
334.1 1818740
334.7 1818740
335.2 1818708
335.7 1818708
336.5 1818708
337.0 1818708
338.8 1818708
339.3 1818740
341.2 1818740
344.5 1818740
345.0 1824508
345.5 1824412
346.0 1824412
346.5 1824648
347.0 1824744
347.5 1824508
348.0 1824524
348.5 1825060
349.0 1825240
349.5 1825444
350.0 1824904
350.5 1824476
351.0 1824572
351.5 1824288
352.0 1824824
352.5 1824696
353.0 1824712
353.5 1824824
354.0 1824840
354.5 1824948
355.0 1824456
355.5 1824788
356.0 1824896
356.5 1824992
357.0 1825096
357.5 1824448
358.0 1824592
358.5 1824636
359.0 1824572
359.5 1824716
360.0 1824680
360.5 1824632
361.0 1824676
361.5 1825124
362.0 1825264
362.5 1825684
363.0 1825168
363.5 1824980
364.0 1824728
364.5 1824824
365.0 1824468
365.5 1824468
366.0 1824736
366.5 1825020
367.0 1818904
368.2 1818904
368.7 1818904
372.3 1818864
374.3 1818864
374.9 1818864
376.7 1818928
378.6 1818928
380.4 1818928
380.9 1818928
381.4 1818896
381.9 1818896
382.4 1818896
389.5 1818896
390.0 1824720
390.5 1824956
391.0 1824656
391.5 1825036
392.0 1824592
392.5 1824988
393.0 1824544
393.5 1824720
394.0 1824388
394.5 1824372
395.0 1824460
395.5 1824664
396.0 1823940
396.5 1824208
397.0 1824492
397.5 1824648
398.0 1824536
398.5 1824980
399.0 1824852
399.5 1824664
400.0 1824392
400.5 1824156
401.0 1824408
401.5 1824188
402.0 1824300
402.5 1824648
403.0 1824472
403.5 1824424
404.0 1824724
404.5 1824912
405.0 1824636
405.5 1824872
406.0 1824952
406.5 1824984
407.0 1824840
407.5 1824700
408.0 1824172
408.5 1824936
409.0 1824732
409.5 1824636
410.0 1824248
410.5 1824756
411.0 1824596
411.5 1824740
412.0 1818752
412.5 1818816
413.0 1818816
413.5 1818816
415.4 1818808
417.2 1818808
419.1 1818776
420.6 1818776
424.2 1818776
426.1 1818776
426.6 1818776
428.5 1818776
429.0 1818776
429.5 1818840
430.0 1818808
430.5 1818808
431.0 1818808
431.5 1818808
432.0 1818808
433.9 1818808
434.5 1818808
435.0 1824716
435.5 1824416
436.0 1824668
436.5 1824620
437.0 1824968
437.5 1824904
438.0 1824904
438.5 1824716
439.0 1824748
439.5 1824556
440.0 1824316
440.5 1824632
441.0 1824756
441.5 1824948
442.0 1825184
442.5 1824672
443.0 1824404
443.5 1824616
444.0 1825004
444.5 1824752
445.0 1824620
445.5 1824748
446.0 1824588
446.5 1824384
447.0 1824828
447.5 1824588
448.0 1824288
448.5 1824336
449.0 1824068
449.5 1824180
450.0 1824460
450.5 1824900
451.0 1824820
451.5 1824932
452.0 1824900
452.5 1824932
453.0 1824836
453.5 1824932
454.0 1824772
454.5 1825200
455.0 1824324
455.5 1824624
456.0 1825112
456.5 1824860
457.0 1818548
457.5 1818548
458.0 1818548
461.3 1818572
461.8 1818540
463.6 1818540
464.1 1818540
464.6 1818540
468.3 1818540
470.2 1818540
472.1 1818540
473.8 1818508
475.7 1818508
476.2 1818508
478.0 1818572
479.5 1818572
480.0 1824760
480.5 1824616
481.0 1824396
481.5 1824632
482.0 1825076
482.5 1824356
483.0 1824324
483.5 1824232
484.0 1824420
484.5 1824244
485.0 1824192
485.5 1823560
486.0 1823860
486.5 1823988
487.0 1823844
487.5 1824064
488.0 1824348
488.5 1824348
489.0 1824192
489.5 1824948
490.0 1824456
490.5 1824424
491.0 1824708
491.5 1824564
492.0 1824660
492.5 1824976
493.0 1824784
493.5 1824864
494.0 1824832
494.5 1824960
495.0 1824856
495.5 1824556
496.0 1824700
496.5 1825108
497.0 1825000
497.5 1824764
498.0 1824148
498.5 1824636
499.0 1825108
499.5 1824984
500.0 1825292
500.5 1825024
501.0 1824736
501.5 1824724
502.0 1818852
503.9 1818852
505.5 1818848
508.6 1818848
509.1 1818848
512.8 1818848
513.3 1818848
516.4 1818848
516.9 1818848
517.4 1818848
519.2 1818848
522.5 1818848
523.0 1818848
524.5 1818816
525.0 1824780
525.5 1824592
526.0 1824688
526.5 1824592
527.0 1824940
527.5 1824652
528.0 1824892
528.5 1825020
529.0 1824276
529.5 1824244
530.0 1824220
530.5 1824316
531.0 1823828
531.5 1824000
532.0 1823984
532.5 1824000
533.0 1823984
533.5 1824112
534.0 1824096
534.5 1823780
535.0 1823740
535.5 1823804
536.0 1823852
536.5 1823756
537.0 1824120
537.5 1824340
538.0 1824104
538.5 1824088
539.0 1825176
539.5 1824388
540.0 1824568
540.5 1824632
541.0 1824504
541.5 1824584
542.0 1824204
542.5 1824128
543.0 1823984
543.5 1824252
544.0 1823812
544.5 1823732
545.0 1824060
545.5 1824280
546.0 1824644
546.5 1824928
547.0 1818812
547.5 1818876
549.3 1818844
550.8 1818840
551.3 1818840
551.8 1818840
552.6 1818840
554.3 1818840
558.0 1818840
561.0 1818808
562.9 1818808
564.8 1818808
566.9 1818808
567.4 1818808
569.2 1818840
569.7 1818840
570.2 1824972
570.7 1824972
571.2 1824892
571.7 1824812
572.2 1824748
572.7 1824860
573.2 1824812
573.7 1824764
574.2 1825304
574.7 1824560
575.2 1824540
575.7 1824684
576.2 1824620
576.7 1824556
577.2 1824524
577.7 1824872
578.2 1824744
578.7 1824744
579.2 1824792
579.7 1824840
580.2 1824896
580.7 1824564
581.2 1824880
581.7 1825020
582.2 1824864
582.7 1824644
583.2 1824440
583.7 1824468
584.2 1825492
584.7 1824596
585.2 1824636
585.7 1824696
586.2 1824288
586.7 1824508
587.2 1824728
587.7 1824980
588.2 1824964
588.7 1825028
589.2 1824792
589.7 1824760
590.2 1824376
590.7 1824836
591.2 1825024
591.7 1824552
592.2 1818812
592.7 1818812
596.3 1818808
596.8 1818808
598.6 1818776
602.2 1818776
604.0 1818776
605.9 1818776
607.8 1818776
608.3 1818776
608.8 1818808
610.6 1818808
613.0 1818776
613.5 1818776
614.0 1818776
614.5 1818776
615.0 1824688
615.5 1824580
616.0 1824704
616.5 1824816
617.0 1825224
617.5 1824720
618.0 1825084
618.5 1824672
619.0 1824832
619.5 1824532
620.0 1824688
620.5 1824684
621.0 1825004
621.5 1824812
622.0 1824780
622.5 1824404
623.0 1824592
623.5 1825016
624.0 1824732
624.5 1824716
625.0 1825088
625.5 1825040
626.0 1824456
626.5 1824836
627.0 1824820
627.5 1824032
628.0 1824332
628.5 1824380
629.0 1824204
629.5 1824396
630.0 1824780
630.5 1824796
631.0 1824480
631.5 1824904
632.0 1824920
632.5 1824976
633.0 1825292
633.5 1824900
634.0 1824788
634.5 1824820
635.0 1825036
635.5 1824940
636.0 1824752
636.5 1824484
637.0 1818600
638.8 1818600
643.4 1818596
645.2 1818596
645.7 1818596
647.6 1818596
651.2 1818628
653.1 1818628
653.6 1818628
655.7 1818628
656.2 1818628
656.7 1818628
659.5 1818628
660.0 1824796
660.5 1824668
661.0 1824656
661.5 1824716
662.0 1824416
662.5 1824260
663.0 1825332
663.5 1824732
664.0 1824568
664.5 1823968
665.0 1824384
665.5 1824340
666.0 1824544
666.5 1824480
667.0 1824988
667.5 1824700
668.0 1824952
668.5 1824400
669.0 1824764
669.5 1824556
670.0 1825236
670.5 1825044
671.0 1824964
671.5 1824968
672.0 1824936
672.5 1825032
673.0 1824952
673.5 1824716
674.0 1824572
674.5 1825156
675.0 1825116
675.5 1825008
676.0 1824868
676.5 1824740
677.0 1824456
677.5 1824724
678.0 1824488
678.5 1824520
679.0 1825104
679.5 1824580
680.0 1824636
680.5 1824652
681.0 1824984
681.5 1824860
682.0 1817908
682.5 1817908
687.2 1817900
688.0 1817868
688.5 1817868
689.0 1817868
689.5 1817868
690.3 1817868
690.8 1817868
691.3 1817868
691.8 1817868
692.3 1817932
692.8 1817900
693.3 1817900
693.8 1817900
694.3 1817900
694.8 1817900
695.5 1817900
696.0 1817900
696.5 1817900
697.0 1817900
698.3 1817868
699.0 1817868
699.9 1817868
700.4 1817868
700.9 1817868
701.4 1817900
701.9 1817900
704.0 1817900
704.5 1817900
705.0 1824164
705.5 1824464
706.0 1824544
706.5 1825160
707.0 1824888
707.5 1825472
708.0 1825048
708.5 1824732
709.0 1824716
709.5 1824732
710.0 1824540
710.5 1824368
711.0 1824304
711.5 1824636
712.0 1824428
712.5 1824744
713.0 1825216
713.5 1824476
714.0 1824728
714.5 1825188
715.0 1824772
715.5 1824188
716.0 1824348
716.5 1824440
717.0 1824424
717.5 1824236
718.0 1824788
718.5 1824800
719.0 1825088
719.5 1824960
720.0 1824700
720.5 1825092
721.0 1825032
721.5 1824996
722.0 1825096
722.5 1824796
723.0 1825032
723.5 1825032
724.0 1824952
724.5 1824668
725.0 1824692
725.5 1824756
726.0 1824804
726.5 1825136
727.8 1818856
728.3 1818856
730.2 1818880
731.2 1818880
731.7 1818880
733.1 1818848
733.6 1818848
734.6 1818848
736.8 1818848
737.3 1818848
738.4 1818848
738.9 1818848
739.4 1818848
741.3 1818816
743.3 1818880
747.0 1818880
747.6 1818880
748.1 1818880
749.5 1818880
750.0 1824492
750.5 1824652
751.0 1824872
751.5 1825536
752.0 1825868
752.5 1825004
753.0 1825024
753.5 1824676
754.0 1824548
754.5 1824456
755.0 1824120
755.5 1824864
756.0 1824500
756.5 1824720
757.0 1824796
757.5 1824656
758.0 1824860
758.5 1824832
759.0 1824688
759.5 1824576
760.0 1824668
760.5 1824416
761.0 1824180
761.5 1823676
762.0 1823660
762.5 1824180
763.0 1823944
763.5 1824732
764.0 1824812
764.5 1824888
765.0 1824568
765.5 1824552
766.0 1824728
766.5 1824852
767.0 1824948
767.5 1824348
768.0 1824680
768.5 1824584
769.0 1824648
769.5 1824632
770.0 1824672
770.5 1824812
771.0 1825116
771.5 1824188
772.0 1818144
773.8 1818112
775.7 1818108
776.2 1818108
779.9 1818172
781.7 1818172
783.6 1818172
785.0 1818172
787.9 1818140
789.3 1818140
792.6 1818140
794.4 1818140
794.9 1824432
795.4 1824668
795.9 1825140
796.4 1824920
796.9 1824856
797.4 1824872
797.9 1824684
798.4 1824812
798.9 1824400
799.4 1825000
799.9 1824696
800.4 1824792
800.9 1824664
801.4 1824552
801.9 1824980
802.4 1824948
802.9 1824932
803.4 1824900
803.9 1824964
804.4 1824600
804.9 1824128
805.4 1824348
805.9 1824460
806.4 1824316
806.9 1824236
807.4 1824444
807.9 1823948
808.4 1823640
808.9 1823704
809.4 1823812
809.9 1823888
810.4 1824172
810.9 1824188
811.4 1824092
811.9 1824644
812.4 1824896
812.9 1824960
813.4 1824832
813.9 1824836
814.4 1824676
814.9 1824700
815.4 1823800
815.9 1824256
816.4 1824448
816.9 1824588
818.9 1818536
820.2 1818568
823.6 1818560
824.1 1818560
825.5 1818560
827.0 1818528
828.9 1818528
829.5 1818528
831.4 1818528
833.5 1818528
834.8 1818528
836.3 1818528
837.0 1818528
838.3 1818560
838.9 1818560
839.5 1818560
840.0 1824724
840.5 1824708
841.0 1824928
841.5 1824864
842.0 1824864
842.5 1824836
843.0 1824816
843.5 1824784
844.0 1824736
844.5 1824800
845.0 1824620
845.5 1824744
846.0 1825044
846.5 1824556
847.0 1824732
847.5 1824588
848.0 1825000
848.5 1824856
849.0 1824936
849.5 1824760
850.0 1824796
850.5 1824544
851.0 1824736
851.5 1824340
852.0 1824764
852.5 1824812
853.0 1824624
853.5 1824580
854.0 1824720
854.5 1824860
855.0 1824868
855.5 1824980
856.0 1824964
856.5 1824568
857.0 1824680
857.5 1824868
858.0 1824632
858.5 1824712
859.0 1824536
859.5 1824836
860.0 1824892
860.5 1824764
861.0 1824940
861.5 1824972
862.0 1818936
862.9 1818936
864.9 1818968
866.7 1818964
867.4 1818964
869.2 1818964
870.0 1818964
873.5 1818964
875.5 1818964
877.1 1818932
879.0 1818932
882.4 1818932
883.1 1818932
883.7 1818932
884.5 1818964
885.0 1824824
885.5 1824680
886.0 1824264
886.5 1824408
887.0 1824220
887.5 1824140
888.0 1823964
888.5 1824596
889.0 1825116
889.5 1825036
890.0 1824460
890.5 1824572
891.0 1824620
891.5 1824728
892.0 1825076
892.5 1824936
893.0 1824856
893.5 1825124
894.0 1824632
894.5 1824816
895.0 1824588
895.5 1824768
896.0 1825160
896.5 1825148
897.0 1824612
897.5 1824784
898.0 1824784
898.5 1824960
899.0 1824720
899.5 1824612
900.0 1824544
900.5 1824576
901.0 1824780
901.5 1824844
902.0 1824892
902.5 1824860
903.0 1824860
903.5 1824592
904.0 1825240
904.5 1824940
905.0 1824856
905.5 1824808
906.0 1824824
906.5 1824744
907.0 1818772
908.1 1818772
908.6 1818772
914.8 1818736
916.6 1818736
918.4 1818736
921.0 1818736
921.9 1818736
923.2 1818736
926.3 1818704
928.7 1818768
929.5 1818768
930.0 1824536
930.5 1824696
931.0 1824600
931.5 1824536
932.0 1825152
932.5 1824852
933.0 1824932
933.5 1824900
934.0 1824836
934.5 1824964
935.0 1824992
935.5 1824788
936.0 1825312
936.5 1824936
937.0 1824584
937.5 1824852
938.0 1824648
938.5 1824504
939.0 1824944
939.5 1824756
940.0 1824876
940.5 1824592
941.0 1823804
941.5 1824180
942.0 1824436
942.5 1824656
943.0 1824528
943.5 1824656
944.0 1824244
944.5 1824356
945.0 1824384
945.5 1824416
946.0 1824540
946.5 1824748
947.0 1824760
947.5 1824416
948.0 1824572
948.5 1824888
949.0 1824840
949.5 1824760
950.0 1824888
950.5 1824952
951.0 1824968
951.5 1825520
952.4 1818900
954.3 1818900
955.4 1818900
957.2 1818896
959.1 1818896
959.9 1818896
960.8 1818896
962.6 1818896
966.2 1818864
967.5 1818864
968.0 1818864
970.6 1818896
973.1 1818896
974.5 1818896
975.0 1824812
975.5 1824340
976.0 1824512
976.5 1824844
977.0 1824652
977.5 1824668
978.0 1824604
978.5 1824560
979.0 1824464
979.5 1824304
980.0 1825044
980.5 1824792
981.0 1824696
981.5 1824932
982.0 1825076
982.5 1824824
983.0 1824444
983.5 1824460
984.0 1824776
984.5 1824840
985.0 1824724
985.5 1824280
986.0 1824488
986.5 1824740
987.0 1824836
987.5 1824740
988.0 1824708
988.5 1824836
989.0 1824900
989.5 1824708
990.0 1825016
990.5 1823976
991.0 1823912
991.5 1824272
992.0 1825024
992.5 1824944
993.0 1825276
993.5 1825372
994.0 1824480
994.5 1825096
995.0 1825136
995.5 1825084
996.0 1825056
996.5 1824976
997.0 1818564
997.7 1818564
999.4 1818564
1000.0 1818560
1000.5 1818560
1002.8 1818560
1003.3 1818560
1004.3 1818528
1004.8 1818528
1006.6 1818528
1010.3 1818528
1012.5 1818560
1013.2 1818560
1016.8 1818560
1018.5 1818528
1019.2 1818528
1019.7 1825768
1020.2 1824420
1020.7 1824692
1021.2 1824768
1021.7 1825036
1022.2 1824956
1022.7 1824988
1023.2 1824988
1023.7 1825020
1024.2 1824848
1024.7 1824872
1025.2 1825280
1025.7 1824680
1026.2 1824680
1026.7 1824872
1027.2 1824872
1027.7 1824872
1028.2 1824748
1028.7 1824540
1029.2 1824792
1029.7 1824880
1030.2 1824452
1030.7 1824940
1031.2 1825240
1031.7 1824688
1032.2 1824596
1032.7 1824484
1033.2 1824656
1033.7 1824548
1034.2 1824800
1034.7 1824732
1035.2 1824780
1035.7 1824844
1036.2 1825224
1036.7 1824876
1037.2 1824528
1037.7 1824512
1038.2 1824860
1038.7 1824780
1039.2 1824544
1039.7 1824520
1040.2 1824820
1040.7 1824472
1041.2 1825056
1041.7 1824564
1042.9 1818968
1044.7 1818968
1045.4 1818964
1046.1 1818964
1047.3 1818964
1047.9 1818932
1048.5 1818932
1049.8 1818932
1050.7 1818932
1052.2 1818932
1055.1 1818932
1056.5 1818932
1057.6 1818932
1058.8 1818964
1059.9 1818964
1061.8 1818964
1062.6 1818964
1063.3 1818964
1063.9 1818964
1064.5 1818964
1065.0 1824736
1065.5 1824656
1066.0 1824800
1066.5 1824800
1067.0 1824560
1067.5 1824768
1068.0 1824832
1068.5 1824136
1069.0 1824468
1069.5 1824720
1070.0 1824416
1070.5 1824796
1071.0 1824828
1071.5 1824780
1072.0 1824732
1072.5 1824828
1073.0 1824828
1073.5 1824620
1074.0 1824376
1074.5 1824660
1075.0 1824608
1075.5 1824816
1076.0 1824688
1076.5 1825068
1077.0 1824752
1077.5 1824704
1078.0 1824860
1078.5 1824832
1079.0 1824704
1079.5 1824848
1080.0 1825208
1080.5 1824908
1081.0 1824720
1081.5 1824672
1082.0 1824624
1082.5 1824264
1083.0 1824420
1083.5 1824560
1084.0 1824884
1084.5 1824948
1085.0 1824960
1085.5 1825148
1086.0 1824784
1086.5 1825356
1087.0 1817932
1087.5 1817932
1089.0 1817900
1092.7 1817892
1093.8 1817892
1095.7 1817956
1096.2 1817956
1097.6 1817956
1098.7 1817956
1100.5 1817956
1101.7 1817956
1103.6 1817924
1104.1 1817924
1105.8 1817924
1107.2 1817924
1109.1 1817924
1109.6 1821900
1110.1 1824008
1110.6 1823848
1111.1 1824136
1111.6 1823960
1112.1 1825116
1112.6 1824896
1113.1 1824740
1113.6 1824868
1114.1 1824424
1114.6 1824512
1115.1 1824764
1115.6 1824748
1116.1 1824544
1116.6 1824700
1117.1 1824604
1117.6 1824700
1118.1 1824860
1118.6 1824984
1119.1 1825032
1119.6 1824824
1120.1 1824728
1120.6 1825028
1121.1 1825012
1121.6 1825216
1122.1 1824980
1122.6 1824680
1123.1 1824824
1123.6 1824444
1124.1 1824336
1124.6 1824552
1125.1 1824820
1125.6 1824724
1126.1 1824708
1126.6 1824724
1127.1 1825024
1127.6 1825024
1128.1 1825072
1128.6 1825056
1129.1 1824740
1129.6 1824800
1130.1 1824060
1130.6 1824312
1131.1 1823996
1131.6 1824244
1132.1 1818400
1134.1 1818400
1136.2 1818424
1136.8 1818424
1138.7 1818424
1139.2 1818424
1140.3 1818424
1142.1 1818424
1142.7 1818424
1143.7 1818424
1144.8 1818392
1146.1 1818392
1147.0 1818392
1148.5 1818392
1149.0 1818392
1149.5 1818392
1150.0 1818424
1150.5 1818424
1151.0 1818424
1151.5 1818424
1152.0 1818392
1152.5 1818392
1153.0 1818392
1153.5 1818392
1154.0 1818392
1154.5 1818392
1155.0 1824444
1155.5 1824792
1156.0 1824680
1156.5 1824600
1157.0 1824948
1157.5 1824844
1158.0 1824908
1158.5 1824932
1159.0 1824808
1159.5 1824680
1160.0 1824892
1160.5 1825068
1161.0 1824404
1161.5 1824672
1162.0 1824580
1162.5 1824656
1163.0 1824828
1163.5 1824800
1164.0 1824988
1164.5 1824324
1165.0 1824364
1165.5 1824348
1166.0 1825008
1166.5 1824556
1167.0 1824616
1167.5 1824884
1168.0 1825064
1168.5 1825128
1169.0 1825168
1169.5 1824972
1170.0 1824888
1170.5 1824604
1171.0 1824652
1171.5 1824368
1172.0 1824260
1172.5 1824528
1173.0 1824352
1173.5 1824244
1174.0 1824100
1174.5 1823976
1175.0 1824044
1175.5 1824172
1176.0 1824140
1176.5 1824236
1177.0 1818368
1177.5 1818368
1178.1 1818368
1178.6 1818368
1179.1 1818368
1179.6 1818368
1180.1 1818336
1180.7 1818328
1181.2 1818328
1181.7 1818328
1182.2 1818328
1182.7 1818328
1183.2 1818328
1183.7 1818360
1184.2 1818328
1184.7 1818328
1185.2 1818328
1185.7 1818328
1186.3 1818328
1186.8 1818328
1187.3 1818240
1187.8 1818580
1188.3 1818988
1188.8 1821580
1189.3 1824604
1189.8 1824604
1190.3 1824576
1190.8 1824576
1191.3 1824576
1191.8 1824576
1192.3 1824576
1192.8 1824544
1193.3 1824608
1193.9 1824608
1194.4 1824608
1194.9 1824608
1195.4 1824608
1195.9 1824608
1196.4 1824608
1196.9 1824576
1197.4 1824576
1197.9 1824576
1198.4 1824576
1198.9 1824576
1199.4 1824576
1199.9 1830900
1200.4 1830536
1200.9 1831276
1201.4 1831412
1201.9 1831380
1202.4 1831364
1202.9 1831220
1203.4 1831584
1203.9 1831236
1204.4 1831196
1204.9 1831228
1205.4 1830912
1205.9 1830944
1206.4 1831100
1206.9 1830604
1207.4 1831352
1207.9 1831464
1208.4 1831688
1208.9 1831652
1209.4 1831556
1209.9 1831744
1210.4 1831712
1210.9 1831268
1211.4 1831444
1211.9 1831284
1212.4 1831444
1212.9 1831316
1213.4 1831412
1213.9 1831080
1214.4 1831144
1214.9 1831128
1215.4 1831472
1215.9 1831080
1216.4 1831252
1216.9 1831396
1217.4 1831396
1217.9 1831080
1218.4 1831316
1218.9 1831096
1219.4 1831128
1219.9 1831280
1220.4 1831424
1220.9 1831280
1221.4 1831328
1221.9 1829216
1222.4 1825260
1223.0 1825260
1223.5 1825260
1224.0 1825260
1224.5 1825260
1225.0 1825260
1225.5 1825260
1226.0 1825324
1226.5 1825292
1227.0 1825292
1227.5 1825292
1228.0 1825292
1228.5 1825292
1229.0 1825292
1229.5 1825292
1230.0 1825292
1230.5 1825292
1231.1 1825260
1231.6 1825260
1232.1 1825260
1232.6 1825260
1233.1 1825260
1233.6 1825260
1234.1 1825292
1234.6 1825292
1235.1 1825292
1235.6 1825292
1236.1 1825260
1236.6 1825260
1237.1 1825260
1237.6 1825260
1238.1 1825260
1238.6 1825260
1239.1 1825260
1239.6 1825260
1240.1 1825260
1240.6 1825260
1241.1 1825292
1241.6 1825292
1242.1 1825292
1242.6 1825292
1243.1 1825292
1243.6 1825292
1244.1 1825292
1244.6 1829864
1245.1 1831424
1245.6 1831344
1246.1 1831344
1246.6 1831440
1247.1 1831724
1247.6 1831564
1248.1 1831392
1248.6 1831564
1249.1 1832056
1249.6 1831612
1250.1 1831708
1250.6 1831436
1251.1 1831548
1251.6 1831784
1252.1 1831140
1252.6 1831248
1253.1 1831200
1253.6 1831264
1254.1 1831344
1254.6 1832708
1255.1 1831800
1255.6 1831736
1256.1 1831512
1256.6 1831768
1257.1 1831324
1257.6 1831324
1258.1 1831260
1258.6 1831704
1259.1 1831640
1259.6 1831672
1260.1 1831640
1260.6 1830804
1261.1 1831004
1261.6 1830960
1262.1 1831528
1262.6 1831308
1263.1 1832036
1263.6 1831072
1264.1 1831496
1264.6 1831396
1265.1 1831412
1265.6 1831332
1266.1 1831224
1266.6 1831444
1267.1 1825732
1267.6 1825732
1268.1 1825700
1268.6 1825700
1269.1 1825700
1269.6 1825700
1270.1 1825696
1270.7 1825696
1271.2 1825696
1271.7 1825696
1272.2 1825696
1272.7 1825696
1273.2 1825664
1273.7 1825664
1274.2 1825664
1274.7 1825664
1275.2 1825696
1275.7 1825696
1276.2 1825696
1276.7 1825696
1277.2 1825664
1277.7 1825664
1278.2 1825664
1278.7 1825664
1279.2 1825664
1279.7 1825664
1280.2 1825664
1280.7 1825664
1281.2 1825664
1281.7 1825664
1282.2 1825696
1282.7 1825696
1283.4 1825696
1283.9 1825696
1284.5 1825696
1285.0 1825696
1285.5 1825696
1286.0 1825696
1286.5 1825696
1287.0 1825664
1287.5 1825664
1288.0 1825664
1288.5 1825664
1289.0 1825664
1289.5 1825664
1290.0 1831188
1290.5 1831756
1291.0 1831232
1291.5 1831156
1292.0 1831044
1292.5 1831140
1293.0 1831188
1293.5 1831440
1294.0 1831220
1294.5 1831044
1295.0 1831908
1295.5 1832064
1296.0 1831780
1296.5 1831764
1297.0 1831464
1297.5 1831512
1298.0 1831448
1298.5 1831180
1299.0 1831416
1299.5 1831336
1300.0 1831544
1300.5 1831008
1301.0 1830752
1301.5 1831812
1302.0 1831288
1302.5 1831336
1303.0 1831464
1303.5 1831384
1304.0 1831540
1304.5 1831652
1305.0 1831360
1305.5 1831280
1306.0 1831344
1306.5 1831832
1307.0 1831864
1307.5 1831784
1308.0 1831388
1308.5 1831376
1309.0 1831500
1309.5 1831108
1310.0 1830784
1310.5 1830848
1311.0 1830756
1311.5 1830848
1312.0 1830928
1312.5 1824692
1313.0 1824692
1313.5 1824692
1314.0 1824692
1314.5 1824692
1315.0 1824656
1315.5 1824656
1316.0 1824656
1316.5 1824656
1317.0 1824720
1317.5 1824720
1318.0 1824720
1318.5 1824720
1319.0 1824720
1319.5 1824720
1320.0 1824688
1320.6 1824688
1321.1 1824688
1321.6 1824688
1322.1 1824688
1322.6 1824688
1323.1 1824688
1323.6 1824688
1324.1 1824720
1324.6 1824688
1325.1 1824688
1325.6 1824688
1326.1 1824688
1326.6 1824688
1327.1 1824688
1327.7 1824688
1328.2 1824688
1328.7 1824688
1329.2 1824656
1329.7 1824656
1330.2 1824656
1330.7 1824656
1331.2 1824720
1331.7 1824720
1332.2 1824720
1332.7 1824720
1333.2 1824720
1333.7 1824720
1334.2 1824688
1334.7 1831964
1335.2 1831512
1335.7 1831516
1336.2 1831308
1336.7 1831356
1337.2 1831276
1337.7 1831324
1338.2 1831404
1338.7 1831180
1339.2 1830988
1339.7 1831288
1340.2 1831716
1340.7 1831408
1341.2 1831580
1341.7 1831660
1342.2 1831516
1342.7 1831612
1343.2 1831216
1343.7 1831628
1344.2 1831296
1344.7 1831636
1345.2 1831508
1345.7 1831764
1346.2 1831192
1346.7 1831256
1347.2 1831492
1347.7 1831396
1348.2 1831160
1348.7 1831668
1349.2 1831068
1349.7 1831124
1350.2 1831060
1350.7 1831344
1351.2 1831200
1351.7 1831724
1352.2 1831344
1352.7 1831264
1353.2 1831676
1353.7 1831612
1354.2 1831408
1354.7 1831508
1355.2 1831320
1355.7 1831128
1356.2 1831256
1356.7 1831208
1357.2 1825124
1357.7 1825124
1358.2 1825124
1358.7 1825124
1359.2 1825092
1359.7 1825092
1360.2 1825084
1360.7 1825084
1361.2 1825084
1361.7 1825084
1362.2 1825116
1362.7 1825084
1363.3 1825084
1363.8 1825084
1364.3 1825084
1364.8 1825084
1365.3 1825084
1365.8 1825084
1366.3 1825084
1366.8 1825084
1367.4 1825052
1367.9 1825052
1368.4 1825052
1368.9 1825052
1369.4 1825116
1369.9 1825116
1370.4 1825116
1370.9 1825116
1371.4 1825116
1371.9 1825116
1372.4 1825084
1372.9 1825084
1373.4 1825084
1374.1 1825084
1374.6 1825084
1375.1 1825084
1375.6 1825084
1376.1 1825084
1376.6 1825148
1377.1 1825116
1377.6 1825116
1378.1 1825116
1378.6 1825116
1379.1 1825116
1379.6 1829496
1380.1 1831636
1380.6 1831384
1381.1 1831004
1381.6 1830988
1382.1 1831176
1382.6 1831368
1383.1 1831556
1383.6 1831144
1384.1 1830924
1384.6 1831044
1385.1 1831200
1385.6 1830980
1386.1 1831060
1386.6 1831672
1387.1 1831816
1387.6 1831580
1388.1 1831168
1388.6 1831548
1389.1 1831424
1389.6 1831528
1390.1 1831384
1390.6 1831528
1391.1 1831152
1391.6 1831292
1392.1 1831812
1392.6 1831608
1393.1 1831420
1393.6 1831700
1394.1 1831308
1394.6 1831408
1395.1 1831316
1395.6 1831048
1396.1 1831048
1396.6 1831048
1397.1 1831440
1397.6 1831236
1398.1 1830920
1398.6 1831268
1399.1 1831252
1399.6 1831204
1400.1 1831412
1400.6 1831412
1401.1 1831756
1401.6 1831408
1402.1 1825232
1402.6 1825232
1403.1 1825232
1403.6 1825232
1404.1 1825232
1404.6 1825232
1405.1 1825232
1405.7 1825200
1406.2 1825200
1406.7 1825264
1407.2 1825264
1407.7 1825264
1408.2 1825264
1408.7 1825264
1409.2 1825264
1409.7 1825264
1410.2 1825264
1410.7 1825232
1411.2 1825232
1411.7 1825232
1412.2 1825232
1412.7 1825232
1413.2 1825232
1413.7 1825264
1414.2 1825264
1414.7 1825264
1415.2 1825264
1415.7 1825232
1416.2 1825232
1416.7 1825232
1417.2 1825232
1417.7 1825232
1418.2 1825232
1418.7 1825232
1419.2 1825232
1419.7 1825200
1420.2 1825200
1420.7 1825200
1421.2 1825200
1421.7 1825264
1422.2 1825264
1422.7 1825264
1423.2 1825264
1423.8 1825264
1424.3 1825264
1424.8 1831448
1425.3 1831528
1425.8 1831560
1426.3 1831072
1426.8 1831532
1427.3 1831356
1427.8 1831180
1428.3 1831512
1428.8 1831276
1429.3 1831672
1429.8 1830968
1430.3 1830940
1430.8 1831032
1431.3 1830704
1431.8 1830432
1432.3 1830624
1432.8 1830560
1433.3 1830496
1433.8 1830796
1434.3 1830732
1434.8 1830788
1435.3 1831136
1435.8 1831088
1436.3 1830684
1436.8 1830936
1437.3 1830904
1437.8 1830984
1438.3 1831144
1438.8 1831348
1439.3 1831032
1439.8 1831428
1440.3 1831236
1440.8 1831488
1441.3 1831472
1441.8 1831708
1442.3 1831504
1442.8 1831252
1443.3 1831284
1443.8 1831140
1444.3 1831472
1444.8 1831156
1445.3 1831456
1445.8 1831048
1446.3 1831252
1446.8 1830700
1447.3 1830828
1447.8 1831144
1448.3 1824980
1448.8 1824980
1449.3 1824980
1449.8 1824980
1450.3 1824980
1450.8 1825008
1451.3 1825008
1451.9 1825008
1452.4 1825008
1452.9 1824976
1453.4 1824976
1453.9 1824976
1454.4 1824976
1454.9 1824976
1455.4 1824976
1455.9 1824976
1456.4 1824976
1456.9 1824976
1457.4 1824976
1457.9 1824944
1458.4 1825008
1458.9 1825008
1459.4 1825008
1459.9 1825008
1460.4 1825008
1460.9 1825008
1461.4 1825008
1461.9 1824976
1462.4 1824976
1462.9 1824976
1463.5 1824976
1464.0 1824976
1464.5 1824976
1465.0 1824976
1465.5 1824976
1466.0 1825008
1466.5 1824976
1467.0 1824976
1467.5 1824976
1468.0 1824976
1468.6 1824976
1469.1 1824976
1469.6 1824976
1470.1 1830932
1470.6 1831068
1471.1 1830640
1471.6 1830736
1472.1 1830768
1472.6 1830752
1473.1 1830548
1473.6 1830436
1474.1 1830532
1474.6 1830704
1475.1 1831032
1475.6 1831236
1476.1 1831252
1476.6 1831300
1477.1 1831300
1477.6 1830888
1478.1 1830924
1478.6 1830828
1479.1 1830732
1479.6 1830732
1480.1 1830760
1480.6 1830648
1481.1 1830396
1481.6 1830648
1482.1 1831408
1482.6 1831312
1483.1 1831168
1483.6 1831184
1484.1 1831088
1484.6 1831344
1485.1 1831068
1485.6 1831192
1486.1 1831420
1486.6 1830996
1487.1 1830996
1487.6 1831500
1488.1 1831452
1488.6 1831532
1489.1 1831312
1489.6 1831232
1490.1 1831196
1490.6 1831608
1491.1 1831384
1491.6 1831324
1492.1 1831496
1492.6 1831692
1493.1 1831312
1493.6 1825500
1494.1 1825500
1494.6 1825500
1495.1 1825500
1495.6 1825460
1496.1 1825460
1496.6 1825460
1497.1 1825460
1497.6 1825460
1498.2 1825524
1498.7 1825524
1499.2 1825524
1499.7 1825524
1500.2 1825524
1500.7 1825524
1501.2 1825492
1501.7 1825492
1502.2 1825492
1502.7 1825492
1503.2 1825492
1503.7 1825492
1504.2 1825492
1504.7 1825492
1505.2 1825524
1505.7 1825524
1506.2 1825524
1506.7 1825524
1507.2 1825524
1507.7 1825524
1508.2 1825524
1508.7 1825524
1509.2 1825524
1509.7 1825524
1510.2 1825492
1510.7 1825492
1511.2 1825492
1511.7 1825524
1512.2 1825524
1512.7 1825524
1513.2 1825524
1513.7 1825524
1514.2 1825492
1514.7 1825492
1515.2 1831424
1515.7 1831436
1516.2 1831784
1516.7 1831580
1517.2 1831644
1517.7 1831264
1518.2 1831232
1518.7 1831280
1519.2 1831136
1519.7 1831184
1520.2 1831644
1520.7 1831180
1521.2 1831276
1521.7 1831684
1522.2 1831324
1522.7 1831432
1523.2 1831212
1523.7 1831196
1524.2 1831228
1524.7 1831132
1525.2 1831592
1525.7 1831444
1526.2 1831380
1526.7 1831412
1527.2 1831444
1527.7 1831396
1528.2 1831288
1528.7 1831160
1529.2 1831460
1529.7 1831332
1530.2 1831476
1530.7 1831248
1531.2 1831328
1531.7 1831644
1532.2 1831340
1532.7 1831468
1533.2 1831468
1533.7 1831480
1534.2 1831328
1534.7 1831720
1535.2 1831436
1535.7 1831384
1536.2 1831400
1536.7 1831544
1537.2 1831512
1537.7 1831496
1538.2 1831732
1538.7 1825412
1539.2 1825412
1539.7 1825412
1540.2 1825412
1540.7 1825408
1541.2 1825408
1541.7 1825376
1542.2 1825376
1542.7 1825376
1543.2 1825376
1543.7 1825376
1544.2 1825440
1544.7 1825440
1545.2 1825440
1545.7 1825440
1546.2 1825408
1546.7 1825408
1547.2 1825408
1547.7 1825408
1548.2 1825408
1548.7 1825408
1549.2 1825408
1549.7 1825408
1550.2 1825472
1550.7 1825472
1551.2 1825472
1551.7 1825440
1552.2 1825440
1552.7 1825440
1553.2 1825440
1553.7 1825440
1554.2 1825440
1554.7 1825440
1555.2 1825440
1555.7 1825440
1556.3 1825408
1556.8 1825408
1557.3 1825408
1557.8 1825440
1558.3 1825440
1558.8 1825440
1559.3 1825440
1559.8 1831580
1560.3 1831152
1560.8 1830916
1561.3 1830476
1561.8 1830504
1562.3 1830900
1562.8 1831184
1563.3 1830964
1563.8 1831104
1564.3 1831340
1564.8 1831272
1565.3 1831348
1565.8 1831476
1566.3 1831620
1566.8 1831460
1567.3 1831840
1567.8 1831224
1568.3 1831540
1568.8 1831888
1569.3 1831712
1569.8 1831192
1570.3 1831844
1570.8 1831164
1571.3 1831364
1571.8 1831244
1572.3 1831496
1572.8 1831400
1573.3 1831512
1573.8 1830848
1574.3 1830784
1574.8 1830568
1575.3 1830760
1575.8 1830488
1576.3 1830712
1576.8 1830728
1577.3 1830852
1577.8 1831136
1578.3 1831324
1578.8 1830680
1579.3 1830616
1579.8 1830844
1580.3 1831396
1580.8 1831256
1581.3 1830704
1581.8 1830656
1582.3 1830988
1582.8 1830340
1583.3 1825068
1583.8 1824596
1584.3 1824564
1584.8 1824564
1585.3 1824564
1585.8 1824556
1586.3 1824556
1586.8 1824556
1587.3 1824556
1587.8 1824556
1588.3 1824556
1588.8 1824556
1589.3 1824524
1589.8 1824524
1590.3 1824524
1590.8 1824524
1591.3 1824524
1591.8 1824524
1592.3 1824556
1592.8 1824556
1593.3 1824556
1593.8 1824556
1594.3 1824524
1594.8 1824524
1595.3 1824524
1595.8 1824524
1596.3 1824524
1596.8 1824524
1597.3 1824524
1597.8 1824524
1598.3 1824556
1598.8 1824556
1599.3 1824556
1599.8 1824556
1600.3 1824556
1600.8 1824556
1601.3 1824556
1601.8 1824556
1602.3 1824556
1602.8 1824556
1603.3 1824556
1603.9 1824556
1604.4 1824524
1604.9 1830712
1605.4 1830972
1605.9 1831460
1606.4 1830988
1606.9 1830876
1607.4 1830844
1607.9 1830876
1608.4 1830528
1608.9 1830608
1609.4 1831144
1609.9 1830524
1610.4 1830792
1610.9 1830620
1611.4 1830604
1611.9 1830620
1612.4 1830556
1612.9 1830444
1613.4 1830620
1613.9 1831032
1614.4 1831180
1614.9 1831140
1615.4 1831392
1615.9 1831124
1616.4 1830840
1616.9 1830808
1617.4 1831076
1617.9 1830620
1618.4 1831660
1618.9 1831124
1619.4 1831644
1619.9 1831428
1620.4 1831380
1620.9 1831208
1621.4 1831064
1621.9 1831096
1622.4 1831144
1622.9 1831112
1623.4 1830908
1623.9 1830908
1624.4 1830908
1624.9 1830900
1625.4 1830852
1625.9 1830884
1626.4 1830860
1626.9 1830868
1627.4 1830760
1627.9 1830836
1628.4 1824804
1628.9 1824804
1629.4 1824804
1629.9 1824804
1630.4 1824796
1630.9 1824796
1631.4 1824796
1631.9 1824764
1632.4 1824764
1632.9 1824764
1633.4 1824764
1633.9 1824764
1634.4 1824796
1634.9 1824796
1635.4 1824796
1635.9 1824796
1636.4 1824796
1636.9 1824796
1637.4 1824764
1637.9 1824764
1638.4 1824764
1638.9 1824764
1639.4 1824764
1639.9 1824764
1640.4 1824764
1640.9 1824764
1641.4 1824796
1641.9 1824796
1642.4 1824796
1642.9 1824796
1643.4 1824796
1643.9 1824796
1644.4 1824796
1644.9 1824796
1645.4 1824796
1645.9 1824796
1646.4 1824764
1646.9 1824764
1647.4 1824764
1647.9 1824764
1648.4 1824796
1648.9 1824796
1649.4 1824796
1649.9 1830720
1650.4 1830512
1650.9 1830528
1651.4 1830528
1651.9 1830356
1652.4 1830592
1652.9 1830924
1653.4 1830940
1653.9 1831484
1654.4 1831308
1654.9 1830876
1655.4 1830780
1655.9 1831112
1656.4 1831112
1656.9 1831128
1657.4 1831236
1657.9 1831396
1658.4 1831144
1658.9 1831048
1659.4 1831016
1659.9 1830944
1660.4 1831104
1660.9 1831056
1661.4 1831384
1661.9 1831716
1662.4 1831608
1662.9 1831388
1663.4 1831308
1663.9 1831372
1664.4 1831672
1664.9 1831552
1665.4 1831284
1665.9 1831956
1666.4 1831824
1666.9 1831380
1667.4 1831552
1667.9 1831364
1668.4 1831348
1668.9 1831520
1669.4 1831252
1669.9 1831216
1670.4 1831360
1670.9 1831376
1671.4 1831408
1671.9 1831344
1672.4 1831156
1672.9 1831360
1673.5 1825544
1674.0 1825544
1674.5 1825544
1675.0 1825544
1675.5 1825536
1676.0 1825536
1676.5 1825536
1677.0 1825536
1677.5 1825600
1678.0 1825568
1678.5 1825568
1679.0 1825568
1679.5 1825568
1680.0 1825568
1680.5 1825568
1681.0 1825568
1681.5 1825568
1682.0 1825568
1682.5 1825568
1683.0 1825568
1683.5 1825536
1684.0 1825536
1684.5 1825536
1685.0 1825536
1685.5 1825568
1686.0 1825568
1686.5 1825568
1687.0 1825568
1687.5 1825536
1688.0 1825536
1688.6 1825536
1689.1 1825536
1689.6 1825536
1690.1 1825536
1690.6 1825536
1691.1 1825536
1691.6 1825536
1692.1 1825568
1692.7 1825568
1693.2 1825568
1693.7 1825568
1694.2 1825568
1694.7 1825568
1695.2 1831288
1695.7 1831556
1696.2 1831432
1696.7 1831140
1697.2 1831548
1697.7 1831216
1698.2 1831504
1698.7 1831016
1699.2 1830856
1699.7 1830952
1700.2 1831132
1700.7 1830956
1701.2 1831164
1701.7 1831036
1702.2 1830972
1702.7 1830768
1703.2 1831164
1703.7 1831148
1704.2 1831116
1704.7 1831512
1705.2 1831356
1705.7 1831228
1706.2 1831276
1706.7 1831448
1707.2 1831592
1707.7 1831452
1708.2 1831956
1708.7 1831192
1709.2 1831704
1709.7 1831624
1710.2 1831636
1710.7 1831304
1711.2 1831448
1711.7 1831384
1712.2 1831732
1712.7 1831288
1713.2 1831384
1713.7 1831100
1714.2 1830752
1714.7 1830752
1715.2 1830824
1715.7 1830792
1716.2 1830980
1716.7 1831168
1717.2 1831092
1717.7 1831156
1718.2 1831408
1718.7 1825712
1719.2 1825712
1719.7 1825712
1720.2 1825712
1720.7 1825672
1721.2 1825672
1721.7 1825672
1722.2 1825672
1722.7 1825672
1723.2 1825672
1723.7 1825672
1724.2 1825672
1724.7 1825672
1725.2 1825672
1725.7 1825640
1726.2 1825704
1726.7 1825704
1727.2 1825704
1727.7 1825704
1728.2 1825704
1728.7 1825704
1729.2 1825704
1729.7 1825704
1730.2 1825704
1730.7 1825672
1731.2 1825672
1731.7 1825672
1732.2 1825672
1732.7 1825672
1733.2 1825672
1733.7 1825704
1734.3 1825704
1734.8 1825672
1735.3 1825672
1735.8 1825672
1736.3 1825672
1736.8 1825672
1737.3 1825672
1737.8 1825672
1738.3 1825672
1738.8 1825672
1739.3 1825672
1739.8 1825640
1740.3 1831480
1740.8 1831148
1741.3 1831084
1741.8 1831060
1742.3 1830524
1742.8 1830792
1743.3 1830428
1743.8 1830540
1744.3 1831452
1744.8 1831328
1745.3 1831892
1745.8 1830908
1746.3 1831100
1746.8 1831288
1747.3 1831004
1747.8 1831148
1748.3 1830940
1748.8 1831256
1749.3 1830592
1749.8 1830796
1750.3 1831060
1750.8 1830824
1751.3 1830964
1751.8 1832084
1752.3 1831644
1752.8 1831532
1753.3 1831484
1753.8 1831344
1754.3 1831044
1754.8 1830948
1755.3 1831288
1755.8 1831272
1756.3 1831384
1756.8 1831192
1757.3 1831224
1757.8 1831384
1758.3 1831556
1758.8 1831304
1759.3 1831132
1759.8 1830988
1760.3 1831028
1760.8 1831312
1761.3 1831312
1761.8 1831516
1762.3 1831424
1762.8 1831580
1763.3 1831168
1763.8 1825260
1764.3 1825260
1764.8 1825260
1765.3 1825252
1765.8 1825252
1766.3 1825252
1766.8 1825252
1767.3 1825252
1767.8 1825252
1768.3 1825252
1768.8 1825220
1769.3 1825220
1769.8 1825284
1770.3 1825284
1770.8 1825284
1771.3 1825284
1771.8 1825284
1772.3 1825284
1772.8 1825252
1773.3 1825252
1773.8 1825252
1774.3 1825252
1774.8 1825252
1775.3 1825252
1775.8 1825252
1776.3 1825252
1776.8 1825316
1777.3 1825284
1777.8 1825284
1778.3 1825284
1778.8 1825284
1779.3 1825284
1779.8 1825284
1780.3 1825284
1780.8 1825284
1781.3 1825284
1781.8 1825284
1782.3 1825284
1782.8 1825252
1783.3 1825252
1783.8 1825252
1784.3 1825284
1784.8 1825284
1785.3 1831336
1785.8 1831176
1786.3 1831272
1786.8 1831304
1787.3 1831888
1787.8 1831036
1788.3 1830972
1788.8 1831272
1789.3 1831508
1789.8 1831412
1790.3 1830744
1790.8 1830900
1791.3 1831248
1791.8 1831156
1792.3 1831004
1792.8 1830972
1793.3 1830720
1793.8 1831036
1794.3 1831116
1794.8 1831352
1795.3 1831596
1795.8 1831356
1796.3 1832312
1796.8 1831376
1797.3 1831376
1797.8 1831232
1798.3 1831548
1798.8 1831692
1799.3 1831468
1799.8 1831628
1800.3 1831280
1800.8 1831204
1801.3 1831504
1801.8 1831772
1802.3 1831472
1802.8 1831820
1803.3 1831472
1803.8 1831456
1804.3 1831520
1804.8 1831124
1805.3 1831504
1805.8 1831644
1806.3 1831488
1806.8 1831708
1807.3 1831980
1807.8 1831568
1808.3 1831472
1808.8 1825556
1809.3 1825556
1809.8 1825556
1810.3 1825556
1810.8 1825520
1811.3 1825520
1811.8 1825520
1812.3 1825520
1812.8 1825520
1813.3 1825520
1813.8 1825520
1814.3 1825520
1814.8 1825488
1815.3 1825488
1815.8 1825488
1816.4 1825488
1816.9 1825552
1817.4 1825552
1817.9 1825552
1818.4 1825552
1818.9 1825552
1819.4 1825552
1819.9 1825520
1820.4 1825520
1820.9 1825520
1821.4 1825520
1821.9 1825520
1822.4 1825520
1822.9 1825520
1823.4 1825520
1823.9 1825552
1824.4 1825520
1824.9 1825520
1825.4 1825520
1825.9 1825520
1826.4 1825520
1826.9 1825520
1827.4 1825520
1827.9 1825520
1828.4 1825520
1828.9 1825488
1829.4 1825488
1829.9 1831784
1830.4 1831436
1830.9 1831692
1831.4 1831628
1831.9 1831388
1832.4 1831436
1832.9 1831596
1833.4 1831388
1833.9 1831248
1834.4 1831516
1834.9 1831492
1835.4 1831460
1835.9 1831604
1836.4 1831476
1836.9 1831620
1837.4 1831556
1837.9 1831444
1838.4 1831540
1838.9 1831336
1839.4 1831712
1839.9 1831516
1840.4 1831452
1840.9 1831784
1841.4 1831532
1841.9 1831468
1842.4 1831312
1842.9 1831296
1843.4 1830648
1843.9 1830600
1844.4 1830836
1844.9 1830752
1845.4 1830940
1845.9 1831096
1846.4 1831368
1846.9 1831620
1847.4 1831224
1847.9 1831508
1848.4 1831680
1848.9 1831588
1849.4 1831572
1849.9 1831428
1850.4 1831380
1850.9 1831540
1851.4 1831540
1851.9 1831380
1852.4 1831540
1852.9 1831540
1853.4 1825652
1853.9 1825716
1854.4 1825716
1854.9 1825716
1855.4 1825716
1855.9 1825708
1856.4 1825708
1856.9 1825708
1857.4 1825708
1857.9 1825676
1858.4 1825676
1858.9 1825676
1859.4 1825676
1859.9 1825676
1860.4 1825676
1860.9 1825676
1861.4 1825676
1861.9 1825708
1862.4 1825676
1862.9 1825676
1863.4 1825676
1863.9 1825676
1864.4 1825676
1864.9 1825676
1865.4 1825676
1865.9 1825676
1866.4 1825676
1866.9 1825644
1867.4 1825644
1867.9 1825644
1868.4 1825644
1868.9 1825708
1869.4 1825708
1869.9 1825708
1870.4 1825708
1870.9 1825708
1871.4 1825708
1871.9 1825676
1872.4 1825676
1872.9 1825676
1873.4 1825676
1873.9 1825676
1874.4 1825676
1874.9 1831388
1875.4 1831484
1875.9 1831420
1876.4 1831272
1876.9 1831272
1877.4 1831256
1877.9 1831176
1878.4 1831428
1878.9 1831476
1879.4 1831516
1879.9 1831412
1880.4 1831412
1880.9 1831428
1881.4 1831316
1881.9 1831396
1882.4 1831508
1882.9 1831604
1883.4 1831532
1883.9 1831176
1884.4 1830812
1884.9 1831088
1885.4 1830912
1885.9 1831372
1886.4 1831008
1886.9 1830912
1887.4 1830864
1887.9 1830992
1888.4 1831024
1888.9 1830912
1889.4 1830708
1889.9 1830856
1890.4 1831316
1890.9 1830952
1891.4 1830840
1891.9 1831380
1892.4 1831396
1892.9 1831664
1893.4 1831156
1893.9 1831124
1894.4 1831360
1894.9 1831420
1895.4 1831532
1895.9 1831580
1896.4 1831404
1896.9 1831312
1897.4 1831420
1897.9 1831656
1898.4 1825496
1898.9 1825496
1899.4 1825496
1899.9 1825496
1900.4 1825496
1900.9 1825464
1901.4 1825464
1901.9 1825464
1902.4 1825464
1902.9 1825464
1903.4 1825464
1903.9 1825464
1904.4 1825464
1904.9 1825464
1905.4 1825464
1905.9 1825464
1906.4 1825464
1906.9 1825464
1907.4 1825464
1907.9 1825464
1908.4 1825464
1908.9 1825464
1909.4 1825464
1909.9 1825464
1910.4 1825432
1910.9 1825432
1911.4 1825496
1911.9 1825496
1912.4 1825496
1912.9 1825496
1913.4 1825496
1913.9 1825496
1914.4 1825464
1914.9 1825464
1915.4 1825464
1915.9 1825464
1916.4 1825464
1916.9 1825464
1917.4 1825464
1917.9 1825464
1918.4 1825464
1918.9 1825464
1919.4 1825496
1919.9 1831736
1920.4 1831436
1920.9 1831532
1921.4 1831420
1921.9 1831532
1922.4 1831464
1922.9 1831548
1923.4 1831484
1923.9 1831688
1924.4 1831516
1924.9 1831500
1925.4 1831452
1925.9 1831168
1926.4 1831688
1926.9 1831012
1927.4 1831784
1927.9 1831908
1928.4 1831844
1928.9 1831692
1929.4 1831752
1929.9 1831560
1930.4 1831432
1930.9 1831320
1931.4 1831480
1931.9 1831512
1932.4 1831132
1932.9 1830564
1933.4 1830944
1933.9 1831368
1934.4 1831196
1934.9 1831488
1935.4 1831580
1935.9 1831388
1936.4 1831676
1936.9 1831188
1937.4 1831172
1937.9 1831360
1938.4 1831408
1938.9 1831124
1939.4 1831536
1939.9 1831228
1940.4 1831448
1940.9 1830896
1941.4 1830880
1941.9 1830864
1942.4 1831528
1942.9 1831224
1943.5 1825452
1944.0 1825516
1944.5 1825516
1945.0 1825516
1945.5 1825508
1946.0 1825508
1946.5 1825508
1947.0 1825508
1947.5 1825476
1948.0 1825476
1948.5 1825476
1949.0 1825476
1949.5 1825476
1950.0 1825476
1950.5 1825476
1951.0 1825476
1951.5 1825476
1952.0 1825476
1952.5 1825508
1953.0 1825508
1953.5 1825508
1954.0 1825508
1954.5 1825508
1955.0 1825508
1955.5 1825508
1956.0 1825508
1956.5 1825508
1957.0 1825508
1957.6 1825476
1958.1 1825476
1958.6 1825476
1959.1 1825476
1959.6 1825508
1960.1 1825508
1960.6 1825508
1961.1 1825508
1961.6 1825476
1962.1 1825476
1962.6 1825476
1963.1 1825476
1963.6 1825476
1964.1 1825476
1964.6 1829904
1965.1 1831400
1965.6 1831636
1966.1 1831540
1966.6 1831544
1967.1 1831952
1967.6 1831208
1968.1 1831288
1968.6 1831636
1969.1 1831304
1969.6 1831392
1970.1 1831108
1970.6 1831668
1971.1 1831616
1971.6 1831360
1972.1 1831500
1972.6 1831676
1973.1 1831628
1973.6 1831424
1974.1 1831520
1974.6 1831400
1975.1 1831084
1975.6 1831384
1976.1 1831856
1976.6 1831052
1977.1 1831148
1977.6 1831180
1978.1 1830864
1978.6 1831116
1979.1 1831352
1979.6 1830968
1980.1 1831016
1980.6 1831016
1981.1 1831324
1981.6 1831072
1982.1 1831168
1982.6 1830932
1983.1 1831184
1983.6 1831404
1984.1 1831184
1984.6 1831616
1985.1 1831412
1985.6 1831664
1986.1 1831332
1986.6 1831412
1987.1 1831128
1987.6 1831348
1988.1 1831540
1988.6 1825524
1989.1 1825524
1989.6 1825492
1990.2 1825488
1990.7 1825488
1991.2 1825488
1991.7 1825488
1992.2 1825488
1992.7 1825488
1993.3 1825488
1993.8 1825488
1994.3 1825488
1994.8 1825488
1995.3 1825520
1995.8 1825520
1996.3 1825520
1996.8 1825520
1997.3 1825520
1997.8 1825520
1998.3 1825520
1998.8 1825520
1999.3 1825488
1999.8 1825488
2000.3 1825488
2000.8 1825488
2001.3 1825488
2001.8 1825488
2002.3 1825520
2002.8 1825520
2003.3 1825520
2003.8 1825520
2004.3 1825488
2004.8 1825488
2005.3 1825488
2005.8 1825488
2006.4 1825488
2006.9 1825488
2007.4 1825488
2007.9 1825488
2008.4 1825488
2008.9 1825488
2009.4 1825520
2009.9 1831496
2010.4 1831428
2010.9 1831196
2011.4 1831164
2011.9 1831164
2012.4 1830976
2012.9 1830976
2013.4 1831100
2013.9 1830816
2014.4 1831240
2014.9 1831236
2015.4 1830728
2015.9 1830544
2016.4 1830940
2016.9 1830828
2017.4 1830940
2017.9 1831224
2018.4 1831444
2018.9 1831444
2019.4 1831744
2019.9 1831388
2020.4 1831372
2020.9 1831292
2021.4 1831452
2021.9 1831372
2022.4 1831672
2022.9 1831308
2023.4 1831420
2023.9 1832052
2024.4 1831608
2024.9 1831312
2025.4 1831216
2025.9 1831424
2026.4 1831312
2026.9 1831012
2027.4 1831076
2027.9 1831312
2028.4 1831296
2028.9 1831360
2029.4 1831360
2029.9 1831736
2030.4 1831260
2030.9 1831592
2031.4 1831688
2031.9 1831672
2032.4 1831672
2032.9 1831656
2033.4 1825304
2034.0 1825304
2034.5 1825304
2035.0 1825304
2035.5 1825300
2036.0 1825300
2036.5 1825300
2037.1 1825268
2037.6 1825268
2038.1 1825268
2038.6 1825268
2039.1 1825268
2039.6 1825332
2040.1 1825332
2040.6 1825332
2041.1 1825332
2041.6 1825300
2042.2 1825300
2042.7 1825300
2043.2 1825300
2043.7 1825300
2044.2 1825300
2044.7 1825300
2045.2 1825300
2045.7 1825300
2046.2 1825300
2046.7 1825332
2047.2 1825332
2047.7 1825332
2048.2 1825332
2048.7 1825332
2049.2 1825332
2049.7 1825332
2050.2 1825332
2050.8 1825332
2051.3 1825332
2051.8 1825300
2052.3 1825300
2052.8 1825300
2053.3 1825300
2053.8 1825300
2054.3 1825300
2054.8 1825332
2055.3 1831020
2055.8 1831100
2056.3 1831068
2056.8 1831432
2057.3 1831336
2057.8 1831448
2058.3 1831272
2058.8 1831840
2059.3 1831476
2059.8 1831200
2060.3 1831564
2060.8 1831628
2061.3 1831124
2061.8 1831092
2062.3 1831328
2062.8 1831344
2063.3 1831360
2063.8 1831372
2064.3 1830796
2064.8 1831020
2065.3 1831392
2065.8 1831392
2066.3 1831628
2066.8 1831312
2067.3 1831500
2067.8 1831472
2068.3 1831076
2068.8 1831376
2069.3 1831440
2069.8 1831248
2070.3 1831004
2070.8 1831144
2071.3 1831524
2071.8 1831792
2072.3 1831748
2072.8 1831336
2073.3 1831416
2073.8 1831068
2074.3 1831100
2074.8 1830940
2075.3 1831156
2075.8 1831296
2076.3 1831296
2076.8 1831184
2077.3 1831168
2077.8 1831312
2078.3 1831820
2078.8 1825384
2079.3 1825384
2079.8 1825384
2080.3 1825384
2080.8 1825376
2081.3 1825376
2081.8 1825376
2082.3 1825376
2083.1 1825376
2083.6 1825344
2084.3 1825344
2084.8 1825344
2085.3 1825344
2085.8 1825344
2087.7 1825376
2089.7 1825376
2092.1 1825376
2097.5 1825344
2099.5 1825344
2100.0 1831924
2100.5 1831736
2101.0 1831628
2101.5 1831500
2102.0 1831328
2102.5 1831312
2103.0 1831232
2103.5 1831296
2104.0 1831500
2104.5 1831232
2105.0 1831472
2105.5 1831552
2106.0 1831504
2106.5 1831336
2107.0 1831868
2107.5 1830372
2108.0 1830464
2108.5 1830876
2109.0 1831364
2109.5 1831332
2110.0 1831468
2110.5 1831512
2111.0 1831496
2111.5 1831480
2112.0 1831340
2112.5 1831276
2113.0 1830868
2113.5 1830232
2114.0 1831056
2114.5 1831260
2115.0 1831300
2115.5 1831220
2116.0 1831440
2116.5 1830892
2117.0 1831396
2117.5 1831600
2118.0 1831472
2118.5 1831520
2119.0 1831488
2119.5 1831456
2120.0 1831428
2120.5 1831240
2121.0 1831556
2121.5 1831240
2122.0 1831084
2122.5 1830940
2123.0 1831604
2125.0 1825560
2130.3 1825552
2132.5 1825552
2138.0 1825520
2141.6 1825520
2143.5 1825520
2144.0 1825520
2144.5 1825520
2145.0 1831304
2145.5 1831240
2146.0 1831304
2146.5 1831432
2147.0 1831400
2147.5 1831224
2148.0 1831192
2148.5 1831540
2149.0 1830912
2149.5 1830752
2150.0 1831176
2150.5 1831236
2151.0 1831252
2151.5 1831332
2152.0 1831616
2152.5 1831772
2153.0 1831504
2153.5 1831440
2154.0 1831648
2154.5 1831568
2155.0 1831468
2155.5 1831532
2156.0 1831816
2156.5 1831192
2157.0 1831288
2157.5 1831272
2158.0 1831652
2158.5 1831400
2159.0 1831272
2159.5 1831500
2160.0 1831324
2160.5 1831056
2161.0 1831056
2161.5 1831308
2162.0 1831640
2162.5 1831164
2163.0 1831464
2163.5 1831384
2164.0 1831388
2164.5 1831356
2165.0 1831620
2165.5 1831240
2166.0 1831540
2166.5 1831304
2167.0 1831192
2167.5 1831288
2168.0 1831148
2168.5 1825156
2169.0 1825156
2169.5 1825156
2170.0 1825124
2170.5 1825116
2171.0 1825116
2171.5 1825116
2172.0 1825116
2172.5 1825116
2173.0 1825148
2173.5 1825148
2174.0 1825116
2174.5 1825116
2175.0 1825116
2175.5 1825116
2176.0 1825116
2176.5 1825116
2177.0 1825116
2177.5 1825116
2178.0 1825116
2178.5 1825116
2179.0 1825084
2179.5 1825148
2180.0 1825148
2180.5 1825148
2181.0 1825148
2181.5 1825148
2182.1 1825148
2182.6 1825148
2183.1 1825148
2183.6 1825148
2184.1 1825116
2184.6 1825116
2185.1 1825116
2185.6 1825116
2186.1 1825116
2186.6 1825116
2187.1 1825148
2187.6 1825148
2188.1 1825116
2188.6 1825116
2189.1 1825116
2189.6 1825116
2190.1 1831380
2190.6 1831352
2191.1 1831320
2191.6 1831904
2192.1 1831272
2192.6 1831572
2193.1 1831620
2193.6 1831728
2194.1 1831408
2194.6 1831644
2195.1 1831564
2195.6 1831912
2196.1 1831184
2196.6 1831440
2197.1 1831312
2197.6 1831580
2198.1 1831296
2198.6 1831392
2199.1 1831344
2199.6 1831248
2200.1 1831276
2200.6 1831356
2201.1 1831404
2201.6 1831464
2202.1 1831324
2202.6 1831308
2203.1 1831480
2203.6 1831196
2204.1 1831276
2204.6 1831608
2205.1 1831352
2205.6 1831624
2206.1 1831372
2206.6 1831608
2207.1 1831512
2207.6 1830692
2208.1 1830740
2208.6 1831212
2209.1 1830756
2209.6 1830976
2210.1 1831028
2210.6 1831420
2211.1 1831224
2211.6 1831444
2212.1 1831572
2212.6 1831288
2213.1 1831476
2213.6 1825300
2214.1 1825300
2214.6 1825300
2215.1 1825300
2215.6 1825300
2216.1 1825260
2216.6 1825260
2217.2 1825260
2217.7 1825260
2218.2 1825260
2218.7 1825260
2219.2 1825292
2219.7 1825292
2220.2 1825292
2220.7 1825292
2221.2 1825260
2221.7 1825260
2222.2 1825260
2222.7 1825260
2223.2 1825260
2223.7 1825260
2224.2 1825260
2224.7 1825260
2225.2 1825260
2225.7 1825260
2226.2 1825292
2226.7 1825292
2227.2 1825292
2227.7 1825292
2228.2 1825292
2228.7 1825292
2229.2 1825292
2229.7 1825292
2230.2 1825292
2230.7 1825292
2231.2 1825260
2231.7 1825260
2232.2 1825260
2232.7 1825260
2233.2 1825260
2233.7 1825260
2234.3 1825292
2234.8 1831868
2235.3 1831216
2235.8 1831168
2236.3 1831484
2236.8 1831216
2237.3 1831452
2237.8 1831264
2238.3 1831248
2238.8 1831296
2239.3 1831184
2239.8 1831480
2240.3 1831496
2240.8 1831416
2241.3 1831620
2241.8 1831052
2242.3 1831100
2242.8 1831372
2243.3 1831276
2243.8 1830960
2244.3 1830944
2244.8 1830684
2245.3 1830936
2245.8 1831236
2246.3 1831116
2246.8 1831448
2247.3 1831416
2247.8 1831700
2248.3 1831196
2248.8 1831180
2249.3 1831560
2249.8 1831188
2250.3 1830936
2250.8 1830620
2251.3 1830920
2251.8 1830872
2252.3 1830872
2252.8 1830824
2253.3 1830920
2253.8 1830936
2254.3 1830780
2254.8 1830976
2255.3 1830880
2255.8 1830848
2256.3 1830896
2256.8 1830960
2257.3 1830992
2257.8 1830816
2258.3 1825096
2258.8 1825096
2259.3 1825096
2259.8 1825096
2260.3 1825120
2260.8 1825120
2261.3 1825120
2261.8 1825120
2262.3 1825120
2262.8 1825120
2263.3 1825088
2263.8 1825088
2264.3 1825088
2264.8 1825088
2265.3 1825088
2265.8 1825088
2266.3 1825088
2266.8 1825088
2267.3 1825056
2267.9 1825120
2268.4 1825120
2268.9 1825120
2269.4 1825120
2269.9 1825120
2270.4 1825120
2270.9 1825120
2271.4 1825120
2271.9 1825088
2272.4 1825088
2272.9 1825088
2273.4 1825088
2273.9 1825088
2274.4 1825088
2274.9 1825088
2275.4 1825120
2275.9 1825120
2276.4 1825120
2276.9 1825120
2277.4 1825088
2277.9 1825088
2278.4 1825088
2278.9 1825088
2279.4 1825088
2279.9 1830920
2280.4 1830888
2280.9 1830636
2281.4 1830652
2281.9 1830620
2282.4 1831108
2282.9 1831504
2283.4 1831124
2283.9 1831408
2284.4 1831408
2284.9 1831432
2285.4 1830960
2285.9 1830832
2286.4 1831552
2286.9 1831724
2287.4 1831424
2287.9 1831376
2288.4 1831124
2288.9 1831172
2289.4 1831644
2289.9 1831448
2290.4 1831228
2290.9 1831400
2291.4 1831228
2291.9 1831088
2292.4 1830848
2292.9 1830944
2293.4 1830944
2293.9 1830832
2294.4 1830832
2294.9 1830956
2295.4 1831020
2295.9 1830812
2296.4 1830844
2296.9 1830688
2297.4 1830640
2297.9 1830688
2298.4 1830640
2298.9 1830592
2299.4 1830844
2299.9 1831172
2300.4 1831188
2300.9 1830936
2301.4 1831064
2301.9 1831144
2302.4 1830904
2302.9 1831172
2303.5 1825128
2304.0 1825128
2304.5 1825096
2305.0 1825096
2305.5 1825088
2306.0 1825088
2306.5 1825088
2307.0 1825088
2307.5 1825088
2308.0 1825088
2308.5 1825088
2309.0 1825088
2309.5 1825088
2310.0 1825088
2310.5 1825120
2311.0 1825120
2311.5 1825120
2312.0 1825120
2312.5 1825120
2313.0 1825120
2313.5 1825120
2314.0 1825120
2314.5 1825088
2315.0 1825088
2315.5 1825088
2316.1 1825088
2316.6 1825088
2317.1 1825088
2317.6 1825088
2318.1 1825088
2318.6 1825088
2319.1 1825088
2319.6 1825088
2320.1 1825088
2320.6 1825088
2321.1 1825088
2321.6 1825088
2322.1 1825088
2322.6 1825088
2323.1 1825088
2323.6 1825088
2324.1 1825088
2324.6 1827412
2325.1 1831392
2325.6 1831312
2326.1 1831472
2326.6 1831236
2327.1 1831000
2327.6 1830856
2328.1 1831124
2328.6 1831140
2329.1 1831252
2329.6 1831072
2330.1 1831484
2330.6 1831500
2331.1 1831104
2331.6 1830932
2332.1 1831492
2332.6 1831540
2333.1 1831584
2333.6 1831332
2334.1 1831476
2334.6 1831252
2335.1 1831472
2335.6 1831344
2336.1 1831564
2336.6 1831392
2337.1 1831456
2337.6 1831456
2338.1 1831140
2338.6 1831504
2339.1 1831528
2339.6 1831432
2340.1 1831328
2340.6 1831632
2341.1 1830936
2341.6 1830684
2342.1 1830748
2342.6 1831140
2343.1 1831296
2343.6 1831328
2344.1 1831172
2344.6 1830952
2345.1 1830964
2345.6 1831280
2346.1 1831152
2346.6 1831216
2347.1 1831516
2347.6 1831324
2348.1 1831276
2348.6 1825280
2349.1 1825280
2349.6 1825280
2350.1 1825280
2350.6 1825280
2351.1 1825280
2351.6 1825248
2352.1 1825312
2352.6 1825312
2353.1 1825312
2353.6 1825312
2354.1 1825312
2354.6 1825312
2355.1 1825312
2355.6 1825312
2356.1 1825312
2356.6 1825280
2357.1 1825280
2357.6 1825280
2358.1 1825280
2358.6 1825280
2359.1 1825280
2359.6 1825312
2360.1 1825312
2360.6 1825312
2361.1 1825312
2361.6 1825280
2362.1 1825280
2362.6 1825280
2363.1 1825280
2363.6 1825280
2364.1 1825280
2364.6 1825280
2365.1 1825280
2365.6 1825248
2366.1 1825248
2366.6 1825312
2367.1 1825312
2367.6 1825312
2368.1 1825312
2368.6 1825312
2369.1 1825312
2369.6 1825312
2370.1 1831348
2370.6 1831428
2371.1 1831492
2371.6 1831192
2372.1 1831144
2372.6 1831016
2373.1 1831032
2373.6 1831412
2374.1 1831508
2374.6 1831444
2375.1 1831328
2375.6 1831328
2376.1 1831548
2376.6 1831328
2377.1 1831644
2377.6 1831244
2378.1 1831688
2378.6 1831244
2379.1 1831336
2379.6 1831432
2380.1 1831536
2380.6 1831424
2381.1 1831092
2381.6 1830936
2382.1 1830872
2382.6 1831140
2383.1 1831188
2383.6 1831424
2384.1 1831644
2384.6 1831392
2385.1 1831372
2385.6 1831372
2386.1 1831704
2386.6 1831340
2387.1 1831452
2387.6 1831404
2388.1 1831308
2388.6 1831388
2389.1 1831324
2389.6 1831292
2390.1 1831448
2390.6 1831668
2391.1 1831272
2391.6 1831384
2392.1 1831760
2392.6 1830836
2393.1 1828916
2393.6 1824808
2394.1 1824808
2394.6 1824872
2395.1 1824872
2395.6 1824864
2396.1 1824864
2396.6 1824864
2397.1 1824864
2397.6 1824832
2398.1 1824832
2398.7 1824832
2399.2 1824832
2399.7 1824832
2400.2 1824832
2400.7 1824832
2401.2 1824832
2401.7 1824896
2402.2 1824864
2402.7 1824864
2403.2 1824864
2403.7 1824864
2404.2 1824864
2404.7 1824864
2405.2 1824864
2405.7 1824864
2406.2 1824864
2406.7 1824864
2407.2 1824864
2407.7 1824832
2408.2 1824832
2408.7 1824832
2409.2 1824832
2409.7 1824864
2410.2 1824864
2410.7 1824864
2411.2 1824864
2411.7 1824832
2412.2 1824832
2412.7 1824832
2413.2 1824832
2413.7 1824832
2414.2 1824832
2414.7 1829484
2415.2 1830768
2415.7 1831320
2416.2 1831336
2416.7 1831448
2417.2 1831288
2417.7 1831288
2418.2 1831432
2418.7 1831572
2419.2 1831476
2419.7 1831384
2420.2 1831512
2420.7 1831732
2421.2 1831560
2421.7 1831460
2422.2 1831868
2422.7 1831540
2423.2 1831732
2423.7 1831464
2424.2 1831180
2424.7 1831380
2425.2 1831728
2425.7 1831504
2426.2 1831476
2426.7 1831332
2427.2 1831460
2427.7 1831712
2428.2 1831380
2428.7 1831556
2429.2 1831332
2429.7 1831096
2430.2 1831252
2430.7 1831208
2431.2 1831096
2431.7 1831444
2432.2 1831364
2432.7 1831004
2433.2 1830796
2433.7 1831096
2434.2 1830936
2434.7 1830932
2435.2 1831164
2435.7 1831656
2436.2 1831500
2436.7 1831560
2437.2 1831608
2437.7 1831260
2438.2 1825476
2438.7 1825476
2439.2 1825476
2439.7 1825540
2440.2 1825508
2440.7 1825500
2441.2 1825500
2441.7 1825500
2442.2 1825500
2442.7 1825500
2443.2 1825500
2443.7 1825500
2444.2 1825500
2444.7 1825468
2445.2 1825468
2445.7 1825468
2446.2 1825468
2446.7 1825500
2447.2 1825500
2447.9 1825500
2448.4 1825500
2448.9 1825500
2449.4 1825500
2449.9 1825468
2450.4 1825468
2450.9 1825468
2451.4 1825468
2451.9 1825468
2452.4 1825468
2453.0 1825468
2453.5 1825468
2454.0 1825468
2454.6 1825500
2455.1 1825500
2455.6 1825500
2456.1 1825500
2456.6 1825500
2457.1 1825500
2457.6 1825500
2458.1 1825500
2458.6 1825500
2459.1 1825468
2459.6 1829256
2460.1 1831712
2460.6 1831696
2461.1 1831760
2461.6 1831524
2462.1 1832152
2462.6 1831428
2463.1 1831412
2463.6 1831492
2464.1 1831016
2464.6 1830928
2465.1 1831812
2465.6 1831324
2466.1 1831496
2466.6 1831640
2467.1 1831416
2467.6 1831560
2468.1 1831484
2468.6 1831372
2469.1 1831372
2469.6 1831516
2470.1 1831516
2470.6 1831628
2471.1 1831408
2471.6 1831488
2472.1 1831676
2472.6 1831548
2473.1 1831220
2473.6 1831284
2474.1 1831156
2474.6 1831072
2475.1 1830916
2475.6 1830916
2476.1 1831152
2476.6 1831404
2477.1 1831436
2477.6 1831144
2478.1 1830816
2478.6 1830624
2479.1 1830404
2479.6 1830488
2480.1 1830568
2480.6 1831452
2481.1 1831588
2481.6 1831148
2482.1 1831356
2482.6 1831656
2483.1 1831688
2483.6 1825724
2484.1 1825724
2484.6 1825724
2485.2 1825724
2485.7 1825720
2486.2 1825720
2486.7 1825720
2487.2 1825688
2487.7 1825688
2488.2 1825688
2488.7 1825688
2489.2 1825688
2489.7 1825688
2490.2 1825688
2490.7 1825688
2491.2 1825720
2491.7 1825720
2492.2 1825720
2492.7 1825688
2493.2 1825688
2493.7 1825688
2494.2 1825688
2494.7 1825688
2495.2 1825688
2495.7 1825688
2496.2 1825688
2496.7 1825656
2497.3 1825656
2497.8 1825720
2498.3 1825720
2498.8 1825720
2499.3 1825720
2499.8 1825720
2500.3 1825720
2500.8 1825720
2501.3 1825720
2501.8 1825688
2502.3 1825688
2502.8 1825688
2503.3 1825688
2503.8 1825688
2504.3 1825688
2504.8 1831480
2505.3 1831652
2505.8 1831572
2506.3 1831780
2506.8 1831052
2507.3 1831100
2507.8 1831180
2508.3 1831148
2508.8 1831352
2509.3 1831872
2509.8 1831300
2510.3 1830904
2510.8 1831176
2511.3 1831272
2511.8 1831524
2512.3 1831616
2512.8 1831428
2513.3 1831632
2513.8 1831696
2514.3 1831584
2514.8 1831724
2515.3 1831580
2515.8 1831516
2516.3 1831472
2516.8 1831108
2517.3 1830964
2517.8 1831204
2518.3 1831188
2518.8 1831440
2519.3 1831424
2519.8 1830692
2520.3 1831436
2520.8 1831700
2521.3 1832112
2521.8 1831352
2522.3 1831388
2522.8 1831576
2523.3 1831640
2523.8 1832816
2524.3 1832344
2524.8 1831696
2525.3 1831504
2525.8 1831568
2526.3 1831648
2526.8 1831392
2527.3 1831396
2527.8 1831536
2528.3 1825556
2528.8 1825556
2529.3 1825556
2529.8 1825588
2530.3 1825588
2530.8 1825584
2531.3 1825584
2531.8 1825584
2532.3 1825584
2532.8 1825584
2533.3 1825584
2533.8 1825584
2534.4 1825584
2534.9 1825552
2535.4 1825552
2535.9 1825552
2536.4 1825552
2536.9 1825584
2537.4 1825584
2537.9 1825584
2538.4 1825584
2538.9 1825552
2539.4 1825552
2539.9 1825552
2540.4 1825552
2540.9 1825552
2541.4 1825552
2541.9 1825552
2542.4 1825552
2542.9 1825552
2543.4 1825552
2543.9 1825520
2544.4 1825584
2544.9 1825584
2545.4 1825584
2545.9 1825584
2546.4 1825584
2546.9 1825584
2547.4 1825584
2547.9 1825584
2548.4 1825584
2549.0 1825552
2549.5 1825552
2550.0 1831228
2550.5 1831400
2551.0 1831400
2551.5 1831240
2552.0 1831208
2552.5 1831524
2553.0 1831440
2553.5 1831508
2554.0 1831872
2554.5 1831556
2555.0 1831420
2555.5 1831580
2556.0 1831408
2556.5 1831620
2557.0 1831288
2557.5 1831208
2558.0 1831352
2558.5 1831448
2559.0 1831288
2559.5 1831288
2560.0 1830828
2560.5 1830952
2561.0 1830968
2561.5 1831300
2562.0 1831380
2562.5 1831284
2563.0 1831536
2563.5 1831380
2564.0 1831504
2564.5 1831268
2565.0 1831308
2565.5 1831276
2566.0 1830708
2566.5 1830916
2567.0 1831040
2567.5 1830804
2568.0 1831008
2568.5 1831056
2569.0 1831088
2569.5 1831180
2570.0 1831256
2570.5 1831256
2571.0 1831176
2571.5 1830768
2572.0 1831208
2572.5 1830876
2573.0 1828104
2573.5 1825100
2574.0 1825100
2574.5 1825100
2575.0 1825092
2575.5 1825092
2576.0 1825092
2576.5 1825092
2577.0 1825060
2577.5 1825060
2578.0 1825124
2578.6 1825124
2579.1 1825124
2579.7 1825124
2580.2 1825124
2580.7 1825124
2581.2 1825124
2581.7 1825124
2582.2 1825092
2582.7 1825092
2583.3 1825092
2583.8 1825092
2584.3 1825092
2584.8 1825092
2585.3 1825124
2585.8 1825124
2586.3 1825092
2586.8 1825092
2587.3 1825092
2587.8 1825092
2588.3 1825092
2588.8 1825092
2589.3 1825092
2589.8 1825092
2590.3 1825092
2590.8 1825092
2591.3 1825060
2591.8 1825060
2592.3 1825124
2592.8 1825124
2593.3 1825124
2593.8 1825124
2594.3 1825124
2594.8 1831740
2595.3 1830964
2595.8 1831612
2596.3 1831232
2596.8 1831324
2597.3 1831296
2597.8 1831796
2598.3 1831168
2598.8 1831280
2599.3 1830556
2599.8 1830788
2600.3 1831008
2600.8 1830916
2601.3 1830916
2601.8 1830884
2602.3 1831292
2602.8 1831576
2603.3 1831324
2603.8 1831244
2604.3 1831388
2604.8 1830972
2605.3 1831224
2605.8 1831492
2606.3 1831872
2606.8 1831556
2607.3 1831476
2607.8 1831272
2608.3 1831020
2608.8 1831896
2609.3 1831224
2609.8 1831280
2610.3 1831296
2610.8 1831676
2611.3 1831200
2611.8 1831388
2612.3 1831436
2612.8 1831612
2613.3 1831564
2613.8 1831248
2614.3 1831580
2614.8 1831576
2615.3 1831292
2615.8 1831684
2616.3 1831212
2616.8 1831324
2617.3 1831340
2617.8 1831260
2618.4 1825596
2618.9 1825564
2619.4 1825564
2619.9 1825564
2620.4 1825556
2620.9 1825556
2621.4 1825556
2621.9 1825556
2622.4 1825556
2622.9 1825556
2623.4 1825556
2623.9 1825556
2624.4 1825588
2624.9 1825588
2625.4 1825588
2625.9 1825588
2626.4 1825588
2626.9 1825588
2627.5 1825588
2628.0 1825588
2628.5 1825556
2629.0 1825556
2629.5 1825556
2630.0 1825556
2630.5 1825556
2631.0 1825556
2631.5 1825588
2632.0 1825588
2632.5 1825588
2633.0 1825588
2633.5 1825556
2634.0 1825556
2634.5 1825556
2635.2 1825556
2635.7 1825556
2636.2 1825556
2636.7 1825556
2637.2 1825556
2637.7 1825556
2638.2 1825524
2638.7 1825524
2639.2 1825588
2639.7 1825588
2640.2 1831600
2640.7 1831380
2641.2 1831376
2641.7 1831424
2642.2 1831568
2642.7 1831488
2643.2 1831360
2643.7 1831424
2644.2 1830732
2644.7 1830652
2645.2 1830360
2645.7 1830600
2646.2 1830520
2646.7 1831272
2647.2 1830884
2647.7 1831432
2648.2 1831528
2648.7 1831448
2649.2 1831104
2649.7 1831164
2650.2 1831724
2650.7 1831360
2651.2 1831504
2651.7 1831536
2652.2 1831184
2652.7 1831472
2653.2 1831484
2653.7 1831424
2654.2 1831820
2654.7 1831284
2655.2 1831104
2655.7 1831436
2656.2 1831280
2656.7 1831088
2657.2 1831564
2657.7 1831232
2658.2 1831260
2658.7 1831232
2659.2 1831440
2659.7 1831564
2660.2 1831140
2660.7 1831424
2661.2 1831344
2661.7 1831408
2662.2 1831472
2662.7 1831552
2663.2 1831772
2663.7 1825492
2664.2 1825492
2664.7 1825492
2665.2 1825520
2665.7 1825520
2666.2 1825488
2666.7 1825488
2667.2 1825488
2667.7 1825488
2668.2 1825488
2669.5 1825488
2670.1 1825488
2672.6 1825488
2673.1 1825488
2673.7 1825456
2674.2 1825456
2674.9 1825456
2675.6 1825520
2676.3 1825520
2676.9 1825520
2677.4 1825520
2677.9 1825520
2679.0 1825520
2679.8 1825488
2680.3 1825488
2680.9 1825488
2681.4 1825488
2682.3 1825488
2683.1 1825488
2684.5 1825488
2685.0 1831412
2685.5 1831460
2686.0 1831476
2686.5 1831572
2687.0 1831516
2687.5 1831612
2688.0 1831264
2688.5 1831476
2689.0 1831792
2689.5 1831636
2690.0 1831548
2690.5 1831184
2691.0 1831880
2691.5 1831452
2692.0 1831184
2692.5 1831104
2693.0 1831500
2693.5 1831784
2694.0 1831452
2694.5 1831328
2695.0 1831824
2695.5 1831492
2696.0 1831696
2696.5 1831572
2697.0 1831364
2697.5 1831632
2698.0 1831396
2698.5 1831380
2699.0 1831428
2699.5 1831476
2700.0 1831324
2700.5 1831420
2701.0 1831372
2701.5 1831516
2702.0 1831484
2702.5 1831468
2703.0 1831104
2703.5 1831152
2704.0 1830964
2704.5 1830944
2705.0 1831632
2705.5 1831792
2706.0 1831492
2706.5 1831300
2707.0 1831256
2707.5 1831256
2708.0 1831192
2708.6 1825384
2711.1 1825384
2711.8 1825352
2712.3 1825352
2713.6 1825352
2714.1 1825352
2714.9 1825352
2715.6 1825352
2716.2 1825352
2717.5 1825352
2718.0 1825352
2718.9 1825384
2720.5 1825384
2723.0 1825384
2728.4 1825384
2729.2 1825384
2729.7 1828672
2730.2 1831168
2730.7 1831088
2731.2 1831152
2731.7 1830852
2732.2 1831356
2732.7 1831704
2733.2 1831356
2733.7 1831468
2734.2 1831560
2734.7 1831400
2735.2 1831488
2735.7 1831208
2736.2 1831232
2736.7 1831520
2737.2 1831456
2737.7 1831504
2738.2 1831328
2738.7 1831376
2739.2 1831660
2739.7 1831572
2740.2 1831432
2740.7 1831432
2741.2 1831576
2741.7 1831496
2742.2 1831448
2742.7 1831228
2743.2 1831384
2743.7 1831416
2744.2 1831604
2744.7 1831552
2745.2 1831600
2745.7 1831508
2746.2 1831316
2746.7 1831664
2747.2 1831492
2747.7 1831236
2748.2 1831460
2748.7 1831696
2749.2 1831680
2749.7 1831124
2750.2 1831172
2750.7 1831392
2751.2 1831456
2751.7 1831344
2752.2 1831740
2752.7 1831788
2753.2 1826972
2753.7 1825760
2755.5 1825728
2756.6 1825728
2757.6 1825728
2759.9 1825728
2762.5 1825728
2764.1 1825728
2765.9 1825728
2767.6 1825696
2769.6 1825760
2771.8 1825760
2774.5 1825760
2775.0 1831692
2775.5 1831360
2776.0 1831676
2776.5 1831092
2777.0 1831580
2777.5 1831280
2778.0 1831220
2778.5 1831376
2779.0 1831676
2779.5 1831644
2780.0 1831588
2780.5 1831400
2781.0 1831036
2781.5 1831400
2782.0 1831464
2782.5 1831036
2783.0 1831164
2783.5 1831008
2784.0 1830612
2784.5 1830864
2785.0 1830796
2785.5 1831064
2786.0 1831428
2786.5 1831744
2787.0 1831268
2787.5 1831284
2788.0 1831380
2788.5 1831556
2789.0 1831680
2789.5 1831696
2790.0 1832044
2790.5 1831444
2791.0 1831584
2791.5 1831456
2792.0 1831872
2792.5 1831492
2793.0 1831268
2793.5 1831744
2794.0 1831444
2794.5 1831476
2795.0 1831356
2795.5 1831404
2796.0 1831372
2796.5 1831816
2797.0 1831716
2797.5 1831728
2798.0 1830692
2798.5 1825264
2799.5 1825264
2801.3 1825260
2803.3 1825260
2804.3 1825228
2806.3 1825228
2806.8 1825228
2809.1 1825228
2810.0 1825228
2812.1 1825228
2817.4 1825292
2817.9 1825292
2818.8 1825292
2819.5 1825260
2820.0 1831488
2820.5 1831504
2821.0 1831596
2821.5 1831784
2822.0 1832396
2822.5 1831844
2823.0 1831320
2823.5 1831528
2824.0 1831276
2824.5 1831432
2825.0 1831484
2825.5 1831488
2826.0 1831608
2826.5 1831688
2827.0 1831528
2827.5 1831688
2828.0 1831356
2828.5 1831688
2829.0 1831752
2829.5 1831752
2830.0 1831684
2830.5 1831400
2831.0 1831352
2831.5 1831320
2832.0 1831132
2832.5 1831164
2833.0 1831148
2833.5 1831084
2834.0 1831260
2834.5 1831416
2835.0 1831568
2835.5 1831508
2836.0 1831552
2836.5 1831412
2837.0 1831536
2837.5 1831852
2838.0 1831536
2838.5 1831648
2839.0 1831348
2839.5 1831284
2840.0 1831308
2840.5 1831372
2841.0 1831388
2841.5 1831608
2842.0 1831704
2842.5 1831672
2843.0 1831544
2844.9 1825508
2846.2 1825508
2848.4 1825508
2850.0 1825508
2851.2 1825508
2852.7 1825476
2854.8 1825476
2855.8 1825540
2859.2 1825540
2861.7 1825540
2863.4 1825540
2864.5 1825540
2865.0 1831384
2865.5 1831356
2866.0 1831940
2866.5 1831956
2867.0 1831624
2867.5 1831576
2868.0 1831624
2868.5 1831852
2869.0 1831316
2869.5 1831348
2870.0 1831436
2870.5 1831624
2871.0 1832020
2871.5 1831208
2872.0 1831308
2872.5 1831244
2873.0 1831072
2873.5 1831576
2874.0 1831120
2874.5 1831072
2875.0 1831000
2875.5 1831064
2876.0 1831112
2876.5 1830732
2877.0 1831380
2877.5 1831456
2878.0 1831096
2878.5 1831428
2879.0 1831364
2879.5 1831396
2880.0 1831056
2880.5 1831152
2881.0 1831800
2881.5 1831656
2882.0 1831464
2882.5 1831672
2883.0 1831968
2883.5 1831500
2884.0 1831592
2884.5 1831844
2885.0 1831252
2885.5 1831588
2886.0 1831684
2886.5 1831240
2887.0 1831572
2887.5 1831636
2888.0 1831856
2888.5 1825680
2889.0 1825680
2889.5 1825680
2890.0 1825672
2890.6 1825672
2891.1 1825704
2891.6 1825704
2892.1 1825704
2892.6 1825704
2893.1 1825704
2893.6 1825672
2894.1 1825672
2894.6 1825672
2895.1 1825672
2895.6 1825672
2896.1 1825672
2896.6 1825672
2897.1 1825672
2897.6 1825672
2898.1 1825672
2898.6 1825672
2899.1 1825704
2899.6 1825704
2900.1 1825704
2900.6 1825704
2901.1 1825704
2901.6 1825704
2902.1 1825704
2902.6 1825704
2903.1 1825704
2903.6 1825672
2904.1 1825672
2904.6 1825672
2905.1 1825672
2905.6 1825672
2906.1 1825672
2906.6 1825672
2907.1 1825672
2907.6 1825672
2908.3 1825672
2908.8 1825672
2909.3 1825672
2909.8 1832940
2910.3 1831336
2910.8 1831240
2911.3 1831536
2911.8 1831036
2912.3 1830892
2912.8 1831460
2913.3 1831652
2913.8 1831684
2914.3 1831288
2914.8 1831244
2915.3 1831640
2915.8 1831608
2916.3 1831516
2916.8 1831736
2917.3 1831496
2917.8 1831672
2918.3 1831496
2918.8 1831608
2919.3 1831528
2919.8 1831816
2920.3 1831660
2920.8 1831328
2921.3 1831252
2921.8 1831392
2922.3 1831628
2922.8 1831268
2923.3 1831424
2923.8 1831628
2924.3 1831488
2924.8 1831352
2925.3 1831288
2925.8 1831700
2926.3 1831336
2926.8 1831604
2927.3 1831716
2927.8 1831384
2928.3 1831352
2928.8 1831904
2929.3 1831508
2929.8 1831244
2930.3 1831372
2930.8 1831008
2931.3 1830836
2931.8 1831264
2932.3 1831104
2932.8 1831372
2933.3 1827676
2933.8 1825628
2934.3 1825628
2934.8 1825628
2935.3 1825596
2935.8 1825596
2936.3 1825596
2936.8 1825596
2937.3 1825596
2937.8 1825596
2938.3 1825596
2938.8 1825596
2939.3 1825628
2939.8 1825596
2940.3 1825596
2940.8 1825596
2941.3 1825596
2941.8 1825596
2942.3 1825596
2942.8 1825596
2943.3 1825596
2943.8 1825596
2944.3 1825596
2944.9 1825596
2945.4 1825564
2945.9 1825628
2946.4 1825628
2946.9 1825628
2947.4 1825628
2947.9 1825628
2948.4 1825628
2949.0 1825628
2949.5 1825596
2950.0 1825596
2950.6 1825596
2951.1 1825596
2951.6 1825596
2952.1 1825596
2952.6 1825596
2953.1 1825596
2953.6 1825660
2954.1 1825628
2954.6 1825628
2955.1 1831468
2955.6 1831688
2956.1 1831608
2956.6 1831752
2957.1 1831640
2957.6 1831544
2958.1 1831688
2958.6 1831372
2959.1 1831452
2959.6 1831332
2960.1 1831380
2960.6 1831268
2961.1 1831284
2961.6 1831584
2962.1 1831380
2962.6 1831536
2963.1 1831332
2963.6 1831300
2964.1 1831252
2964.6 1831536
2965.1 1831676
2965.6 1831660
2966.1 1831596
2966.6 1831548
2967.1 1831436
2967.6 1831388
2968.1 1831420
2968.6 1831360
2969.1 1831472
2969.6 1831596
2970.1 1831432
2970.6 1830468
2971.1 1831604
2971.6 1831652
2972.1 1831320
2972.6 1831604
2973.1 1831556
2973.6 1831512
2974.1 1831904
2974.6 1831588
2975.1 1831320
2975.6 1831448
2976.1 1831416
2976.6 1831464
2977.1 1831272
2977.6 1831400
2978.1 1830184
2978.6 1825524
2979.1 1825524
2979.6 1825524
2980.2 1825524
2980.7 1825556
2981.2 1825556
2981.7 1825556
2982.2 1825556
2982.7 1825556
2983.3 1825556
2983.8 1825524
2984.3 1825524
2984.8 1825524
2985.3 1825524
2985.8 1825524
2986.3 1825524
2986.8 1825524
2987.3 1825524
2987.8 1825556
2988.4 1825556
2988.9 1825556
2989.4 1825556
2989.9 1825556
2990.4 1825556
2990.9 1825556
2991.4 1825556
2991.9 1825556
2992.4 1825556
2992.9 1825556
2993.4 1825556
2993.9 1825524
2994.4 1825524
2994.9 1825524
2995.4 1825556
2995.9 1825556
2996.4 1825556
2996.9 1825556
2997.4 1825556
2997.9 1825524
2998.4 1825524
2999.0 1825524
2999.5 1825524
3000.0 1831164
3000.5 1831336
