0.5 1808436
2.3 1808436
6.0 1808436
9.6 1808436
10.1 1808436
12.0 1808500
12.5 1808468
13.0 1808468
13.5 1808468
14.0 1808468
14.5 1808468
18.1 1808468
20.0 1808468
20.5 1808468
21.0 1808436
21.5 1808436
25.0 1808436
26.8 1808468
28.7 1808468
29.2 1808468
29.7 1815032
30.2 1814156
30.7 1815304
31.2 1816348
31.7 1816552
32.2 1816552
32.7 1816456
33.2 1816424
33.7 1816408
34.2 1816472
34.7 1816152
35.2 1816136
35.7 1816232
36.2 1816136
36.7 1816216
37.2 1816248
37.7 1816152
38.2 1816056
38.7 1816216
39.2 1816152
39.7 1817240
40.2 1816648
40.7 1816584
41.2 1816708
41.7 1816536
42.2 1816644
42.7 1816488
43.2 1816488
43.7 1816532
44.2 1816180
44.7 1816464
45.2 1816464
45.7 1816464
46.2 1816672
46.7 1816608
47.2 1816244
47.7 1816512
48.2 1816684
48.7 1816088
49.2 1816024
49.7 1815808
50.2 1815716
50.7 1816552
51.2 1816188
51.7 1816204
52.2 1810428
52.7 1810428
54.6 1810428
58.2 1810388
58.7 1810388
59.5 1810452
60.0 1810452
61.4 1810452
63.1 1810452
65.0 1810452
68.6 1810452
70.5 1810420
72.3 1810420
72.8 1810420
73.3 1810420
74.5 1810420
75.0 1816536
75.5 1816520
76.0 1816596
76.5 1816660
77.0 1816692
77.5 1817056
78.0 1816204
78.5 1816440
79.0 1816696
79.5 1816456
80.0 1816624
80.5 1816028
81.0 1815836
81.5 1815964
82.0 1815868
82.5 1816260
83.0 1816388
83.5 1816752
84.0 1816720
84.5 1816468
85.0 1816440
85.5 1816708
86.0 1816520
86.5 1815824
87.0 1815808
87.5 1816472
88.0 1816252
88.5 1816076
89.0 1816616
89.5 1816740
90.0 1816496
90.5 1816732
91.0 1816792
91.5 1816716
92.0 1816512
92.5 1816400
93.0 1816416
93.5 1816352
94.0 1816180
94.5 1816700
95.0 1816376
95.5 1816472
96.0 1816456
96.5 1816392
97.0 1810272
97.5 1810272
101.1 1810268
103.0 1810300
103.5 1810300
105.3 1810268
108.9 1810268
110.8 1810268
112.6 1810268
113.1 1810268
116.8 1810268
117.3 1810268
119.2 1810236
119.7 1810236
120.2 1815892
120.7 1815860
121.2 1815828
121.7 1815892
122.2 1816048
122.7 1816364
123.2 1816428
123.7 1816412
124.2 1816380
124.7 1816460
125.2 1816264
125.7 1816404
126.2 1816404
126.7 1816184
127.2 1816040
127.7 1816216
128.2 1816136
128.7 1816200
129.2 1816152
129.7 1815680
130.2 1815980
130.7 1816152
131.2 1816232
131.7 1816120
132.2 1816228
132.7 1816704
133.2 1816232
133.7 1815980
134.2 1815932
134.7 1815932
135.2 1816452
135.7 1816324
136.2 1816484
136.7 1816308
137.2 1816532
137.7 1816372
138.2 1816624
138.7 1816688
139.2 1816436
139.7 1816608
140.2 1816176
140.7 1816396
141.2 1816380
141.7 1815892
142.2 1810108
142.7 1810172
144.6 1810172
145.1 1810172
145.6 1810172
146.1 1810172
146.6 1810140
149.0 1810140
149.8 1810140
153.4 1810140
155.2 1810140
158.9 1810140
159.4 1810204
159.9 1810204
161.7 1810172
162.2 1810172
162.7 1810172
164.5 1810172
165.0 1815944
165.5 1816060
166.0 1815948
166.5 1815948
167.0 1815916
167.5 1815932
168.0 1815900
168.5 1815868
169.0 1815772
169.5 1815772
170.0 1816464
170.5 1816384
171.0 1816400
171.5 1815812
172.0 1815484
172.5 1816148
173.0 1816844
173.5 1816560
174.0 1816480
174.5 1816652
175.0 1816612
175.5 1816528
176.0 1816404
176.5 1816388
177.0 1815996
177.5 1815916
178.0 1815900
178.5 1815964
179.0 1816120
179.5 1816436
180.0 1816408
180.5 1816300
181.0 1816440
181.5 1816440
182.0 1816312
182.5 1816344
183.0 1816344
183.5 1816456
184.0 1816360
184.5 1816264
185.0 1816404
185.5 1816592
186.0 1816640
186.5 1816144
187.0 1809872
190.6 1809872
192.4 1809872
194.4 1809872
194.9 1809872
196.8 1809840
197.5 1809840
198.1 1809840
199.8 1809840
203.4 1809840
203.9 1809840
204.5 1809840
206.4 1809872
206.9 1809872
208.7 1809872
209.5 1809872
210.0 1816208
210.5 1816540
211.0 1816224
211.5 1816192
212.0 1816176
212.5 1816144
213.0 1816096
213.5 1816160
214.0 1816160
214.5 1816396
215.0 1816388
215.5 1816452
216.0 1816388
216.5 1816404
217.0 1816436
217.5 1816404
218.0 1816468
218.5 1816420
219.0 1816452
219.5 1816228
220.0 1815868
220.5 1815884
221.0 1815632
221.5 1815884
222.0 1815664
222.5 1815856
223.0 1815788
223.5 1816308
224.0 1816308
224.5 1816672
225.0 1816680
225.5 1816696
226.0 1816872
226.5 1816444
227.0 1816428
227.5 1816444
228.0 1816300
228.5 1816524
229.0 1816348
229.5 1816396
230.0 1816136
230.5 1816560
231.0 1816436
231.5 1816436
232.0 1810328
232.9 1810328
234.3 1810392
236.0 1810384
236.5 1810384
240.7 1810384
241.2 1810384
242.6 1810384
244.4 1810352
244.9 1810368
246.9 1810368
248.3 1810368
250.2 1810368
250.7 1810368
251.2 1810400
252.1 1810400
252.7 1810368
254.5 1810368
255.0 1816420
255.5 1816624
256.0 1816720
256.5 1816672
257.0 1816388
257.5 1816880
258.0 1816184
258.5 1815932
259.0 1815592
259.5 1816768
260.0 1816412
260.5 1816648
261.0 1816600
261.5 1816600
262.0 1816520
262.5 1816552
263.0 1816224
263.5 1816396
264.0 1816240
264.5 1815592
265.0 1815656
265.5 1815688
266.0 1815940
266.5 1815560
267.0 1815608
267.5 1815592
268.0 1815560
268.5 1815544
269.0 1815640
269.5 1815528
270.0 1815608
270.5 1815656
271.0 1815828
271.5 1815940
272.0 1815844
272.5 1816160
273.0 1816552
273.5 1816396
274.0 1816664
274.5 1816664
275.0 1816360
275.5 1816392
276.0 1816392
276.5 1816628
277.0 1816044
277.5 1816092
278.0 1810088
278.5 1810088
279.8 1810088
280.9 1810084
283.4 1810084
283.9 1810084
284.4 1810084
285.5 1810116
286.0 1810116
287.9 1810116
291.1 1810116
291.7 1810116
292.9 1810116
293.4 1810116
293.9 1810116
297.2 1810084
297.7 1810084
298.9 1810084
299.4 1810084
299.9 1815504
300.4 1816224
300.9 1816160
301.4 1816556
301.9 1816536
302.4 1817004
302.9 1816656
303.4 1816508
303.9 1816252
304.4 1816476
304.9 1816364
305.4 1816208
305.9 1816272
306.4 1816224
306.9 1815956
307.4 1815844
307.9 1816460
308.4 1816032
308.9 1816208
309.4 1816240
309.9 1816168
310.4 1816168
310.9 1816200
311.4 1816072
311.9 1815836
312.4 1815600
312.9 1816136
313.4 1816468
313.9 1816500
314.4 1816308
314.9 1816320
315.4 1816336
315.9 1816480
316.4 1816384
316.9 1816764
317.4 1816320
317.9 1816604
318.4 1816212
318.9 1816528
319.4 1816132
319.9 1816244
320.4 1816212
320.9 1816164
321.4 1816228
321.9 1816196
322.4 1816160
322.9 1816368
323.4 1810608
324.3 1810608
324.9 1810600
326.6 1810600
328.5 1810600
329.0 1810600
329.5 1810600
330.0 1810600
331.0 1810632
333.1 1810632
333.6 1810632
334.2 1810632
335.1 1810632
335.6 1810632
337.5 1810600
338.3 1810600
339.1 1810600
343.1 1810600
343.6 1810600
344.1 1810600
344.6 1810632
345.1 1816256
345.6 1816272
346.1 1816288
346.6 1816496
347.1 1816492
347.6 1816588
348.1 1816192
348.6 1816180
349.1 1816212
349.6 1816164
350.1 1815528
350.6 1816132
351.1 1816256
351.6 1816368
352.1 1815800
352.6 1815784
353.1 1816036
353.6 1816588
354.1 1816320
354.6 1816004
355.1 1816132
355.6 1816684
356.1 1816780
356.6 1816604
357.1 1816556
357.6 1816384
358.1 1816148
358.6 1816240
359.1 1816716
359.6 1816604
360.1 1816564
360.6 1816644
361.1 1816612
361.6 1816708
362.1 1816612
362.6 1816264
363.1 1816452
363.6 1815880
364.1 1816612
364.6 1816708
365.1 1816656
365.6 1816576
366.1 1816512
366.6 1816356
367.1 1816324
367.6 1815960
368.1 1816736
368.6 1810256
369.1 1810256
369.6 1810256
370.1 1810316
370.7 1810316
371.9 1810316
372.9 1810316
373.4 1810316
373.9 1810316
374.4 1810284
375.1 1810284
376.1 1810284
376.8 1810284
377.3 1810284
377.8 1810284
378.5 1810284
379.7 1810284
380.2 1810348
380.7 1810316
381.2 1810316
386.0 1810316
386.8 1810316
389.3 1810316
389.8 1816984
390.3 1816700
390.8 1816352
391.3 1816676
391.8 1816524
392.3 1816228
392.8 1816416
393.3 1816524
393.8 1816304
394.3 1816400
394.8 1816424
395.3 1815684
395.8 1815888
396.3 1816108
396.8 1815964
397.3 1816376
397.8 1815948
398.3 1816692
398.8 1816296
399.3 1816108
399.8 1816104
400.3 1816188
400.8 1816108
401.3 1816124
401.8 1816076
402.3 1816216
402.8 1816532
403.3 1816548
403.8 1816596
404.3 1816392
404.8 1816116
405.3 1816244
405.8 1816084
406.3 1816384
406.8 1816368
407.3 1816368
407.8 1816588
408.3 1816320
408.8 1816272
409.3 1816336
409.8 1816588
410.3 1816668
410.8 1816112
411.3 1816604
411.8 1816480
412.3 1816384
412.8 1816416
413.3 1810172
413.8 1810172
415.7 1810164
416.2 1810164
416.7 1810132
417.2 1810196
417.9 1810196
418.4 1810196
419.2 1810196
421.6 1810196
422.1 1810196
423.1 1810196
423.9 1810164
425.7 1810164
427.2 1810164
428.3 1810164
429.1 1810164
430.8 1810164
433.2 1810196
434.5 1810164
435.0 1815660
435.5 1815944
436.0 1815752
436.5 1815912
437.0 1816084
437.5 1816240
438.0 1816588
438.5 1816448
439.0 1816176
439.5 1816540
440.0 1816284
440.5 1816768
441.0 1816260
441.5 1816324
442.0 1816388
442.5 1816404
443.0 1816404
443.5 1816372
444.0 1816592
444.5 1816688
445.0 1816748
445.5 1816416
446.0 1816368
446.5 1815972
447.0 1816084
447.5 1815752
448.0 1815832
448.5 1815816
449.0 1815720
449.5 1816100
450.0 1816396
450.5 1816364
451.0 1816664
451.5 1816536
452.0 1816412
452.5 1816192
453.0 1816488
453.5 1816664
454.0 1816460
454.5 1816648
455.0 1816128
455.5 1816476
456.0 1816364
456.5 1816332
457.0 1815372
457.9 1810216
458.4 1810216
460.5 1810184
462.0 1810184
462.5 1810184
463.0 1810184
463.5 1810216
464.0 1810216
466.9 1810216
467.4 1810216
469.3 1810184
469.8 1810184
470.3 1810184
470.8 1810184
471.3 1810184
471.9 1810184
472.4 1810184
472.9 1810184
473.4 1810184
474.2 1810184
474.7 1810216
478.0 1810216
479.1 1810216
479.6 1810216
480.1 1815920
480.6 1816268
481.1 1816376
481.6 1816220
482.1 1816236
482.6 1816048
483.1 1815936
483.6 1816128
484.1 1816048
484.6 1815968
485.1 1816300
485.6 1816244
486.1 1816388
486.6 1815936
487.1 1816520
487.6 1816348
488.1 1816268
488.6 1816268
489.1 1816316
489.6 1815856
490.1 1815860
490.6 1816160
491.1 1815828
491.6 1815956
492.1 1815764
492.6 1815732
493.1 1815764
493.6 1816160
494.1 1816096
494.6 1815828
495.1 1816552
495.6 1816444
496.1 1816820
496.6 1816600
497.1 1816584
497.6 1816488
498.1 1816348
498.6 1816252
499.1 1816820
499.6 1815868
500.1 1816072
500.6 1816152
501.1 1816344
501.6 1816296
502.1 1810268
502.6 1810268
503.1 1810268
504.9 1810268
505.4 1810268
505.9 1810268
507.8 1810268
509.6 1810268
513.3 1810236
516.9 1810236
518.7 1810236
520.6 1810268
522.5 1810268
524.5 1810268
525.0 1816248
525.5 1816140
526.0 1815964
526.5 1816296
527.0 1816752
527.5 1816312
528.0 1816548
528.5 1816232
529.0 1816152
529.5 1815840
530.0 1815808
530.5 1815524
531.0 1815492
531.5 1815604
532.0 1815744
532.5 1816140
533.0 1815904
533.5 1816224
534.0 1816020
534.5 1816572
535.0 1816332
535.5 1816536
536.0 1816520
536.5 1816472
537.0 1816188
537.5 1816064
538.0 1816176
538.5 1815496
539.0 1816000
539.5 1816080
540.0 1816316
540.5 1816268
541.0 1816300
541.5 1815968
542.0 1816300
542.5 1816236
543.0 1816520
543.5 1816300
544.0 1816172
544.5 1816520
545.0 1816536
545.5 1816520
546.0 1816520
546.5 1816536
547.0 1810784
547.5 1810472
548.4 1810440
548.9 1810440
549.4 1810440
551.7 1810440
552.2 1810440
552.7 1810472
553.2 1810472
558.7 1810472
559.2 1810472
559.7 1810440
560.2 1810440
562.0 1810440
563.8 1810440
564.3 1810440
566.2 1810440
567.9 1810440
568.4 1810440
569.5 1810472
570.0 1816428
570.5 1816632
571.0 1816172
571.5 1816520
572.0 1816348
572.5 1816720
573.0 1816420
573.5 1816420
574.0 1816276
574.5 1816436
575.0 1816572
575.5 1816664
576.0 1816424
576.5 1816124
577.0 1816360
577.5 1816692
578.0 1816628
578.5 1816232
579.0 1816280
579.5 1816132
580.0 1816092
580.5 1816452
581.0 1816548
581.5 1816588
582.0 1816152
582.5 1816280
583.0 1816344
583.5 1816280
584.0 1816564
584.5 1816452
585.0 1816532
585.5 1816484
586.0 1816044
586.5 1816296
587.0 1816404
587.5 1816612
588.0 1816484
588.5 1816484
589.0 1816344
589.5 1816660
590.0 1817172
590.5 1816524
591.0 1816004
591.5 1816336
592.0 1810340
592.5 1810340
593.0 1810308
593.5 1810308
597.0 1810308
599.8 1810308
600.3 1810308
600.8 1810308
601.3 1810308
601.8 1810308
602.9 1810276
604.3 1810340
604.9 1810340
605.4 1810340
607.0 1810340
607.5 1810340
609.3 1810340
614.5 1810308
615.0 1816272
615.5 1816288
616.0 1816256
616.5 1816256
617.0 1816492
617.5 1816492
618.0 1816208
618.5 1816176
619.0 1816444
619.5 1816548
620.0 1816544
620.5 1816244
621.0 1816308
621.5 1816372
622.0 1816276
622.5 1816576
623.0 1816480
623.5 1816244
624.0 1816480
624.5 1816148
625.0 1816528
625.5 1816792
626.0 1816644
626.5 1815804
627.0 1815976
627.5 1815944
628.0 1815976
628.5 1815580
629.0 1816460
629.5 1816592
630.0 1816116
630.5 1816456
631.0 1815920
631.5 1815936
632.0 1816300
632.5 1816568
633.0 1816348
633.5 1816380
634.0 1816048
634.5 1816412
635.0 1816568
635.5 1816316
636.0 1816536
636.5 1816456
637.0 1816140
637.5 1810280
638.0 1810312
638.5 1810312
643.5 1810308
645.4 1810308
650.7 1810308
652.6 1810308
654.4 1810308
658.1 1810276
658.6 1810276
659.5 1810276
660.0 1810276
660.5 1816240
661.0 1816620
661.5 1816208
662.0 1816436
662.5 1816772
663.0 1816036
663.5 1815988
664.0 1816492
664.5 1816540
665.0 1816508
665.5 1816596
666.0 1816248
666.5 1815632
667.0 1815980
667.5 1816248
668.0 1816184
668.5 1816500
669.0 1816404
669.5 1816500
670.0 1816564
670.5 1816312
671.0 1816612
671.5 1816296
672.0 1816264
672.5 1816152
673.0 1816564
673.5 1816500
674.0 1816452
674.5 1816500
675.0 1816328
675.5 1816644
676.0 1816436
676.5 1816216
677.0 1816500
677.5 1816420
678.0 1816500
678.5 1816012
679.0 1816108
679.5 1816216
680.0 1816232
680.5 1816400
681.0 1816320
681.5 1815732
682.0 1815432
682.5 1815716
683.0 1816016
683.5 1813648
684.0 1810040
684.5 1810040
685.0 1810040
685.5 1810040
686.0 1810008
686.8 1810008
689.7 1810008
690.2 1810008
690.7 1810008
691.5 1810008
692.0 1810008
692.5 1810008
694.4 1810072
694.9 1810040
695.8 1810040
696.3 1810040
696.8 1810040
697.5 1810040
698.0 1810040
699.3 1810040
699.8 1810040
700.3 1810040
700.9 1810040
701.8 1810008
703.6 1810008
704.5 1810008
705.0 1816060
705.5 1816316
706.0 1816284
706.5 1816488
707.0 1816268
707.5 1816488
708.0 1816536
708.5 1816440
709.0 1816108
709.5 1816220
710.0 1816344
710.5 1816504
711.0 1816536
711.5 1816376
712.0 1816600
712.5 1816424
713.0 1816456
713.5 1816456
714.0 1816156
714.5 1816124
715.0 1816516
715.5 1816372
716.0 1816232
716.5 1816448
717.0 1816860
717.5 1816452
718.0 1816484
718.5 1816168
719.0 1815632
719.5 1816104
720.0 1816248
720.5 1816136
721.0 1816420
721.5 1816372
722.0 1816452
722.5 1816232
723.0 1816044
723.5 1815712
724.0 1815604
724.5 1815884
725.0 1816404
725.5 1816484
726.0 1816452
726.5 1816532
727.0 1816468
727.5 1816120
728.0 1816248
728.5 1810164
729.0 1810196
729.8 1810196
730.4 1810188
730.9 1810188
732.0 1810156
732.5 1810156
733.6 1810156
734.1 1810156
735.1 1810156
735.7 1810156
736.2 1810156
736.7 1810156
737.5 1810156
738.0 1810156
738.5 1810188
739.0 1810188
739.6 1810188
740.1 1810188
740.6 1810188
742.4 1810188
742.9 1810188
746.1 1810156
746.6 1810156
747.2 1810156
747.7 1810156
749.5 1810156
750.0 1815916
750.5 1815916
751.0 1815932
751.5 1815852
752.0 1815964
752.5 1815964
753.0 1815820
753.5 1816224
754.0 1816176
754.5 1816224
755.0 1816284
755.5 1816092
756.0 1815980
756.5 1816376
757.0 1816564
757.5 1817008
758.0 1816032
758.5 1815888
759.0 1815904
759.5 1816408
760.0 1816188
760.5 1816188
761.0 1815992
761.5 1816584
762.0 1816076
762.5 1816600
763.0 1816472
763.5 1815824
764.0 1815888
764.5 1816472
765.0 1816164
765.5 1816432
766.0 1816288
766.5 1815644
767.0 1815708
767.5 1815756
768.0 1815928
768.5 1816228
769.0 1816448
769.5 1816228
770.0 1816148
770.5 1815944
771.0 1815580
771.5 1815676
772.0 1815676
772.5 1815516
773.0 1815756
773.5 1809868
774.0 1809868
774.5 1809868
775.2 1809868
775.7 1809868
776.2 1809868
776.7 1809836
777.2 1809836
780.1 1809836
780.6 1809836
782.1 1809836
782.6 1809836
783.1 1809836
783.6 1809836
785.5 1809836
786.0 1809836
786.5 1809836
787.3 1809836
788.3 1809836
789.3 1809836
791.2 1809836
791.7 1809836
793.5 1809804
794.0 1809804
794.5 1809868
795.0 1815912
795.5 1815992
796.0 1815800
796.5 1815768
797.0 1816432
797.5 1816700
798.0 1816288
798.5 1816320
799.0 1816368
799.5 1816524
800.0 1816412
800.5 1816412
801.0 1816300
801.5 1816664
802.0 1816324
802.5 1816240
803.0 1816004
803.5 1815876
804.0 1816176
804.5 1816492
805.0 1816716
805.5 1816448
806.0 1816372
806.5 1816448
807.0 1816400
807.5 1816116
808.0 1816464
808.5 1816464
809.0 1816464
809.5 1816068
810.0 1816460
810.5 1816412
811.0 1816096
811.5 1816380
812.0 1816460
812.5 1816648
813.0 1816428
813.5 1816496
814.0 1816616
814.5 1816380
815.0 1816380
815.5 1816428
816.0 1816428
816.5 1816364
817.0 1816428
817.5 1817120
818.0 1816428
818.5 1810200
819.0 1810200
819.5 1810200
820.0 1810200
821.8 1810168
823.6 1810168
825.4 1810168
825.9 1810168
826.4 1810168
830.0 1810168
831.9 1810200
833.8 1810168
834.3 1810168
836.2 1810168
836.7 1810168
839.5 1810168
840.0 1810168
840.5 1816012
841.0 1816012
841.5 1816200
842.0 1815980
842.5 1815884
843.0 1815980
843.5 1815884
844.0 1816012
844.5 1815996
845.0 1815868
845.5 1815728
846.0 1816200
846.5 1816784
847.0 1816656
847.5 1816372
848.0 1816420
848.5 1816736
849.0 1816608
849.5 1816548
850.0 1816484
850.5 1816300
851.0 1816176
851.5 1816316
852.0 1815908
852.5 1816096
853.0 1816240
853.5 1816304
854.0 1816396
854.5 1816696
855.0 1816304
855.5 1816128
856.0 1816096
856.5 1816208
857.0 1815736
857.5 1816256
858.0 1816664
858.5 1816524
859.0 1816728
859.5 1815988
860.0 1816036
860.5 1816492
861.0 1816412
861.5 1816364
862.0 1816492
862.5 1816508
863.0 1816444
863.5 1816268
864.0 1810592
865.8 1810552
869.4 1810552
871.2 1810552
873.1 1810584
876.7 1810584
878.5 1810584
879.0 1810584
879.5 1810584
883.2 1810552
884.5 1810552
885.0 1815804
885.5 1816120
886.0 1815552
886.5 1815568
887.0 1815568
887.5 1815220
888.0 1815664
888.5 1815520
889.0 1816216
889.5 1816104
890.0 1816260
890.5 1816308
891.0 1816024
891.5 1816152
892.0 1816436
892.5 1816276
893.0 1816024
893.5 1816292
894.0 1816244
894.5 1816624
895.0 1816532
895.5 1816276
896.0 1816628
896.5 1816372
897.0 1816592
897.5 1816672
898.0 1816420
898.5 1816372
899.0 1816452
899.5 1816404
900.0 1816272
900.5 1817028
901.0 1816272
901.5 1816288
902.0 1816212
902.5 1816336
903.0 1816400
903.5 1816508
904.0 1816432
904.5 1816304
905.0 1816300
905.5 1816364
906.0 1815292
906.5 1815576
907.0 1815324
907.5 1815812
908.0 1816160
908.5 1810512
909.0 1810512
909.5 1810512
910.0 1810512
910.5 1810512
911.1 1810540
911.9 1810540
912.4 1810540
912.9 1810540
913.4 1810540
913.9 1810540
914.4 1810540
914.9 1810540
915.4 1810540
916.0 1810508
916.5 1810508
917.0 1810508
917.8 1810508
918.3 1810508
918.8 1810508
920.1 1810540
922.3 1810540
922.8 1810508
923.7 1810508
924.2 1810508
925.2 1810508
927.0 1810508
927.5 1810508
929.5 1810508
930.0 1816288
930.5 1816560
931.0 1816288
931.5 1816696
932.0 1816668
932.5 1816400
933.0 1816416
933.5 1816512
934.0 1816716
934.5 1816512
935.0 1816368
935.5 1815988
936.0 1816332
936.5 1816384
937.0 1816164
937.5 1816196
938.0 1816052
938.5 1816524
939.0 1816148
939.5 1816824
940.0 1816288
940.5 1816448
941.0 1816480
941.5 1816448
942.0 1815976
942.5 1816116
943.0 1816368
943.5 1816524
944.0 1816400
944.5 1816352
945.0 1816728
945.5 1816428
946.0 1816176
946.5 1815828
947.0 1815608
947.5 1815800
948.0 1815608
948.5 1815640
949.0 1815388
949.5 1815560
950.0 1816476
950.5 1816492
951.0 1816508
951.5 1816616
952.0 1816284
952.5 1815752
953.0 1816440
953.5 1810012
954.0 1809980
954.5 1809980
955.0 1810040
955.7 1810040
956.2 1810040
956.7 1810040
958.4 1810040
960.0 1810040
961.9 1810040
962.4 1810040
962.9 1810008
964.3 1810008
964.8 1810008
965.3 1810008
966.1 1810008
967.9 1810040
969.8 1810040
971.7 1810008
972.2 1810008
974.4 1810008
974.9 1815824
975.4 1815904
975.9 1815600
976.4 1816368
976.9 1816164
977.4 1816116
977.9 1816464
978.4 1816148
978.9 1816196
979.4 1815988
979.9 1816248
980.4 1815888
980.9 1816076
981.4 1816216
981.9 1815996
982.4 1816028
982.9 1816360
983.4 1816280
983.9 1815872
984.4 1816140
984.9 1816424
985.4 1816440
985.9 1816472
986.4 1816352
986.9 1816716
987.4 1816240
987.9 1816368
988.4 1816288
988.9 1816336
989.4 1816448
989.9 1816444
990.4 1816464
990.9 1816336
991.4 1816572
991.9 1816556
992.4 1816148
992.9 1817064
993.4 1815628
993.9 1815360
994.4 1815440
994.9 1815404
995.4 1815340
995.9 1815764
996.4 1815780
996.9 1815528
997.4 1815528
997.9 1815496
998.4 1809912
998.9 1809912
1000.0 1809912
1000.5 1809912
1002.7 1809912
1004.6 1809912
1008.2 1809880
1008.7 1809880
1010.5 1809880
1016.0 1809880
1018.2 1809880
1019.5 1809944
1020.0 1816168
1020.5 1815772
1021.0 1815884
1021.5 1815804
1022.0 1816104
1022.5 1816024
1023.0 1816040
1023.5 1816040
1024.0 1816152
1024.5 1816024
1025.0 1816388
1025.5 1816040
1026.0 1815992
1026.5 1815928
1027.0 1816216
1027.5 1816372
1028.0 1816340
1028.5 1816916
1029.0 1816504
1029.5 1816404
1030.0 1816408
1030.5 1816488
1031.0 1816504
1031.5 1816268
1032.0 1816204
1032.5 1816140
1033.0 1816028
1033.5 1816092
1034.0 1816204
1034.5 1816044
1035.0 1816276
1035.5 1816024
1036.0 1816136
1036.5 1816420
1037.0 1816200
1037.5 1815960
1038.0 1816088
1038.5 1816008
1039.0 1815820
1039.5 1816476
1040.0 1816688
1040.5 1816528
1041.0 1816212
1041.5 1816640
1042.0 1816372
1042.5 1816640
1043.0 1810828
1043.5 1810828
1045.4 1810828
1049.0 1810828
1049.5 1810828
1051.4 1810828
1055.0 1810828
1056.9 1810828
1058.8 1810796
1062.4 1810796
1064.5 1810796
1065.0 1816436
1065.5 1816388
1066.0 1815772
1066.5 1815740
1067.0 1815992
1067.5 1816292
1068.0 1816292
1068.5 1816308
1069.0 1816324
1069.5 1816624
1070.0 1816788
1070.5 1816600
1071.0 1816536
1071.5 1816128
1072.0 1816048
1072.5 1816048
1073.0 1816096
1073.5 1815876
1074.0 1815812
1074.5 1815480
1075.0 1815860
1075.5 1816000
1076.0 1816212
1076.5 1815852
1077.0 1815804
1077.5 1815712
1078.0 1815584
1078.5 1815832
1079.0 1815916
1079.5 1816420
1080.0 1816120
1080.5 1815964
1081.0 1815520
1081.5 1815472
1082.0 1815520
1082.5 1815820
1083.0 1816168
1083.5 1816024
1084.0 1816228
1084.5 1816372
1085.0 1816672
1085.5 1816688
1086.0 1816592
1086.5 1816560
1087.0 1816308
1087.5 1810544
1088.0 1810544
1088.5 1810544
1089.5 1810544
1090.0 1810544
1091.1 1810604
1091.6 1810572
1092.1 1810572
1092.6 1810572
1094.0 1810572
1094.8 1810572
1095.3 1810572
1095.8 1810572
1096.3 1810572
1096.8 1810572
1099.0 1810540
1101.7 1810540
1107.2 1810540
1109.0 1810572
1109.5 1810572
1110.0 1816132
1110.5 1815596
1111.0 1815628
1111.5 1815676
1112.0 1816004
1112.5 1816604
1113.0 1816468
1113.5 1816352
1114.0 1816288
1114.5 1815988
1115.0 1816428
1115.5 1816332
1116.0 1816680
1116.5 1816600
1117.0 1816144
1117.5 1816912
1118.0 1816508
1118.5 1816220
1119.0 1816252
1119.5 1816380
1120.0 1816672
1120.5 1816704
1121.0 1816164
1121.5 1816404
1122.0 1816356
1122.5 1816340
1123.0 1815804
1123.5 1815316
1124.0 1815540
1124.5 1815380
1125.0 1815332
1125.5 1815316
1126.0 1815348
1126.5 1815676
1127.0 1815932
1127.5 1816064
1128.0 1816064
1128.5 1816160
1129.0 1816080
1129.5 1816492
1130.0 1816364
1130.5 1816064
1131.0 1816048
1131.5 1816112
1132.0 1814076
1132.5 1810488
1134.3 1810488
1134.8 1810488
1135.3 1810488
1135.8 1810488
1137.6 1810456
1138.1 1810456
1138.6 1810520
1140.4 1810520
1142.1 1810520
1145.2 1810520
1145.7 1810520
1148.6 1810488
1149.1 1810488
1149.6 1810488
1151.7 1810488
1153.3 1810488
1154.5 1810488
1155.0 1816244
1155.5 1816512
1156.0 1816168
1156.5 1815988
1157.0 1815960
1157.5 1815676
1158.0 1816280
1158.5 1815772
1159.0 1815788
1159.5 1815724
1160.0 1815716
1160.5 1815684
1161.0 1815764
1161.5 1816344
1162.0 1816268
1162.5 1816188
1163.0 1816680
1163.5 1816460
1164.0 1816380
1164.5 1816348
1165.0 1816364
1165.5 1816396
1166.0 1816096
1166.5 1816712
1167.0 1816504
1167.5 1816568
1168.0 1816332
1168.5 1816220
1169.0 1816348
1169.5 1816268
1170.0 1816312
1170.5 1816880
1171.0 1816216
1171.5 1816328
1172.0 1816312
1172.5 1816456
1173.0 1816360
1173.5 1816344
1174.0 1816660
1174.5 1816516
1175.0 1816324
1175.5 1816388
1176.0 1816752
1176.5 1816420
1177.0 1812984
1177.5 1810240
1178.0 1810240
1178.5 1810240
1179.0 1810240
1179.5 1810240
1183.2 1810204
1183.9 1810204
1184.4 1810204
1184.9 1810268
1185.7 1810268
1186.2 1810268
1186.7 1810268
1187.2 1810268
1187.7 1810236
1189.2 1810236
1189.7 1810236
1190.2 1810236
1190.7 1810236
1193.3 1810236
1193.9 1810236
1196.4 1810236
1198.2 1810268
1199.5 1810268
1200.0 1816140
1200.5 1815800
1201.0 1816100
1201.5 1816596
1202.0 1816548
1202.5 1816580
1203.0 1816232
1203.5 1816312
1204.0 1816532
1204.5 1816360
1205.0 1816320
1205.5 1816384
1206.0 1816524
1206.5 1816304
1207.0 1816116
1207.5 1816084
1208.0 1816304
1208.5 1816368
1209.0 1816748
1209.5 1816556
1210.0 1816424
1210.5 1816552
1211.0 1816568
1211.5 1816568
1212.0 1816520
1212.5 1816188
1213.0 1815432
1213.5 1815640
1214.0 1815228
1214.5 1815388
1215.0 1815604
1215.5 1815888
1216.0 1815792
1216.5 1815840
1217.0 1815904
1217.5 1816360
1218.0 1816392
1218.5 1815852
1219.0 1815744
1219.5 1816028
1220.0 1816072
1220.5 1816420
1221.0 1816560
1221.5 1816352
1222.0 1816672
1222.5 1810388
1223.0 1810388
1225.1 1810388
1225.6 1810388
1226.1 1810388
1226.6 1810388
1228.5 1810388
1229.0 1810388
1229.5 1810388
1234.9 1810356
1235.4 1810356
1239.0 1810356
1239.5 1810388
1240.0 1810388
1240.5 1810388
1241.0 1810388
1244.5 1810356
1245.0 1815968
1245.5 1816128
1246.0 1815984
1246.5 1816112
1247.0 1816000
1247.5 1816096
1248.0 1816284
1248.5 1816140
1249.0 1816220
1249.5 1816392
1250.0 1816644
1250.5 1816468
1251.0 1816164
1251.5 1816216
1252.0 1815972
1252.5 1815548
1253.0 1815656
1253.5 1815576
1254.0 1815784
1254.5 1815816
1255.0 1815812
1255.5 1815716
1256.0 1816048
1256.5 1816236
1257.0 1816220
1257.5 1816236
1258.0 1816300
1258.5 1816188
1259.0 1816456
1259.5 1816504
1260.0 1815648
1260.5 1815664
1261.0 1815508
1261.5 1815760
1262.0 1815508
1262.5 1815792
1263.0 1815728
1263.5 1815540
1264.0 1815840
1264.5 1816152
1265.0 1816400
1265.5 1816104
1266.0 1816324
1266.5 1816148
1267.0 1810232
1267.5 1810232
1268.0 1810200
1268.5 1810200
1269.0 1810200
1269.5 1810200
1270.0 1810192
1270.6 1810192
1271.1 1810192
1271.6 1810192
1272.1 1810192
1272.6 1810192
1273.1 1810224
1273.6 1810224
1274.1 1810224
1274.6 1810224
1275.1 1810224
1275.6 1810224
1276.1 1810224
1276.6 1810224
1277.1 1810224
1277.6 1810224
1278.1 1810192
1278.6 1810192
1279.1 1810192
1279.6 1810192
1280.1 1810224
1280.6 1810224
1281.1 1810224
1281.6 1810224
1282.1 1810192
1282.6 1810192
1283.1 1810192
1283.6 1810192
1284.1 1810192
1284.6 1810192
1285.1 1810192
1285.7 1810192
1286.2 1810192
1286.7 1810192
1287.2 1810160
1287.7 1810224
1288.2 1810224
1288.7 1810224
1289.2 1810224
1289.7 1817256
1290.2 1816188
1290.7 1816072
1291.2 1816196
1291.7 1816668
1292.2 1816608
1292.7 1816260
1293.2 1816496
1293.7 1816244
1294.2 1816276
1294.7 1816456
1295.2 1816520
1295.7 1816644
1296.2 1816284
1296.7 1816236
1297.2 1816204
1297.7 1816472
1298.2 1816424
1298.7 1816140
1299.2 1816188
1299.7 1816236
1300.2 1816220
1300.7 1816124
1301.2 1816584
1301.7 1816692
1302.2 1816172
1302.7 1816488
1303.2 1816632
1303.7 1816520
1304.2 1816584
1304.7 1816580
1305.2 1816060
1305.7 1815776
1306.2 1816280
1306.7 1816468
1307.2 1816184
1307.7 1816424
1308.2 1816232
1308.7 1816248
1309.2 1816264
1309.7 1816212
1310.2 1815960
1310.7 1816072
1311.2 1816040
1311.7 1815772
1312.2 1810304
1312.7 1810304
1313.2 1810304
1313.7 1810304
1314.2 1810304
1314.7 1810304
1315.3 1810328
1315.8 1810328
1316.3 1810328
1316.8 1810328
1317.3 1810328
1317.8 1810328
1318.3 1810328
1318.8 1810328
1319.3 1810328
1319.8 1810328
1320.3 1810296
1320.8 1810296
1321.3 1810296
1321.8 1810296
1322.3 1810328
1322.8 1810328
1323.3 1810328
1323.8 1810328
1324.3 1810296
1324.8 1810296
1325.4 1810296
1325.9 1810296
1326.4 1810296
1326.9 1810296
1327.4 1810296
1327.9 1810296
1328.5 1810296
1329.0 1810296
1329.5 1810296
1330.0 1810296
1330.5 1810328
1331.0 1810328
1331.5 1810328
1332.0 1810328
1332.5 1810328
1333.0 1810328
1333.5 1810328
1334.0 1810328
1334.5 1810296
1335.0 1816076
1335.5 1816236
1336.0 1816300
1336.5 1816424
1337.0 1816536
1337.5 1816504
1338.0 1816756
1338.5 1816328
1339.0 1816156
1339.5 1816392
1340.0 1816336
1340.5 1816432
1341.0 1816764
1341.5 1816196
1342.0 1816228
1342.5 1816392
1343.0 1816432
1343.5 1816496
1344.0 1816592
1344.5 1816084
1345.0 1816520
1345.5 1816472
1346.0 1815904
1346.5 1815508
1347.0 1816220
1347.5 1815888
1348.0 1815780
1348.5 1815904
1349.0 1816080
1349.5 1815920
1350.0 1816200
1350.5 1816248
1351.0 1816152
1351.5 1816580
1352.0 1816596
1352.5 1816404
1353.0 1815632
1353.5 1815744
1354.0 1815664
1354.5 1816104
1355.0 1815928
1355.5 1815644
1356.0 1816292
1356.5 1816196
1357.0 1816528
1357.5 1816020
1358.0 1816244
1358.5 1810000
1359.0 1810000
1359.5 1810064
1360.0 1810064
1360.5 1810064
1361.0 1810060
1361.5 1810060
1362.0 1810060
1362.5 1810028
1363.0 1810028
1363.5 1810028
1364.0 1810028
1364.5 1810028
1365.0 1810028
1365.5 1810028
1366.0 1810028
1366.5 1810028
1367.0 1810028
1367.5 1810060
1368.0 1810060
1368.5 1810060
1369.0 1810060
1369.5 1810060
1370.0 1810060
1370.5 1810060
1371.0 1810060
1371.5 1810060
1372.0 1810060
1372.5 1810028
1373.0 1810028
1373.5 1810028
1374.1 1810028
1374.6 1810060
1375.1 1810060
1375.6 1810060
1376.1 1810060
1376.6 1810028
1377.1 1810028
1377.6 1810028
1378.1 1810028
1378.6 1810028
1379.1 1810028
1379.6 1810028
1380.1 1816060
1380.6 1816548
1381.1 1816376
1381.6 1815840
1382.1 1815696
1382.6 1816320
1383.1 1815972
1383.6 1815912
1384.1 1816004
1384.6 1816208
1385.1 1815912
1385.6 1815692
1386.1 1815788
1386.6 1815772
1387.1 1815692
1387.6 1815360
1388.1 1815440
1388.6 1815804
1389.1 1815788
1389.6 1815820
1390.1 1816308
1390.6 1816148
1391.1 1816948
1391.6 1816916
1392.1 1816920
1392.6 1817144
1393.1 1816544
1393.6 1816844
1394.1 1816496
1394.6 1816608
1395.1 1816472
1395.6 1816740
1396.1 1816172
1396.6 1816440
1397.1 1816424
1397.6 1816092
1398.1 1816220
1398.6 1816740
1399.1 1816236
1399.6 1816252
1400.1 1816172
1400.6 1816364
1401.1 1815652
1401.6 1816188
1402.1 1816188
1402.6 1816868
1403.1 1810380
1403.6 1810380
1404.2 1810380
1404.7 1810380
1405.3 1810344
1405.8 1810344
1406.3 1810344
1406.8 1810344
1407.3 1810344
1407.9 1810344
1408.4 1810344
1408.9 1810344
1409.4 1810408
1409.9 1810376
1410.4 1810376
1410.9 1810376
1411.4 1810376
1411.9 1810376
1412.4 1810376
1412.9 1810376
1413.4 1810376
1413.9 1810376
1414.4 1810344
1414.9 1810344
1415.4 1810344
1415.9 1810344
1416.4 1810376
1416.9 1810376
1417.4 1810376
1417.9 1810376
1418.4 1810376
1418.9 1810376
1419.4 1810344
1420.0 1810344
1420.5 1810344
1421.0 1810344
1421.5 1810344
1422.0 1810344
1422.5 1810344
1423.0 1810344
1423.5 1810344
1424.0 1810344
1424.5 1810376
1425.0 1816176
1425.5 1815988
1426.0 1816036
1426.5 1816112
1427.0 1816112
1427.5 1816176
1428.0 1816288
1428.5 1815500
1429.0 1815656
1429.5 1815704
1430.0 1815988
1430.5 1816036
1431.0 1815940
1431.5 1815972
1432.0 1815956
1432.5 1816004
1433.0 1816240
1433.5 1815484
1434.0 1815736
1434.5 1815448
1435.0 1816008
1435.5 1816644
1436.0 1816332
1436.5 1816756
1437.0 1816600
1437.5 1816660
1438.0 1816404
1438.5 1816440
1439.0 1816520
1439.5 1816472
1440.0 1816484
1440.5 1816816
1441.0 1816372
1441.5 1816516
1442.0 1816028
1442.5 1816248
1443.0 1816344
1443.5 1816532
1444.0 1816152
1444.5 1816548
1445.0 1816268
1445.5 1816268
1446.0 1816316
1446.5 1816252
1447.0 1816580
1447.5 1816236
1448.0 1813264
1448.5 1810376
1449.0 1810376
1449.5 1810376
1450.0 1810376
1450.5 1810368
1451.0 1810368
1451.5 1810336
1452.0 1810336
1452.5 1810336
1453.0 1810336
1453.5 1810336
1454.0 1810336
1454.5 1810336
1455.0 1810336
1455.5 1810336
1456.0 1810400
1456.5 1810368
1457.0 1810368
1457.5 1810368
1458.0 1810368
1458.5 1810368
1459.0 1810368
1459.5 1810368
1460.0 1810368
1460.5 1810368
1461.0 1810368
1461.5 1810368
1462.0 1810336
1462.5 1810336
1463.0 1810336
1463.5 1810336
1464.0 1810368
1464.5 1810368
1465.0 1810368
1465.5 1810368
1466.0 1810336
1466.5 1810336
1467.0 1810336
1467.5 1810336
1468.0 1810336
1468.5 1810336
1469.0 1810336
1469.5 1810336
1470.0 1816068
1470.5 1816164
1471.0 1816196
1471.5 1816416
1472.0 1816368
1472.5 1816148
1473.0 1816148
1473.5 1816132
1474.0 1815888
1474.5 1816172
1475.0 1816452
1475.5 1816356
1476.0 1816168
1476.5 1816264
1477.0 1816104
1477.5 1816168
1478.0 1815804
1478.5 1815632
1479.0 1815584
1479.5 1816388
1480.0 1816636
1480.5 1816368
1481.0 1816272
1481.5 1815752
1482.0 1816180
1482.5 1815816
1483.0 1815596
1483.5 1815864
1484.0 1815880
1484.5 1815736
1485.0 1815876
1485.5 1815812
1486.0 1815512
1486.5 1816176
1487.0 1816428
1487.5 1816428
1488.0 1816444
1488.5 1815892
1489.0 1815924
1489.5 1816192
1490.0 1816356
1490.5 1816352
1491.0 1816148
1491.5 1816416
1492.0 1816512
1492.5 1816480
1493.0 1816700
1493.5 1810708
1494.0 1810708
1494.5 1810676
1495.0 1810676
1495.5 1810676
1496.0 1810668
1496.5 1810668
1497.0 1810668
1497.5 1810668
1498.0 1810668
1498.5 1810700
1499.1 1810700
1499.6 1810700
1500.1 1810700
1500.6 1810700
1501.1 1810700
1501.6 1810700
1502.1 1810700
1502.7 1810700
1503.2 1810700
1503.7 1810700
1504.2 1810668
1504.7 1810668
1505.2 1810668
1505.7 1810668
1506.2 1810700
1506.7 1810700
1507.2 1810700
1507.7 1810700
1508.2 1810668
1508.7 1810668
1509.2 1810668
1509.7 1810668
1510.2 1810668
1510.7 1810668
1511.2 1810668
1511.7 1810668
1512.2 1810668
1512.7 1810636
1513.2 1810700
1513.7 1810700
1514.2 1810700
1514.7 1817476
1515.2 1816508
1515.7 1816352
1516.2 1816084
1516.7 1816132
1517.2 1816172
1517.7 1816352
1518.2 1816484
1518.7 1816184
1519.2 1816424
1519.7 1816212
1520.2 1816212
1520.7 1816620
1521.2 1816384
1521.7 1816352
1522.2 1816400
1522.7 1816224
1523.2 1816448
1523.7 1816432
1524.2 1816336
1524.7 1816004
1525.2 1816236
1525.7 1815988
1526.2 1816248
1526.7 1816232
1527.2 1816104
1527.7 1816088
1528.2 1816088
1528.7 1816496
1529.2 1816832
1529.7 1816412
1530.2 1816348
1530.7 1816428
1531.2 1816396
1531.7 1816208
1532.2 1816080
1532.7 1816080
1533.2 1815940
1533.7 1815860
1534.2 1815908
1534.7 1815492
1535.2 1815588
1535.7 1815668
1536.2 1815920
1536.7 1815920
1537.2 1816108
1537.7 1816020
1538.2 1809740
1538.7 1809740
1539.2 1809740
1539.7 1809740
1540.2 1809740
1540.7 1809732
1541.2 1809700
1541.7 1809700
1542.2 1809700
1542.7 1809700
1543.2 1809700
1543.7 1809732
1544.2 1809732
1544.7 1809732
1545.2 1809732
1545.7 1809700
1546.2 1809700
1546.7 1809700
1547.2 1809700
1547.7 1809700
1548.2 1809700
1548.7 1809700
1549.2 1809700
1549.7 1809700
1550.2 1809700
1550.7 1809700
1551.2 1809732
1551.7 1809732
1552.3 1809732
1552.8 1809732
1553.3 1809732
1553.8 1809732
1554.3 1809732
1554.8 1809732
1555.3 1809700
1555.8 1809700
1556.3 1809700
1556.8 1809700
1557.3 1809700
1557.8 1809700
1558.3 1809700
1558.8 1809700
1559.3 1809732
1559.8 1809700
1560.3 1815596
1560.8 1815676
1561.3 1815832
1561.8 1816408
1562.3 1816408
1562.8 1816220
1563.3 1816836
1563.8 1816724
1564.3 1816328
1564.8 1816032
1565.3 1815948
1565.8 1815980
1566.3 1815632
1566.8 1815712
1567.3 1816216
1567.8 1816248
1568.3 1816232
1568.8 1816296
1569.3 1816296
1569.8 1816436
1570.3 1816460
1570.8 1816712
1571.3 1816444
1571.8 1816240
1572.3 1817000
1572.8 1816364
1573.3 1816444
1573.8 1816584
1574.3 1817120
1574.8 1816312
1575.3 1816188
1575.8 1816284
1576.3 1816108
1576.8 1816188
1577.3 1816300
1577.8 1816300
1578.3 1816156
1578.8 1816156
1579.3 1815888
1579.8 1815840
1580.3 1815816
1580.8 1815944
1581.3 1815804
1581.8 1816068
1582.3 1816572
1582.8 1816416
1583.3 1816352
1583.8 1810284
1584.3 1810284
1584.8 1810284
1585.3 1810284
1585.8 1810276
1586.3 1810308
1586.8 1810308
1587.3 1810308
1587.8 1810308
1588.3 1810276
1588.8 1810276
1589.3 1810276
1589.8 1810276
1590.3 1810276
1590.8 1810276
1591.3 1810276
1591.8 1810276
1592.3 1810276
1592.8 1810276
1593.3 1810244
1593.8 1810308
1594.3 1810308
1594.9 1810308
1595.4 1810308
1595.9 1810308
1596.4 1810308
1596.9 1810308
1597.4 1810276
1597.9 1810276
1598.4 1810276
1598.9 1810276
1599.4 1810276
1599.9 1810276
1600.4 1810276
1600.9 1810276
1601.4 1810308
1601.9 1810308
1602.4 1810276
1602.9 1810276
1603.4 1810276
1603.9 1810276
1604.4 1810276
1604.9 1816424
1605.4 1816520
1605.9 1816312
1606.4 1816296
1606.9 1816152
1607.4 1816092
1607.9 1815808
1608.4 1816232
1608.9 1816360
1609.4 1815948
1609.9 1816348
1610.4 1816016
1610.9 1816032
1611.4 1815952
1611.9 1815732
1612.4 1815828
1612.9 1815764
1613.4 1815764
1613.9 1815608
1614.4 1815640
1614.9 1815668
1615.4 1816012
1615.9 1816264
1616.4 1816296
1616.9 1816500
1617.4 1816216
1617.9 1815996
1618.4 1816060
1618.9 1816092
1619.4 1815712
1619.9 1816464
1620.4 1816320
1620.9 1816256
1621.4 1816512
1621.9 1816856
1622.4 1816416
1622.9 1816256
1623.4 1816192
1623.9 1815956
1624.4 1816684
1624.9 1816532
1625.4 1816564
1625.9 1816392
1626.4 1816376
1626.9 1815692
1627.4 1816292
1627.9 1816724
1628.4 1810404
1628.9 1810404
1629.4 1810404
1629.9 1810396
1630.4 1810396
1630.9 1810396
1631.4 1810364
1631.9 1810364
1632.4 1810364
1632.9 1810364
1633.4 1810364
1633.9 1810364
1634.4 1810364
1634.9 1810396
1635.4 1810396
1635.9 1810396
1636.4 1810396
1636.9 1810396
1637.4 1810396
1637.9 1810396
1638.4 1810396
1638.9 1810396
1639.4 1810396
1639.9 1810364
1640.4 1810364
1640.9 1810364
1641.4 1810364
1641.9 1810364
1642.4 1810364
1642.9 1810364
1643.4 1810396
1643.9 1810396
1644.4 1810396
1644.9 1810396
1645.4 1810364
1646.0 1810364
1646.5 1810364
1647.0 1810364
1647.5 1810364
1648.0 1810364
1648.5 1810364
1649.0 1810332
1649.5 1810396
1650.0 1813296
1650.5 1816344
1651.0 1816280
1651.5 1816432
1652.0 1816612
1652.5 1816644
1653.0 1816420
1653.5 1816580
1654.0 1816420
1654.5 1816360
1655.0 1816932
1655.5 1816536
1656.0 1816284
1656.5 1816236
1657.0 1816268
1657.5 1816348
1658.0 1816080
1658.5 1816080
1659.0 1816332
1659.5 1816396
1660.0 1816316
1660.5 1816236
1661.0 1816160
1661.5 1816220
1662.0 1816268
1662.5 1816252
1663.0 1816236
1663.5 1816632
1664.0 1816380
1664.5 1817164
1665.0 1816480
1665.5 1816436
1666.0 1816624
1666.5 1816416
1667.0 1816340
1667.5 1816164
1668.0 1816088
1668.5 1816212
1669.0 1816544
1669.5 1816512
1670.0 1816212
1670.5 1816536
1671.0 1816016
1671.5 1815828
1672.0 1815732
1672.5 1815496
1673.0 1815448
1673.5 1809956
1674.0 1809956
1674.5 1809956
1675.0 1809956
1675.5 1809956
1676.0 1809956
1676.5 1809952
1677.0 1809952
1677.5 1809952
1678.0 1809920
1678.5 1809920
1679.0 1809920
1679.5 1809984
1680.0 1809984
1680.5 1809984
1681.0 1809984
1681.5 1809984
1682.0 1809984
1682.5 1809984
1683.0 1809984
1683.5 1809952
1684.0 1809952
1684.6 1809952
1685.1 1809952
1685.6 1809952
1686.1 1809952
1686.6 1809952
1687.1 1809952
1687.6 1809984
1688.1 1809984
1688.6 1809984
1689.1 1809984
1689.6 1809984
1690.1 1809984
1690.6 1809984
1691.1 1809984
1691.6 1809984
1692.1 1809984
1692.6 1809952
1693.1 1809952
1693.6 1809952
1694.1 1809952
1694.6 1812540
1695.1 1816140
1695.6 1815776
1696.1 1815800
1696.6 1815784
1697.1 1815896
1697.6 1815644
1698.1 1815588
1698.6 1816012
1699.1 1816356
1699.6 1816416
1700.1 1816192
1700.6 1816416
1701.1 1816336
1701.6 1816476
1702.1 1816524
1702.6 1816304
1703.1 1815752
1703.6 1816100
1704.1 1816272
1704.6 1816408
1705.1 1816944
1705.6 1816472
1706.1 1816680
1706.6 1816316
1707.1 1816000
1707.6 1815876
1708.1 1816412
1708.6 1816300
1709.1 1816048
1709.6 1816332
1710.1 1816292
1710.6 1816012
1711.1 1816072
1711.6 1816072
1712.1 1816088
1712.6 1816072
1713.1 1816180
1713.6 1815820
1714.1 1815836
1714.6 1816136
1715.1 1816600
1715.6 1816444
1716.1 1816048
1716.6 1816428
1717.1 1816236
1717.6 1816096
1718.1 1812816
1718.8 1810128
1719.3 1810128
1722.2 1810188
1722.7 1810188
1723.2 1810156
1723.7 1810156
1724.2 1810156
1726.7 1810156
1727.2 1810156
1729.0 1810156
1730.8 1810156
1731.3 1810124
1731.8 1810124
1732.3 1810124
1733.1 1810124
1734.5 1810156
1735.5 1810156
1736.1 1810156
1737.3 1810156
1738.2 1810156
1739.5 1810124
1740.0 1816684
1740.5 1816288
1741.0 1816384
1741.5 1816272
1742.0 1816304
1742.5 1816352
1743.0 1816620
1743.5 1816676
1744.0 1816480
1744.5 1816508
1745.0 1816380
1745.5 1816616
1746.0 1816472
1746.5 1816396
1747.0 1816284
1747.5 1816380
1748.0 1816536
1748.5 1816252
1749.0 1816380
1749.5 1816504
1750.0 1816280
1750.5 1815932
1751.0 1816548
1751.5 1816248
1752.0 1816232
1752.5 1816864
1753.0 1816392
1753.5 1815964
1754.0 1815996
1754.5 1816060
1755.0 1815736
1755.5 1815548
1756.0 1815580
1756.5 1816352
1757.0 1816180
1757.5 1816116
1758.0 1815972
1758.5 1816100
1759.0 1816020
1759.5 1815972
1760.0 1815964
1760.5 1816028
1761.0 1815948
1761.5 1815948
1762.0 1816076
1762.5 1815980
1763.0 1811128
1763.5 1810608
1764.5 1810608
1765.0 1810608
1767.0 1810608
1769.1 1810608
1769.8 1810576
1770.3 1810576
1771.7 1810576
1772.6 1810640
1773.6 1810640
1774.1 1810640
1775.2 1810640
1775.7 1810640
1776.3 1810640
1779.0 1810608
1779.5 1810608
1780.0 1810608
1781.2 1810608
1781.9 1810608
1782.4 1810608
1782.9 1810608
1783.4 1810608
1783.9 1810640
1784.4 1810640
1784.9 1810640
1785.4 1816424
1785.9 1816056
1786.4 1816296
1786.9 1816184
1787.4 1816104
1787.9 1815932
1788.4 1815616
1788.9 1816072
1789.4 1816076
1789.9 1815932
1790.4 1815988
1790.9 1816256
1791.4 1816460
1791.9 1816572
1792.4 1816492
1792.9 1816068
1793.4 1816524
1793.9 1816508
1794.4 1816556
1794.9 1816336
1795.4 1816188
1795.9 1816284
1796.4 1816568
1796.9 1816076
1797.4 1816032
1797.9 1815920
1798.4 1816016
1798.9 1815652
1799.4 1815740
1799.9 1815408
1800.4 1815544
1800.9 1815868
1801.4 1815588
1801.9 1816560
1802.4 1816464
1802.9 1816528
1803.4 1816464
1803.9 1816196
1804.4 1816164
1804.9 1816720
1805.4 1816600
1805.9 1816156
1806.4 1816424
1806.9 1816220
1807.4 1816424
1807.9 1816220
1808.4 1816284
1808.9 1810572
1809.4 1810572
1809.9 1810572
1810.4 1810600
1810.9 1810600
1811.4 1810600
1811.9 1810600
1812.4 1810600
1812.9 1810568
1813.4 1810568
1813.9 1810568
1814.4 1810568
1814.9 1810568
1815.4 1810568
1815.9 1810568
1816.4 1810568
1816.9 1810568
1817.5 1810600
1818.0 1810600
1818.5 1810600
1819.0 1810600
1819.5 1810600
1820.0 1810600
1820.5 1810600
1821.0 1810600
1821.5 1810600
1822.0 1810600
1822.5 1810600
1823.0 1810568
1823.5 1810568
1824.0 1810568
1824.5 1810568
1825.0 1810600
1825.5 1810600
1826.0 1810600
1826.5 1810600
1827.0 1810568
1827.5 1810568
1828.0 1810568
1828.5 1810568
1829.0 1810568
1829.5 1810568
1830.0 1816232
1830.5 1815964
1831.0 1816044
1831.5 1815964
1832.0 1815788
1832.5 1816104
1833.0 1816200
1833.5 1815508
1834.0 1815772
1834.5 1816012
1835.0 1816260
1835.5 1815884
1836.0 1815280
1836.5 1815644
1837.0 1815536
1837.5 1815488
1838.0 1815536
1838.5 1815504
1839.0 1815392
1839.5 1815896
1840.0 1815968
1840.5 1815920
1841.0 1815856
1841.5 1816236
1842.0 1816220
1842.5 1816584
1843.0 1816740
1843.5 1816396
1844.0 1816332
1844.5 1816268
1845.0 1815980
1845.5 1816012
1846.0 1816436
1846.5 1816420
1847.0 1816120
1847.5 1816420
1848.0 1816276
1848.5 1816468
1849.0 1816532
1849.5 1816372
1850.0 1816288
1850.5 1816128
1851.0 1816524
1851.5 1816224
1852.0 1817012
1852.5 1816900
1853.0 1816508
1853.5 1810052
1854.0 1810052
1854.5 1810052
1855.0 1810020
1855.5 1810020
1856.0 1810012
1856.5 1810012
1857.0 1810012
1857.5 1810012
1858.0 1810012
1858.5 1810012
1859.0 1810076
1859.5 1810044
1860.0 1810044
1860.5 1810044
1861.2 1810044
1861.7 1810044
1862.2 1810044
1862.7 1810044
1863.2 1810044
1863.7 1810044
1864.2 1810044
1864.7 1810012
1865.2 1810012
1865.7 1810012
1866.2 1810012
1866.7 1810012
1867.3 1810044
1867.8 1810044
1868.3 1810044
1868.8 1810044
1869.3 1810044
1869.8 1810012
1870.3 1810012
1870.8 1810012
1871.3 1810012
1871.8 1810012
1872.3 1810012
1872.8 1810012
1873.3 1810012
1873.8 1810044
1874.3 1810044
1874.8 1810044
1875.3 1816104
1875.8 1816264
1876.3 1816372
1876.8 1816340
1877.3 1816228
1877.8 1815980
1878.3 1815932
1878.8 1815532
1879.3 1815828
1879.8 1816004
1880.3 1815732
1880.8 1815968
1881.3 1815920
1881.8 1816664
1882.3 1816472
1882.8 1816016
1883.3 1816096
1883.8 1815936
1884.3 1816424
1884.8 1816348
1885.3 1816388
1885.8 1816308
1886.3 1816404
1886.8 1816436
1887.3 1816212
1887.8 1816324
1888.3 1816072
1888.8 1816184
1889.3 1816088
1889.8 1816184
1890.3 1816116
1890.8 1816212
1891.3 1816148
1891.8 1816164
1892.3 1816276
1892.8 1816148
1893.3 1815848
1893.8 1815864
1894.3 1815360
1894.8 1815344
1895.3 1815400
1895.8 1815464
1896.3 1815480
1896.8 1815684
1897.3 1815652
1897.8 1815556
1898.3 1813472
1898.8 1809820
1899.3 1809820
1899.8 1809820
1900.3 1809820
1900.8 1809812
1901.3 1809812
1901.8 1809780
1902.3 1809780
1902.8 1809780
1903.3 1809780
1903.8 1809780
1904.3 1809780
1904.8 1809780
1905.3 1809780
1905.8 1809812
1906.3 1809812
1906.9 1809780
1907.4 1809780
1907.9 1809780
1908.4 1809780
1908.9 1809780
1909.4 1809780
1909.9 1809780
1910.4 1809780
1910.9 1809780
1911.4 1809748
1911.9 1809748
1912.4 1809748
1912.9 1809748
1913.4 1809812
1913.9 1809812
1914.4 1809812
1914.9 1809812
1915.4 1809812
1915.9 1809780
1916.4 1809780
1916.9 1809780
1917.4 1809780
1917.9 1809780
1918.4 1809780
1918.9 1809780
1919.4 1809780
1919.9 1815724
1920.4 1816196
1920.9 1816116
1921.4 1816480
1921.9 1816508
1922.4 1815760
1922.9 1816236
1923.4 1816140
1923.9 1816204
1924.4 1816156
1924.9 1816352
1925.4 1816400
1925.9 1815708
1926.4 1816008
1926.9 1815848
1927.4 1816180
1927.9 1816148
1928.4 1815912
1928.9 1815740
1929.4 1815756
1929.9 1815804
1930.4 1815740
1930.9 1815788
1931.4 1815800
1931.9 1815612
1932.4 1816468
1932.9 1816668
1933.4 1816196
1933.9 1816384
1934.4 1816100
1934.9 1816656
1935.4 1816156
1935.9 1816156
1936.4 1816172
1936.9 1816044
1937.4 1815968
1937.9 1815904
1938.4 1816504
1938.9 1816516
1939.4 1816440
1939.9 1816388
1940.4 1816104
1940.9 1816404
1941.4 1816200
1941.9 1816216
1942.4 1816248
1942.9 1816088
1943.4 1810040
1943.9 1810008
1944.4 1810008
1944.9 1810008
1945.4 1810000
1945.9 1810000
1946.4 1810000
1946.9 1810000
1947.4 1810000
1947.9 1810000
1948.4 1810000
1948.9 1810000
1949.4 1810032
1949.9 1810032
1950.4 1810032
1950.9 1810032
1951.4 1810032
1951.9 1810032
1952.4 1810032
1952.9 1810032
1953.4 1810000
1953.9 1810000
1954.4 1810000
1954.9 1810000
1955.4 1810000
1955.9 1810000
1956.4 1810000
1956.9 1810000
1957.5 1810032
1958.0 1810000
1958.5 1810000
1959.0 1810000
1959.5 1810000
1960.0 1810000
1960.5 1810000
1961.0 1810000
1961.5 1810000
1962.0 1810000
1962.5 1810000
1963.0 1809968
1963.5 1809968
1964.0 1810032
1964.5 1810032
1965.0 1815900
1965.5 1815932
1966.0 1816388
1966.5 1815740
1967.0 1815756
1967.5 1815836
1968.0 1816056
1968.5 1816168
1969.0 1815836
1969.5 1816104
1970.0 1816396
1970.5 1816112
1971.0 1816348
1971.5 1816364
1972.0 1816444
1972.5 1816240
1973.0 1816288
1973.5 1816412
1974.0 1816444
1974.5 1816064
1975.0 1816532
1975.5 1816356
1976.0 1816388
1976.5 1816608
1977.0 1816576
1977.5 1816072
1978.0 1815948
1978.5 1816324
1979.0 1816104
1979.5 1816592
1980.0 1816512
1980.5 1816700
1981.0 1816464
1981.5 1816288
1982.0 1816384
1982.5 1816700
1983.0 1816368
1983.5 1816352
1984.0 1816288
1984.5 1816244
1985.0 1816064
1985.5 1816208
1986.0 1816240
1986.5 1816220
1987.0 1816428
1987.5 1816300
1988.0 1814940
1988.5 1810280
1989.0 1810280
1989.5 1810280
1990.0 1810280
1990.5 1810308
1991.0 1810308
1991.5 1810308
1992.0 1810308
1992.5 1810308
1993.0 1810308
1993.5 1810308
1994.0 1810308
1994.5 1810276
1995.0 1810276
1995.5 1810276
1996.0 1810276
1996.5 1810276
1997.0 1810276
1997.5 1810308
1998.0 1810308
1998.5 1810308
1999.0 1810308
1999.5 1810276
2000.0 1810276
2000.5 1810276
2001.0 1810276
2001.5 1810276
2002.0 1810276
2002.5 1810276
2003.0 1810276
2003.5 1810276
2004.0 1810276
2004.5 1810308
2005.0 1810308
2005.5 1810308
2006.0 1810308
2006.5 1810308
2007.0 1810308
2007.5 1810308
2008.0 1810308
2008.6 1810276
2009.1 1810276
2009.6 1810276
2010.1 1816028
2010.6 1816548
2011.1 1816852
2011.6 1816328
2012.1 1816408
2012.6 1816344
2013.1 1816268
2013.6 1816312
2014.1 1816332
2014.6 1816280
2015.1 1816244
2015.6 1816720
2016.1 1815852
2016.6 1815600
2017.1 1815788
2017.6 1815884
2018.1 1816356
2018.6 1816656
2019.1 1816528
2019.6 1816308
2020.1 1816268
2020.6 1816380
2021.1 1816332
2021.6 1816364
2022.1 1816476
2022.6 1816632
2023.1 1817296
2023.6 1816592
2024.1 1816276
2024.6 1816040
2025.1 1816684
2025.6 1816024
2026.1 1815816
2026.6 1816084
2027.1 1816652
2027.6 1816304
2028.1 1816068
2028.6 1816116
2029.1 1816148
2029.6 1816116
2030.1 1816096
2030.6 1816048
2031.1 1816032
2031.6 1816032
2032.1 1816096
2032.6 1816032
2033.1 1810492
2033.6 1810068
2034.1 1810068
2034.6 1810068
2035.1 1810064
2035.6 1810064
2036.1 1810064
2036.6 1810064
2037.1 1810032
2037.6 1810032
2038.1 1810032
2038.6 1810096
2039.1 1810096
2039.6 1810096
2040.1 1810096
2040.6 1810096
2041.1 1810096
2041.6 1810064
2042.1 1810064
2042.6 1810064
2043.1 1810064
2043.6 1810064
2044.1 1810064
2044.6 1810064
2045.1 1810064
2045.6 1810064
2046.1 1810064
2046.6 1810096
2047.1 1810096
2047.6 1810096
2048.1 1810096
2048.6 1810096
2049.1 1810096
2049.6 1810096
2050.1 1810096
2050.6 1810096
2051.1 1810096
2051.6 1810064
2052.1 1810064
2052.6 1810064
2053.1 1810064
2053.6 1810096
2054.1 1810096
2054.6 1810096
2055.1 1815856
2055.6 1815744
2056.1 1815760
2056.6 1815696
2057.1 1815856
2057.6 1816320
2058.1 1816636
2058.6 1816084
2059.1 1816020
2059.6 1816100
2060.1 1815824
2060.6 1815900
2061.1 1816076
2061.6 1815980
2062.1 1815792
2062.6 1815620
2063.1 1816044
2063.6 1816276
2064.1 1816264
2064.6 1816200
2065.1 1816368
2065.6 1816208
2066.1 1816224
2066.6 1816192
2067.1 1816288
2067.6 1816492
2068.1 1816456
2068.6 1816256
2069.1 1816256
2069.6 1816320
2070.1 1816376
2070.6 1816248
2071.1 1816216
2071.6 1815884
2072.1 1816532
2072.6 1816184
2073.1 1816392
2073.6 1816344
2074.1 1816468
2074.6 1816440
2075.1 1816340
2075.6 1816372
2076.1 1816324
2076.6 1816228
2077.1 1816196
2077.6 1816324
2078.1 1816892
2078.6 1810272
2079.1 1810272
2079.6 1810240
2080.1 1810240
2080.6 1810236
2081.1 1810236
2081.6 1810236
2082.1 1810268
2082.6 1810268
2083.1 1810268
2083.6 1810268
2084.1 1810268
2084.6 1810236
2085.1 1810236
2085.6 1810236
2086.1 1810236
2086.6 1810236
2087.1 1810236
2087.6 1810236
2088.1 1810236
2088.6 1810204
2089.1 1810204
2089.6 1810268
2090.1 1810268
2090.6 1810268
2091.1 1810268
2091.6 1810268
2092.1 1810268
2092.6 1810268
2093.1 1810268
2093.6 1810236
2094.1 1810236
2094.6 1810236
2095.2 1810236
2095.7 1810236
2096.2 1810236
2096.7 1810236
2097.2 1810236
2097.7 1810268
2098.2 1810236
2098.7 1810236
2099.2 1810236
2099.7 1810236
2100.2 1816304
2100.7 1815832
2101.2 1815896
2101.7 1816036
2102.2 1816036
2102.7 1816020
2103.2 1816020
2103.7 1816288
2104.2 1816208
2104.7 1816304
2105.2 1816112
2105.7 1816348
2106.2 1816536
2106.7 1816364
2107.2 1816616
2107.7 1816600
2108.2 1816428
2108.7 1816000
2109.2 1815748
2109.7 1816680
2110.2 1816328
2110.7 1816012
2111.2 1815932
2111.7 1816248
2112.2 1816296
2112.7 1816548
2113.2 1816264
2113.7 1816500
2114.2 1816500
2114.7 1816312
2115.2 1816160
2115.7 1816416
2116.2 1816256
2116.7 1816368
2117.2 1816480
2117.7 1816352
2118.2 1816180
2118.7 1816132
2119.2 1816352
2119.7 1816288
2120.2 1816360
2120.7 1816280
2121.2 1816136
2121.7 1816424
2122.2 1816580
2122.7 1816628
2123.2 1815872
2123.7 1810024
2124.2 1810024
2124.7 1810024
2125.2 1810024
2125.7 1809988
2126.2 1809988
2126.7 1809988
2127.2 1809988
2127.7 1809988
2128.2 1809988
2128.7 1810020
2129.2 1810020
2129.7 1810020
2130.2 1810020
2130.7 1809988
2131.2 1809988
2131.7 1809988
2132.2 1809988
2132.7 1809988
2133.2 1809988
2133.7 1809988
2134.2 1809988
2134.7 1809988
2135.2 1809988
2135.7 1809956
2136.2 1810020
2136.7 1810020
2137.2 1810020
2137.7 1810020
2138.2 1810020
2138.7 1810020
2139.2 1810020
2139.7 1809988
2140.2 1809988
2140.7 1809988
2141.2 1809988
2141.7 1809988
2142.2 1809988
2142.7 1809988
2143.2 1809988
2143.7 1810020
2144.2 1809988
2144.7 1817352
2145.2 1815432
2145.7 1816392
2146.2 1816456
2146.7 1816268
2147.2 1816504
2147.7 1816680
2148.2 1816360
2148.7 1816124
2149.2 1816472
2149.7 1816288
2150.2 1816384
2150.7 1815872
2151.2 1816164
2151.7 1815768
2152.2 1816100
2152.7 1816036
2153.2 1816100
2153.7 1816352
2154.2 1816208
2154.7 1816080
2155.2 1816128
2155.7 1816252
2156.2 1816332
2156.7 1816348
2157.2 1816204
2157.7 1816252
2158.2 1816220
2158.7 1816520
2159.2 1816424
2159.7 1816576
2160.2 1816576
2160.7 1816480
2161.2 1816496
2161.7 1816324
2162.2 1816260
2162.7 1816324
2163.2 1816464
2163.7 1816196
2164.2 1816196
2164.7 1816588
2165.2 1816728
2165.7 1816652
2166.2 1816368
2166.7 1816808
2167.2 1816068
2167.7 1816320
2168.2 1810260
2168.7 1810324
2169.2 1810324
2169.7 1810324
2170.3 1810324
2170.8 1810320
2171.3 1810320
2171.8 1810320
2172.3 1810320
2172.8 1810288
2173.3 1810288
2173.8 1810288
2174.3 1810288
2174.8 1810288
2175.3 1810288
2175.8 1810288
2176.3 1810288
2176.8 1810320
2177.3 1810288
2177.8 1810288
2178.3 1810288
2178.8 1810288
2179.3 1810288
2179.8 1810288
2180.4 1810288
2180.9 1810288
2181.4 1810288
2181.9 1810288
2182.4 1810288
2182.9 1810256
2183.4 1810320
2183.9 1810320
2184.4 1810320
2184.9 1810320
2185.4 1810320
2185.9 1810320
2186.4 1810320
2186.9 1810288
2187.4 1810288
2187.9 1810288
2188.4 1810288
2188.9 1810288
2189.4 1810288
2189.9 1816024
2190.4 1816008
2190.9 1816420
2191.4 1816520
2191.9 1816220
2192.4 1816204
2192.9 1816236
2193.4 1815936
2193.9 1816236
2194.4 1816220
2194.9 1816184
2195.4 1816296
2195.9 1816516
2196.4 1816452
2196.9 1816628
2197.4 1816452
2197.9 1816596
2198.4 1816280
2198.9 1816532
2199.4 1816280
2199.9 1815892
2200.4 1815892
2200.9 1816556
2201.4 1816272
2201.9 1816540
2202.4 1816636
2202.9 1816760
2203.4 1816572
2203.9 1816444
2204.4 1816508
2204.9 1816520
2205.4 1816328
2205.9 1816376
2206.4 1816472
2206.9 1816756
2207.4 1816504
2207.9 1816156
2208.4 1816048
2208.9 1815700
2209.4 1816048
2209.9 1816060
2210.4 1815948
2210.9 1815916
2211.4 1816656
2211.9 1816548
2212.4 1816452
2212.9 1816468
2213.4 1810340
2213.9 1810340
2214.4 1810340
2215.0 1810308
2215.5 1810308
2216.0 1810368
2216.5 1810368
2217.0 1810368
2217.5 1810368
2218.0 1810368
2218.5 1810368
2219.0 1810368
2219.5 1810368
2220.0 1810336
2220.5 1810336
2221.0 1810336
2221.5 1810336
2222.0 1810336
2222.5 1810336
2223.0 1810336
2223.5 1810336
2224.0 1810368
2224.5 1810336
2225.0 1810336
2225.5 1810336
2226.0 1810336
2226.5 1810336
2227.0 1810336
2227.5 1810336
2228.0 1810336
2228.5 1810336
2229.0 1810304
2229.5 1810304
2230.0 1810304
2230.5 1810304
2231.0 1810368
2231.5 1810368
2232.0 1810368
2232.5 1810368
2233.0 1810368
2233.5 1810368
2234.0 1810336
2234.5 1810336
2235.0 1816016
2235.5 1815732
2236.0 1815732
2236.5 1815968
2237.0 1815904
2237.5 1815716
2238.0 1816016
2238.5 1815904
2239.0 1816204
2239.5 1816220
2240.0 1816116
2240.5 1815880
2241.0 1816324
2241.5 1816036
2242.0 1816084
2242.5 1816068
2243.0 1816180
2243.5 1816148
2244.0 1816520
2244.5 1816396
2245.0 1816032
2245.5 1815968
2246.0 1816124
2246.5 1816280
2247.0 1816300
2247.5 1816408
2248.0 1816360
2248.5 1816540
2249.0 1816188
2249.5 1816236
2250.0 1816720
2250.5 1816784
2251.0 1816468
2251.5 1816120
2252.0 1816248
2252.5 1816152
2253.0 1815948
2253.5 1815808
2254.0 1815980
2254.5 1816324
2255.0 1816244
2255.5 1816656
2256.0 1816528
2256.5 1816244
2257.0 1816464
2257.5 1816084
2258.0 1816212
2258.6 1809924
2259.1 1809956
2259.6 1809956
2260.1 1809952
2260.6 1809952
2261.2 1809920
2261.7 1809920
2262.2 1809920
2262.7 1809920
2263.2 1809920
2263.7 1809920
2264.2 1809920
2264.7 1809920
2265.2 1809920
2265.7 1809920
2266.2 1809888
2266.7 1809952
2267.2 1809952
2267.7 1809952
2268.2 1809952
2268.7 1809952
2269.2 1809952
2269.7 1809952
2270.2 1809952
2270.7 1809952
2271.2 1809920
2271.7 1809920
2272.2 1809920
2272.7 1809920
2273.2 1809920
2273.7 1809920
2274.2 1809952
2274.8 1809952
2275.2 1809920
2275.8 1809920
2276.2 1809920
2276.9 1809920
2277.4 1809920
2277.9 1809920
2278.4 1809920
2278.9 1809920
2279.4 1809920
2279.9 1809920
2280.4 1815972
2280.9 1816020
2281.4 1816208
2281.9 1816288
2282.4 1815736
2282.9 1815932
2283.4 1815852
2283.9 1816056
2284.4 1815964
2284.9 1815992
2285.4 1816304
2285.9 1816524
2286.4 1816700
2286.9 1815904
2287.4 1816032
2287.9 1815716
2288.4 1816316
2288.9 1816488
2289.4 1816864
2289.9 1816156
2290.4 1816360
2290.9 1816456
2291.4 1816472
2291.9 1816376
2292.4 1816328
2292.9 1816520
2293.4 1816440
2293.9 1816236
2294.4 1816092
2294.9 1816092
2295.4 1816136
2295.9 1816136
2296.4 1816072
2296.9 1816200
2297.4 1815996
2297.9 1816180
2298.4 1815976
2298.9 1816500
2299.4 1816368
2299.9 1816040
2300.4 1816576
2300.9 1816008
2301.4 1815992
2301.9 1815976
2302.4 1815552
2302.9 1815912
2303.4 1811992
2303.9 1809948
2304.4 1809948
2304.9 1809948
2305.4 1809948
2305.9 1809948
2306.4 1809948
2306.9 1809948
2307.4 1809916
2307.9 1809916
2308.4 1809916
2308.9 1809916
2309.4 1809980
2309.9 1809980
2310.4 1809980
2310.9 1809980
2311.4 1809980
2311.9 1809980
2312.4 1809948
2312.9 1809948
2313.4 1809948
2313.9 1809948
2314.4 1809948
2314.9 1809948
2315.4 1809948
2315.9 1809948
2316.4 1809948
2316.9 1809948
2317.4 1809980
2317.9 1809980
2318.4 1809980
2318.9 1809980
2319.4 1809980
2319.9 1809980
2320.4 1809980
2320.9 1809980
2321.4 1809948
2321.9 1809948
2322.4 1809948
2322.9 1809948
2323.4 1809948
2323.9 1809980
2324.4 1809980
2324.9 1815884
2325.4 1815692
2325.9 1815644
2326.4 1816048
2326.9 1816544
2327.4 1816204
2327.9 1815968
2328.4 1815936
2328.9 1816172
2329.4 1816220
2329.9 1816532
2330.4 1816580
2330.9 1816436
2331.4 1816388
2331.9 1816280
2332.4 1816388
2332.9 1816544
2333.4 1815540
2333.9 1815664
2334.4 1815680
2334.9 1815784
2335.4 1816180
2335.9 1816636
2336.4 1816636
2336.9 1816764
2337.4 1816380
2337.9 1815880
2338.4 1816368
2338.9 1816512
2339.4 1816764
2339.9 1816568
2340.4 1816144
2340.9 1816428
2341.4 1816364
2341.9 1816208
2342.4 1816348
2342.9 1816412
2343.4 1816348
2343.9 1816364
2344.4 1816272
2344.9 1816204
2345.4 1816456
2345.9 1815744
2346.4 1816028
2346.9 1816252
2347.4 1816188
2347.9 1816092
2348.5 1810620
2349.0 1810620
2349.5 1810620
2350.0 1810620
2350.5 1810588
2351.0 1810588
2351.5 1810588
2352.0 1810588
2352.5 1810620
2353.1 1810620
2353.6 1810620
2354.1 1810620
2354.6 1810588
2355.1 1810588
2355.6 1810588
2356.1 1810588
2356.6 1810588
2357.1 1810588
2357.6 1810588
2358.1 1810588
2358.6 1810588
2359.1 1810588
2359.6 1810620
2360.1 1810620
2360.6 1810620
2361.1 1810620
2361.6 1810620
2362.1 1810620
2362.6 1810620
2363.1 1810620
2363.6 1810620
2364.1 1810620
2364.6 1810588
2365.1 1810588
2365.6 1810588
2366.1 1810588
2366.6 1810588
2367.1 1810588
2367.6 1810620
2368.1 1810620
2368.6 1810588
2369.2 1810588
2369.7 1810588
2370.2 1816196
2370.7 1816132
2371.2 1816196
2371.7 1815968
2372.2 1815968
2372.7 1815780
2373.2 1815604
2373.7 1816376
2374.2 1816124
2374.7 1816108
2375.2 1816232
2375.7 1816056
2376.2 1816248
2376.7 1816484
2377.2 1816516
2377.7 1816580
2378.2 1816420
2378.7 1816340
2379.2 1816688
2379.7 1816012
2380.2 1816396
2380.7 1816332
2381.2 1816168
2381.7 1816184
2382.2 1816500
2382.7 1815964
2383.2 1816500
2383.7 1816404
2384.2 1816200
2384.7 1816388
2385.2 1816540
2385.7 1816348
2386.2 1816844
2386.7 1816752
2387.2 1816704
2387.7 1816484
2388.2 1816076
2388.7 1816516
2389.2 1816200
2389.7 1816532
2390.2 1816744
2390.7 1816540
2391.2 1816396
2391.7 1816304
2392.2 1816460
2392.7 1816080
2393.2 1815552
2393.7 1810440
2394.2 1810440
2394.7 1810440
2395.2 1810440
2395.7 1810436
2396.2 1810436
2396.7 1810436
2397.2 1810436
2397.8 1810468
2398.3 1810468
2398.8 1810468
2399.3 1810468
2399.8 1810468
2400.3 1810468
2400.8 1810468
2401.3 1810468
2401.8 1810468
2402.3 1810468
2402.8 1810436
2403.3 1810436
2403.8 1810436
2404.3 1810436
2404.8 1810436
2405.3 1810436
2405.8 1810468
2406.3 1810468
2406.8 1810436
2407.3 1810436
2407.8 1810436
2408.3 1810436
2408.8 1810436
2409.3 1810436
2409.8 1810436
2410.3 1810436
2410.8 1810436
2411.3 1810436
2411.8 1810404
2412.3 1810468
2412.8 1810468
2413.4 1810468
2413.9 1810468
2414.4 1810468
2414.9 1810468
2415.4 1816100
2415.9 1816416
2416.4 1816408
2416.9 1816488
2417.4 1816012
2417.9 1816344
2418.4 1816424
2418.9 1816328
2419.4 1816488
2419.9 1816264
2420.4 1816320
2420.9 1816352
2421.4 1816432
2421.9 1816432
2422.4 1816432
2422.9 1816528
2423.4 1816256
2423.9 1816320
2424.4 1816304
2424.9 1816132
2425.4 1816660
2425.9 1816728
2426.4 1816436
2426.9 1816376
2427.4 1816392
2427.9 1816328
2428.4 1816264
2428.9 1816504
2429.4 1816504
2429.9 1815964
2430.4 1816112
2430.9 1816348
2431.4 1816536
2431.9 1816412
2432.4 1816696
2432.9 1816680
2433.4 1816240
2433.9 1816160
2434.4 1816096
2434.9 1816112
2435.4 1816072
2435.9 1815788
2436.4 1815552
2436.9 1816040
2437.4 1815916
2437.9 1816356
2438.4 1816688
2439.2 1810352
2439.9 1810352
2441.1 1810348
2441.8 1810348
2442.5 1810348
2443.4 1810348
2444.8 1810316
2445.6 1810316
2446.5 1810316
2447.0 1810316
2447.6 1810316
2448.8 1810348
2450.1 1810348
2451.4 1810348
2452.0 1810348
2452.8 1810316
2453.5 1810316
2454.0 1810316
2454.5 1810316
2455.0 1810316
2456.9 1810316
2457.9 1810316
2459.1 1810316
2459.6 1813560
2460.1 1816164
2460.6 1816068
2461.1 1816100
2461.6 1816464
2462.1 1816368
2462.6 1816224
2463.1 1816572
2463.6 1816320
2464.1 1816320
2464.6 1816376
2465.1 1815980
2465.6 1816344
2466.1 1815840
2466.6 1815888
2467.1 1815888
2467.6 1815840
2468.1 1815904
2468.6 1815808
2469.1 1815856
2469.6 1816196
2470.1 1816520
2470.6 1816312
2471.1 1816236
2471.6 1816156
2472.1 1816344
2472.6 1816200
2473.1 1816248
2473.6 1816264
2474.1 1816264
2474.6 1816288
2475.1 1816352
2475.6 1816288
2476.1 1816116
2476.6 1816036
2477.1 1816020
2477.6 1816228
2478.1 1816620
2478.6 1816588
2479.1 1816528
2479.6 1816392
2480.1 1816128
2480.6 1816348
2481.1 1816284
2481.6 1816648
2482.1 1816616
2482.6 1816364
2483.1 1812620
2485.0 1810256
2486.7 1810252
2487.2 1810252
2487.7 1810252
2488.7 1810252
2489.4 1810252
2490.1 1810252
2491.7 1810252
2493.7 1810220
2495.5 1810220
2497.9 1810220
2499.0 1810252
2499.5 1810252
2501.8 1810252
2502.9 1810252
2503.9 1810252
2504.5 1810252
2505.0 1815680
2505.5 1815572
2506.0 1816108
2506.5 1816472
2507.0 1816440
2507.5 1816296
2508.0 1816076
2508.5 1816028
2509.0 1816124
2509.5 1816344
2510.0 1816576
2510.5 1816088
2511.0 1816320
2511.5 1816332
2512.0 1816540
2512.5 1816364
2513.0 1816064
2513.5 1816332
2514.0 1816600
2514.5 1816316
2515.0 1816432
2515.5 1816480
2516.0 1816228
2516.5 1816208
2517.0 1816244
2517.5 1816292
2518.0 1816052
2518.5 1816304
2519.0 1816368
2519.5 1815488
2520.0 1815604
2520.5 1815636
2521.0 1816188
2521.5 1816628
2522.0 1816440
2522.5 1816204
2523.0 1816156
2523.5 1816472
2524.0 1815996
2524.5 1816312
2525.0 1816480
2525.5 1816620
2526.0 1816288
2526.5 1816272
2527.0 1816620
2527.5 1816464
2528.0 1816368
2528.5 1810456
2533.7 1810452
2534.2 1810452
2534.7 1810452
2535.5 1810452
2536.4 1810452
2536.9 1810420
2538.0 1810420
2539.7 1810420
2540.2 1810484
2540.9 1810484
2541.5 1810484
2542.3 1810484
2542.8 1810484
2543.3 1810484
2544.8 1810452
2545.8 1810452
2546.4 1810452
2549.5 1810452
2550.0 1816648
2550.5 1816592
2551.0 1816260
2551.5 1816608
2552.0 1816260
2552.5 1816340
2553.0 1816292
2553.5 1816576
2554.0 1816276
2554.5 1816228
2555.0 1816320
2555.5 1816224
2556.0 1816392
2556.5 1816120
2557.0 1816344
2557.5 1816692
2558.0 1816392
2558.5 1816216
2559.0 1816312
2559.5 1816628
2560.0 1816272
2560.5 1816240
2561.0 1816508
2561.5 1816432
2562.0 1816700
2562.5 1816384
2563.0 1816240
2563.5 1816288
2564.0 1816320
2564.5 1816700
2565.0 1816332
2565.5 1816316
2566.0 1816488
2566.5 1816284
2567.0 1816412
2567.5 1816820
2568.0 1816520
2568.5 1816696
2569.0 1816568
2569.5 1816236
2570.0 1816468
2570.5 1816028
2571.0 1816168
2571.5 1816516
2572.0 1816516
2572.5 1816596
2573.0 1816216
2574.6 1810316
2575.1 1810312
2576.0 1810312
2576.8 1810312
2577.3 1810280
2579.0 1810280
2580.5 1810280
2581.4 1810280
2582.9 1810280
2584.0 1810280
2585.1 1810280
2585.6 1810280
2586.1 1810248
2586.6 1810248
2588.4 1810312
2590.9 1810312
2591.4 1810312
2592.3 1810312
2593.3 1810312
2594.3 1810312
2594.8 1816192
2595.3 1816332
2595.8 1816600
2596.3 1816584
2596.8 1816252
2597.3 1816080
2597.8 1815732
2598.3 1816096
2598.8 1816236
2599.3 1816456
2599.8 1816324
2600.3 1816544
2600.8 1816200
2601.3 1816164
2601.8 1816452
2602.3 1816308
2602.8 1816844
2603.3 1816308
2603.8 1816400
2604.3 1816244
2604.8 1816260
2605.3 1816340
2605.8 1815264
2606.3 1815900
2606.8 1815788
2607.3 1815788
2607.8 1816212
2608.3 1816212
2608.8 1816500
2609.3 1816228
2609.8 1816460
2610.3 1816540
2610.8 1816444
2611.3 1816508
2611.8 1816556
2612.3 1816320
2612.8 1816176
2613.3 1816572
2613.8 1816396
2614.3 1816492
2614.8 1816528
2615.3 1816212
2615.8 1816672
2616.3 1816448
2616.8 1816324
2617.3 1816292
2617.8 1816512
2618.3 1810620
2619.1 1810620
2619.6 1810620
2620.1 1810616
2620.6 1810584
2622.4 1810584
2623.5 1810584
2624.7 1810616
2625.3 1810616
2627.3 1810616
2627.8 1810616
2628.3 1810584
2629.7 1810584
2630.2 1810584
2631.0 1810584
2632.7 1810584
2633.2 1810584
2633.7 1810584
2634.5 1810584
2636.4 1810552
2636.9 1810552
2637.4 1810616
2639.5 1810616
2640.0 1816288
2640.5 1815788
2641.0 1815836
2641.5 1816596
2642.0 1816152
2642.5 1815996
2643.0 1816012
2643.5 1816076
2644.0 1815980
2644.5 1816248
2645.0 1816208
2645.5 1816196
2646.0 1816228
2646.5 1816228
2647.0 1816276
2647.5 1815852
2648.0 1816040
2648.5 1816464
2649.0 1816464
2649.5 1816180
2650.0 1816092
2650.5 1815872
2651.0 1816480
2651.5 1816148
2652.0 1816260
2652.5 1816608
2653.0 1816624
2653.5 1816180
2654.0 1816040
2654.5 1816164
2655.0 1816188
2655.5 1816268
2656.0 1816424
2656.5 1815748
2657.0 1815684
2657.5 1815732
2658.0 1815888
2658.5 1816252
2659.0 1816520
2659.5 1816456
2660.0 1816480
2660.5 1816384
2661.0 1816544
2661.5 1816480
2662.0 1816132
2662.5 1816180
2663.0 1816480
2663.5 1810540
2664.0 1810540
2665.9 1810536
2666.4 1810600
2670.1 1810568
2672.0 1810568
2672.5 1810568
2674.3 1810568
2676.7 1810568
2677.2 1810568
2679.0 1810568
2679.5 1810568
2684.5 1810536
2685.0 1816280
2685.5 1816516
2686.0 1816376
2686.5 1816468
2687.0 1816404
2687.5 1816104
2688.0 1816120
2688.5 1816376
2689.0 1816484
2689.5 1816408
2690.0 1816196
2690.5 1815740
2691.0 1815140
2691.5 1815676
2692.0 1815756
2692.5 1816104
2693.0 1816056
2693.5 1815960
2694.0 1816008
2694.5 1816024
2695.0 1816080
2695.5 1815920
2696.0 1815936
2696.5 1815920
2697.0 1815952
2697.5 1816016
2698.0 1815936
2698.5 1816204
2699.0 1816220
2699.5 1816080
2700.0 1815976
2700.5 1816056
2701.0 1815960
2701.5 1816024
2702.0 1816180
2702.5 1816776
2703.0 1816380
2703.5 1816172
2704.0 1816396
2704.5 1816564
2705.0 1816796
2705.5 1816544
2706.0 1816388
2706.5 1816336
2707.0 1816260
2707.5 1816008
2708.0 1810068
2709.5 1810068
2710.0 1810068
2710.9 1810060
2711.6 1810060
2712.1 1810060
2712.8 1810028
2713.3 1810028
2713.8 1810028
2714.3 1810028
2714.8 1810060
2717.1 1810060
2717.6 1810060
2722.1 1810060
2725.7 1810028
2727.6 1810028
2728.1 1810028
2729.5 1810028
2730.0 1815700
2730.5 1815840
2731.0 1816076
2731.5 1816172
2732.0 1816052
2732.5 1816276
2733.0 1815896
2733.5 1816100
2734.0 1816228
2734.5 1815960
2735.0 1816176
2735.5 1816368
2736.0 1815624
2736.5 1815672
2737.0 1815908
2737.5 1815860
2738.0 1815988
2738.5 1815940
2739.0 1816360
2739.5 1816360
2740.0 1815468
2740.5 1815720
2741.0 1815988
2741.5 1816192
2742.0 1816348
2742.5 1816492
2743.0 1816208
2743.5 1816508
2744.0 1816080
2744.5 1816272
2745.0 1816092
2745.5 1816168
2746.0 1816216
2746.5 1816120
2747.0 1816056
2747.5 1816088
2748.0 1816420
2748.5 1816088
2749.0 1816136
2749.5 1816168
2750.0 1815940
2750.5 1816256
2751.0 1816192
2751.5 1816268
2752.0 1816240
2752.5 1816208
2753.0 1816304
2753.5 1810068
2755.4 1810060
2755.9 1810060
2756.5 1810060
2757.1 1810028
2757.6 1810092
2758.2 1810092
2758.8 1810092
2760.6 1810092
2761.1 1810092
2761.6 1810092
2762.1 1810092
2765.8 1810060
2767.6 1810060
2768.1 1810060
2770.0 1810060
2770.5 1810060
2771.0 1810060
2771.5 1810092
2772.0 1810092
2774.5 1810092
2775.0 1816200
2775.5 1816200
2776.0 1816104
2776.5 1816128
2777.0 1816540
2777.5 1816556
2778.0 1816428
2778.5 1816508
2779.0 1816412
2779.5 1816144
2780.0 1816376
2780.5 1816344
2781.0 1816344
2781.5 1816488
2782.0 1815968
2782.5 1816284
2783.0 1816044
2783.5 1816220
2784.0 1816424
2784.5 1816300
2785.0 1816228
2785.5 1815976
2786.0 1815912
2786.5 1816456
2787.0 1816424
2787.5 1816156
2788.0 1816440
2788.5 1816296
2789.0 1816488
2789.5 1816584
2790.0 1816056
2790.5 1816372
2791.0 1816832
2791.5 1816704
2792.0 1816704
2792.5 1816516
2793.0 1816372
2793.5 1816372
2794.0 1816372
2794.5 1816404
2795.0 1816192
2795.5 1816428
2796.0 1816112
2796.5 1816564
2797.0 1816168
2797.5 1816276
2798.0 1816248
2798.5 1810324
2799.0 1810324
2802.2 1810316
2802.7 1810316
2803.4 1810316
2803.9 1810316
2804.4 1810316
2806.2 1810316
2806.7 1810600
2807.2 1810600
2812.3 1810600
2812.8 1810600
2813.3 1810600
2813.8 1810600
2815.6 1810600
2817.4 1810600
2817.9 1810568
2819.5 1810568
2820.0 1816588
2820.5 1816220
2821.0 1816032
2821.5 1816364
2822.0 1816204
2822.5 1816324
2823.0 1816308
2823.5 1816448
2824.0 1816324
2824.5 1816468
2825.0 1816416
2825.5 1816116
2826.0 1816100
2826.5 1816560
2827.0 1816432
2827.5 1816400
2828.0 1816304
2828.5 1816240
2829.0 1816368
2829.5 1816416
2830.0 1816396
2830.5 1816332
2831.0 1816396
2831.5 1816364
2832.0 1816300
2832.5 1816396
2833.0 1816064
2833.5 1815908
2834.0 1816112
2834.5 1816364
2835.0 1816072
2835.5 1816276
2836.0 1815992
2836.5 1816168
2837.0 1816200
2837.5 1816152
2838.0 1816056
2838.5 1815960
2839.0 1815868
2839.5 1816200
2840.0 1816256
2840.5 1816064
2841.0 1815968
2841.5 1816332
2842.0 1816428
2842.5 1816712
2843.0 1816192
2843.5 1810140
2844.0 1810140
2844.5 1810140
2847.5 1810164
2848.0 1810164
2849.8 1810164
2853.5 1810132
2857.1 1810132
2859.0 1810132
2864.5 1810132
2865.0 1815764
2865.5 1816080
2866.0 1816380
2866.5 1816016
2867.0 1815844
2867.5 1815528
2868.0 1815608
2868.5 1816128
2869.0 1816000
2869.5 1816000
2870.0 1816676
2870.5 1816548
2871.0 1815808
2871.5 1815856
2872.0 1815712
2872.5 1816092
2873.0 1815760
2873.5 1816188
2874.0 1815272
2874.5 1815744
2875.0 1816168
2875.5 1816120
2876.0 1816056
2876.5 1815724
2877.0 1816168
2877.5 1815852
2878.0 1816420
2878.5 1815992
2879.0 1815724
2879.5 1816024
2880.0 1816020
2880.5 1816180
2881.0 1816304
2881.5 1816352
2882.0 1816100
2882.5 1815864
2883.0 1815940
2883.5 1816368
2884.0 1816304
2884.5 1816652
2885.0 1816536
2885.5 1816672
2886.0 1816624
2886.5 1816228
2887.0 1815756
2887.5 1815932
2888.0 1816088
2888.5 1809964
2889.0 1809964
2889.5 1809964
2893.7 1809924
2895.6 1809924
2897.4 1809924
2901.1 1809924
2901.6 1809924
2903.4 1809924
2907.0 1809892
2908.9 1809956
2909.4 1809956
2909.9 1809956
2910.4 1816364
2910.9 1816268
2911.4 1816600
2911.9 1816472
2912.4 1816284
2912.9 1816112
2913.4 1816300
2913.9 1816444
2914.4 1816300
2914.9 1816236
2915.4 1816208
2915.9 1816288
2916.4 1816304
2916.9 1816320
2917.4 1816336
2917.9 1816652
2918.4 1816732
2918.9 1816336
2919.4 1816444
2919.9 1816164
2920.4 1815732
2920.9 1815684
2921.4 1816244
2921.9 1816372
2922.4 1816132
2922.9 1816340
2923.4 1816404
2923.9 1816640
2924.4 1816484
2924.9 1816212
2925.4 1816440
2925.9 1816424
2926.4 1816456
2926.9 1816312
2927.4 1816328
2927.9 1816344
2928.4 1816596
2928.9 1816264
2929.4 1816360
2929.9 1816280
2930.4 1816624
2930.9 1816512
2931.4 1816608
2931.9 1816656
2932.4 1816372
2932.9 1816068
2933.4 1816576
2933.9 1810320
2935.7 1810320
2937.6 1810344
2941.2 1810312
2943.1 1810312
2945.0 1810312
2945.5 1810312
2949.1 1810312
2952.7 1810312
2953.2 1810312
2954.5 1810280
2955.0 1816624
2955.5 1816324
2956.0 1816324
2956.5 1816388
2957.0 1816276
2957.5 1816276
2958.0 1816212
2958.5 1816560
2959.0 1816436
2959.5 1816340
2960.0 1816272
2960.5 1817044
2961.0 1816400
2961.5 1816272
2962.0 1816052
2962.5 1816368
2963.0 1816368
2963.5 1816036
2964.0 1816228
2964.5 1816020
2965.0 1816176
2965.5 1816412
2966.0 1816172
2966.5 1815920
2967.0 1815796
2967.5 1815624
2968.0 1816016
2968.5 1816396
2969.0 1816348
2969.5 1816316
2970.0 1816340
2970.5 1816324
2971.0 1816168
2971.5 1816544
2972.0 1816560
2972.5 1816056
2973.0 1816356
2973.5 1816528
2974.0 1816608
2974.5 1816468
2975.0 1816700
2975.5 1816316
2976.0 1816396
2976.5 1816284
2977.0 1816284
2977.5 1816128
2978.0 1816000
2978.5 1810124
2979.0 1810124
2982.4 1810120
2984.2 1810120
2985.6 1810120
2987.5 1810120
2989.3 1810184
2991.1 1810152
2991.9 1810152
2992.5 1810152
2993.0 1810152
2993.5 1810152
2994.0 1810152
2994.5 1810152
2995.0 1810152
2995.5 1810152
2996.0 1810152
2996.5 1810120
2997.0 1810120
2997.5 1810120
2998.0 1810120
2998.5 1810152
2999.0 1810152
2999.5 1810152
3000.0 1815996
3000.5 1816516
