0.5 1883492
4.1 1883492
5.9 1883460
6.4 1883460
6.9 1883460
8.1 1883460
9.1 1883460
11.0 1883460
12.8 1883460
14.6 1883460
16.5 1883492
20.1 1883492
22.0 1883492
22.5 1883492
27.8 1883492
29.5 1883492
30.0 1889956
30.5 1890784
31.0 1890876
31.5 1891616
32.0 1891712
32.5 1891332
33.0 1891396
33.5 1891208
34.0 1890908
34.5 1890720
35.0 1891024
35.5 1891980
36.0 1892108
36.5 1891432
37.0 1892084
37.5 1891840
38.0 1891552
38.5 1891428
39.0 1891208
39.5 1891336
40.0 1892020
40.5 1892744
41.0 1892172
41.5 1891608
42.0 1891468
42.5 1891564
43.0 1891800
43.5 1891420
44.0 1891500
44.5 1891452
45.0 1891564
45.5 1891848
46.0 1891548
46.5 1891752
47.0 1891548
47.5 1891372
48.0 1891532
48.5 1891372
49.0 1891436
49.5 1891436
50.0 1891044
50.5 1890932
51.0 1890996
51.5 1885600
52.0 1885568
52.5 1885568
55.2 1885568
56.7 1885568
58.4 1885568
58.9 1885568
59.4 1885568
60.2 1885568
60.7 1885536
61.2 1885536
61.7 1885536
63.1 1885536
66.7 1885568
67.3 1885568
67.8 1885568
69.7 1885568
73.3 1885536
74.5 1885536
75.0 1891144
75.5 1891336
76.0 1891096
76.5 1891096
77.0 1890700
77.5 1891332
78.0 1891632
78.5 1891508
79.0 1891444
79.5 1891540
80.0 1891380
80.5 1891052
81.0 1890892
81.5 1891240
82.0 1891744
82.5 1891284
83.0 1891348
83.5 1891348
84.0 1891128
84.5 1891336
85.0 1891428
85.5 1891396
86.0 1891428
86.5 1891524
87.0 1891524
87.5 1891128
88.0 1890844
88.5 1890972
89.0 1890876
89.5 1891568
90.0 1891524
90.5 1891680
91.0 1891444
91.5 1891496
92.0 1891428
92.5 1891444
93.0 1891144
93.5 1890640
94.0 1890560
94.5 1890972
95.0 1890972
95.5 1890924
96.0 1891084
96.5 1891108
97.0 1885540
98.2 1885540
103.6 1885604
107.2 1885604
111.4 1885604
112.4 1885604
112.9 1885604
114.7 1885572
115.5 1885572
117.3 1885572
117.9 1885572
119.5 1885572
120.0 1891500
120.5 1891248
121.0 1891420
121.5 1891264
122.0 1891816
122.5 1891184
123.0 1891152
123.5 1891292
124.0 1891088
124.5 1891704
125.0 1891472
125.5 1891612
126.0 1891596
126.5 1891124
127.0 1890856
127.5 1890872
128.0 1891188
128.5 1891488
129.0 1891488
129.5 1891552
130.0 1891612
130.5 1891356
131.0 1891688
131.5 1891308
132.0 1891468
132.5 1891816
133.0 1891640
133.5 1891012
134.0 1891744
134.5 1891728
135.0 1891520
135.5 1891724
136.0 1891376
136.5 1891536
137.0 1891536
137.5 1891204
138.0 1891236
138.5 1891236
139.0 1891060
139.5 1891124
140.0 1891736
140.5 1891248
141.0 1890836
141.5 1890852
142.0 1884856
143.9 1884888
144.4 1884888
146.2 1884888
146.7 1884856
147.2 1884856
147.7 1884856
150.2 1884856
150.7 1884856
154.0 1884856
156.0 1884856
156.5 1884856
157.0 1884856
157.5 1884824
158.0 1884888
158.5 1884888
159.0 1884888
159.5 1884888
163.9 1884888
164.4 1884888
164.9 1890956
165.4 1890924
165.9 1891168
166.4 1891404
166.9 1891736
167.4 1891624
167.9 1890724
168.4 1890808
168.9 1891044
169.4 1890884
169.9 1890816
170.4 1891244
170.9 1891320
171.4 1891512
171.9 1891952
172.4 1891352
172.9 1891588
173.4 1891540
173.9 1891892
174.4 1891180
174.9 1891460
175.4 1891396
175.9 1891208
176.4 1891872
176.9 1891760
177.4 1891760
177.9 1891916
178.4 1891380
178.9 1891492
179.4 1892092
179.9 1891668
180.4 1891556
180.9 1891796
181.4 1891700
181.9 1891668
182.4 1891732
182.9 1891748
183.4 1891508
183.9 1891684
184.4 1891700
184.9 1891716
185.4 1891228
185.9 1891116
186.4 1891304
186.9 1885592
187.4 1885624
190.7 1885620
191.2 1885588
193.0 1885588
194.9 1885588
196.7 1885588
197.2 1885588
197.7 1885588
198.2 1885588
198.7 1885588
199.7 1885556
200.2 1885556
202.1 1885556
203.9 1885620
204.9 1885620
206.8 1885620
208.6 1885620
209.1 1885620
209.6 1887804
210.1 1891232
210.6 1891152
211.1 1891088
211.6 1890964
212.1 1891356
212.6 1891200
213.1 1891088
213.6 1891184
214.1 1891356
214.6 1891132
215.1 1890848
215.6 1890644
216.1 1890612
216.6 1891164
217.1 1891384
217.6 1891512
218.1 1891716
218.6 1891320
219.1 1891276
219.6 1891160
220.1 1891064
220.6 1891460
221.1 1891412
221.6 1891068
222.1 1890908
222.6 1890972
223.1 1891020
223.6 1891144
224.1 1891460
224.6 1891544
225.1 1891436
225.6 1891640
226.1 1891324
226.6 1891088
227.1 1891088
227.6 1891388
228.1 1891528
228.6 1891688
229.1 1891656
229.6 1891704
230.1 1891936
230.6 1891668
231.1 1891572
231.6 1891604
232.1 1885300
232.6 1885332
236.2 1885328
238.0 1885296
239.9 1885296
240.9 1885296
242.7 1885296
249.3 1885296
249.8 1885296
251.6 1885264
253.4 1885264
253.9 1885264
254.4 1885328
254.9 1885328
255.4 1891468
255.9 1891356
256.4 1891468
256.9 1891656
257.4 1891892
257.9 1891752
258.4 1891356
258.9 1891088
259.4 1891720
259.9 1891784
260.4 1891640
260.9 1891484
261.4 1891564
261.9 1891720
262.4 1891608
262.9 1891688
263.4 1891624
263.9 1891736
264.4 1891704
264.9 1891452
265.4 1890880
265.9 1890896
266.4 1890880
266.9 1890596
267.4 1890676
267.9 1890596
268.4 1890660
268.9 1890580
269.4 1890708
269.9 1890660
270.4 1890492
270.9 1890824
271.4 1890776
271.9 1890728
272.4 1890856
272.9 1890920
273.4 1891000
273.9 1890776
274.4 1890968
274.9 1891156
275.4 1891640
275.9 1891924
276.4 1891420
276.9 1891656
277.4 1885700
281.1 1885696
281.6 1885696
286.9 1885696
288.7 1885696
292.4 1885664
294.2 1885664
294.7 1885664
295.2 1885664
296.1 1885696
296.6 1885696
299.5 1885696
300.0 1891708
300.5 1891660
301.0 1891552
301.5 1891360
302.0 1891876
302.5 1892188
303.0 1891604
303.5 1891796
304.0 1891872
304.5 1891700
305.0 1891712
305.5 1891712
306.0 1891776
306.5 1891364
307.0 1891096
307.5 1891760
308.0 1891504
308.5 1891632
309.0 1891760
309.5 1891760
310.0 1891704
310.5 1891860
311.0 1891876
311.5 1891784
312.0 1892096
312.5 1891260
313.0 1891752
313.5 1891752
314.0 1891496
314.5 1891608
315.0 1892296
315.5 1891552
316.0 1891772
316.5 1891836
317.0 1891788
317.5 1891456
318.0 1891600
318.5 1891772
319.0 1891724
319.5 1891676
320.0 1891804
320.5 1891756
321.0 1891548
321.5 1891456
322.0 1885532
324.7 1885516
325.2 1885516
325.7 1885480
326.2 1885480
326.7 1885480
328.6 1885480
329.1 1885480
330.4 1885480
330.9 1885480
331.4 1885480
331.9 1885448
333.7 1885448
334.2 1885512
334.7 1885512
335.2 1885512
337.5 1885512
338.4 1885512
338.9 1885512
339.4 1885512
340.1 1885480
340.6 1885480
341.1 1885480
341.6 1885480
344.5 1885480
345.0 1890900
345.5 1891136
346.0 1891120
346.5 1891200
347.0 1891592
347.5 1891672
348.0 1891356
348.5 1891496
349.0 1891708
349.5 1891608
350.0 1891684
350.5 1891460
351.0 1891776
351.5 1891540
352.0 1891620
352.5 1891416
353.0 1891524
353.5 1891208
354.0 1891668
354.5 1891604
355.0 1890984
355.5 1891600
356.0 1891740
356.5 1891632
357.0 1891792
357.5 1891916
358.0 1891916
358.5 1891788
359.0 1891632
359.5 1891444
360.0 1891976
360.5 1891108
361.0 1891772
361.5 1891992
362.0 1891928
362.5 1891580
363.0 1891376
363.5 1891660
364.0 1892152
364.5 1891960
365.0 1891940
365.5 1892224
366.0 1891544
366.5 1891860
367.0 1885476
367.5 1885476
368.0 1885540
368.5 1885540
374.6 1885536
375.1 1885536
375.6 1885536
377.4 1885536
377.9 1885536
379.1 1885504
379.6 1885504
380.1 1885504
380.6 1885504
381.1 1885504
381.6 1885504
383.0 1885568
383.5 1885568
384.0 1885536
384.9 1885536
385.6 1885536
386.1 1885536
386.6 1885536
387.1 1885536
387.6 1885536
388.1 1885536
389.5 1885536
390.0 1891596
390.5 1891676
391.0 1891580
391.5 1891312
392.0 1891740
392.5 1891564
393.0 1891740
393.5 1891668
394.0 1891588
394.5 1891604
395.0 1891652
395.5 1891620
396.0 1891604
396.5 1891572
397.0 1891588
397.5 1892048
398.0 1892080
398.5 1891812
399.0 1891496
399.5 1891540
400.0 1891552
400.5 1891980
401.0 1891600
401.5 1891508
402.0 1892232
402.5 1891600
403.0 1891584
403.5 1891740
404.0 1891664
404.5 1891664
405.0 1891444
405.5 1891428
406.0 1891380
406.5 1890940
407.0 1891080
407.5 1891616
408.0 1891916
408.5 1891884
409.0 1891728
409.5 1891712
410.0 1891192
410.5 1891160
411.0 1891332
411.5 1891616
412.0 1885684
413.5 1885748
414.0 1885748
414.5 1885748
417.5 1885716
419.3 1885716
421.2 1885716
421.7 1885716
422.2 1885716
422.7 1885716
424.5 1885684
425.5 1885684
426.0 1885684
427.9 1885684
429.7 1885716
433.4 1885716
433.9 1885716
434.5 1885716
435.0 1891284
435.5 1891404
436.0 1891448
436.5 1891592
437.0 1891876
437.5 1891560
438.0 1891452
438.5 1891496
439.0 1892524
439.5 1891436
440.0 1891580
440.5 1891436
441.0 1891672
441.5 1891544
442.0 1891436
442.5 1891388
443.0 1891420
443.5 1891372
444.0 1891292
444.5 1891656
445.0 1891344
445.5 1891408
446.0 1891408
446.5 1891140
447.0 1890620
447.5 1890700
448.0 1890652
448.5 1890716
449.0 1891200
449.5 1891644
450.0 1891172
450.5 1891440
451.0 1891392
451.5 1891896
452.0 1891992
452.5 1891660
453.0 1891628
453.5 1891644
454.0 1891028
454.5 1891296
455.0 1890960
455.5 1891148
456.0 1891084
456.5 1891416
457.0 1885308
457.5 1885308
459.4 1885308
463.0 1885276
466.6 1885276
468.5 1885276
469.0 1885276
470.9 1885276
472.7 1885276
474.6 1885276
479.5 1885308
480.0 1891376
480.5 1891028
481.0 1892096
481.5 1891376
482.0 1893248
482.5 1892396
483.0 1891896
483.5 1891676
484.0 1892072
484.5 1891564
485.0 1891056
485.5 1891324
486.0 1891836
486.5 1891064
487.0 1891892
487.5 1891512
488.0 1891624
488.5 1891560
489.0 1891844
489.5 1891592
490.0 1891848
490.5 1891036
491.0 1891300
491.5 1891064
492.0 1891344
492.5 1891564
493.0 1891896
493.5 1891564
494.0 1891580
494.5 1891724
495.0 1891592
495.5 1891640
496.0 1891984
496.5 1891892
497.0 1891656
497.5 1891592
498.0 1891624
498.5 1891656
499.0 1891592
499.5 1891704
500.0 1891484
500.5 1891688
501.0 1891196
501.5 1889576
502.0 1885676
502.9 1885644
503.4 1885644
503.9 1885644
505.8 1885640
506.3 1885640
508.1 1885640
508.6 1885640
511.1 1885640
511.6 1885608
512.8 1885608
516.4 1885608
518.3 1885608
520.2 1885640
522.0 1885640
522.5 1885640
523.0 1885640
523.5 1885608
524.2 1885608
524.7 1893012
525.2 1891628
525.7 1891564
526.2 1891692
526.7 1891516
527.2 1891832
527.7 1891340
528.2 1891612
528.7 1891540
529.2 1891572
529.7 1891708
530.2 1891680
530.7 1891884
531.2 1891440
531.7 1891488
532.2 1891456
532.7 1891676
533.2 1891488
533.7 1891680
534.2 1891568
534.7 1891896
535.2 1891580
535.7 1891548
536.2 1891660
536.7 1891612
537.2 1891564
537.7 1891516
538.2 1891520
538.7 1891028
539.2 1891376
539.7 1891192
540.2 1891572
540.7 1891492
541.2 1891604
541.7 1891276
542.2 1891532
542.7 1891420
543.2 1891612
543.7 1891532
544.2 1891784
544.7 1891856
545.2 1891492
545.7 1891548
546.2 1891724
546.7 1886848
547.2 1885416
547.7 1885416
549.6 1885416
551.4 1885412
553.3 1885412
555.1 1885444
555.6 1885444
557.4 1885444
564.6 1885412
568.4 1885412
569.5 1885412
570.0 1891284
570.5 1891364
571.0 1891220
571.5 1891112
572.0 1891188
572.5 1891268
573.0 1891236
573.5 1891380
574.0 1891428
574.5 1891316
575.0 1891412
575.5 1891348
576.0 1890936
576.5 1891284
577.0 1891444
577.5 1891284
578.0 1890984
578.5 1890704
579.0 1890804
579.5 1890960
580.0 1891068
580.5 1890972
581.0 1891480
581.5 1891492
582.0 1891476
582.5 1891588
583.0 1891256
583.5 1890956
584.0 1891272
584.5 1890752
585.0 1890908
585.5 1890700
586.0 1891016
586.5 1890952
587.0 1891112
587.5 1891332
588.0 1891300
588.5 1891204
589.0 1891836
589.5 1891532
590.0 1891628
590.5 1891564
591.0 1891768
591.5 1891436
593.6 1885456
594.1 1885456
594.6 1885456
596.5 1885452
597.8 1885452
598.9 1885452
599.4 1885452
602.9 1885420
603.4 1885420
604.6 1885420
605.1 1885420
608.1 1885484
610.4 1885484
612.3 1885484
614.5 1885484
615.0 1891696
615.5 1891804
616.0 1891732
616.5 1891608
617.0 1891512
617.5 1891388
618.0 1891164
618.5 1891228
619.0 1891228
619.5 1890948
620.0 1891020
620.5 1890924
621.0 1890832
621.5 1891336
622.0 1891588
622.5 1891556
623.0 1891824
623.5 1891444
624.0 1891744
624.5 1891540
625.0 1892048
625.5 1891272
626.0 1891224
626.5 1891588
627.0 1891636
627.5 1891444
628.0 1891652
628.5 1891652
629.0 1891508
629.5 1891556
630.0 1891376
630.5 1891284
631.0 1891332
631.5 1891456
632.0 1891456
632.5 1891520
633.0 1891536
633.5 1891228
634.0 1891496
634.5 1891148
635.0 1891772
635.5 1891816
636.0 1891468
636.5 1891596
637.0 1884984
637.5 1884984
639.3 1884984
639.8 1884984
641.7 1884948
643.5 1884948
647.1 1884948
649.0 1884948
649.5 1884948
653.1 1884948
655.1 1884980
657.0 1884980
659.5 1884980
660.0 1891356
660.5 1890880
661.0 1891340
661.5 1891164
662.0 1891340
662.5 1891480
663.0 1891380
663.5 1891236
664.0 1891476
664.5 1891536
665.0 1891940
665.5 1891576
666.0 1891244
666.5 1891212
667.0 1891292
667.5 1891228
668.0 1891036
668.5 1891736
669.0 1891464
669.5 1892016
670.0 1891384
670.5 1891132
671.0 1890624
671.5 1890988
672.0 1891588
672.5 1891652
673.0 1891776
673.5 1891828
674.0 1891460
674.5 1891620
675.0 1891200
675.5 1891356
676.0 1891532
676.5 1891484
677.0 1891596
677.5 1891248
678.0 1891296
678.5 1891120
679.0 1891436
679.5 1891548
680.0 1891820
680.5 1892196
681.0 1892200
681.5 1892152
682.0 1885320
683.9 1885320
684.4 1885320
684.9 1885320
685.4 1885320
689.1 1885312
689.6 1885312
692.6 1885280
694.4 1885280
696.3 1885344
696.8 1885344
700.5 1885344
701.0 1885344
701.5 1885344
703.3 1885312
704.5 1885312
705.0 1891472
705.5 1891464
706.0 1891748
706.5 1891368
707.0 1891528
707.5 1891576
708.0 1891180
708.5 1891308
709.0 1891448
709.5 1891544
710.0 1891932
710.5 1891616
711.0 1891536
711.5 1891520
712.0 1891496
712.5 1891316
713.0 1891756
713.5 1892136
714.0 1891456
714.5 1892104
715.0 1891864
715.5 1891468
716.0 1891392
716.5 1890932
717.0 1891012
717.5 1891204
718.0 1890880
718.5 1891612
719.0 1891800
719.5 1891200
720.0 1891572
720.5 1891792
721.0 1891856
721.5 1892012
722.0 1892544
722.5 1891412
723.0 1891808
723.5 1891636
724.0 1891320
724.5 1890816
725.0 1890808
725.5 1890944
726.0 1891464
726.5 1892332
727.0 1885744
727.5 1885712
728.3 1885712
730.1 1885712
731.1 1885708
731.6 1885708
733.5 1885708
734.0 1885708
734.5 1885708
735.6 1885708
737.4 1885676
738.7 1885676
739.4 1885676
739.9 1885708
743.5 1885708
744.0 1885708
744.5 1885708
746.4 1885708
746.9 1885676
749.1 1885676
749.6 1885676
750.1 1891744
750.6 1892340
751.1 1892028
751.6 1891696
752.1 1892124
752.6 1891552
753.1 1891396
753.6 1891980
754.1 1891884
754.6 1891632
755.1 1891360
755.6 1891832
756.1 1892528
756.6 1892136
757.1 1892388
757.6 1891580
758.1 1892116
758.6 1892180
759.1 1892072
759.6 1891912
760.1 1891828
760.6 1892116
761.1 1891796
761.6 1891200
762.1 1891468
762.6 1891168
763.1 1891168
763.6 1891372
764.1 1891216
764.6 1891436
765.1 1891448
765.6 1891324
766.1 1891228
766.6 1891416
767.1 1891780
767.6 1892192
768.1 1891636
768.6 1891780
769.1 1891856
769.6 1891748
770.1 1891980
770.6 1891916
771.1 1891900
771.6 1887720
772.1 1885464
773.9 1885464
775.8 1885460
777.0 1885460
778.3 1885492
780.2 1885492
780.7 1885492
784.7 1885460
785.2 1885460
786.7 1885460
788.9 1885460
790.7 1885460
791.2 1885460
793.1 1885460
794.5 1885460
795.0 1891752
795.5 1891880
796.0 1891360
796.5 1891596
797.0 1891768
797.5 1891848
798.0 1891976
798.5 1891404
799.0 1891684
799.5 1891780
800.0 1892028
800.5 1891712
801.0 1891900
801.5 1891820
802.0 1891760
802.5 1891852
803.0 1891648
803.5 1891600
804.0 1891712
804.5 1891648
805.0 1891676
805.5 1891580
806.0 1891708
806.5 1891264
807.0 1891312
807.5 1891376
808.0 1890824
808.5 1891472
809.0 1891124
809.5 1891124
810.0 1890820
810.5 1891244
811.0 1891672
811.5 1891592
812.0 1891848
812.5 1891796
813.0 1891860
813.5 1891908
814.0 1891860
814.5 1891816
815.0 1891556
815.5 1891888
816.0 1891824
816.5 1891556
817.0 1885812
818.8 1885812
819.3 1885812
820.3 1885776
820.8 1885776
822.6 1885776
824.3 1885776
824.8 1885776
825.3 1885776
825.9 1885776
826.8 1885808
827.3 1885776
827.8 1885776
828.4 1885776
828.9 1885776
829.4 1885776
830.9 1885776
831.4 1885776
832.3 1885776
832.8 1885776
834.3 1885744
834.9 1885808
835.4 1885808
835.9 1885808
836.4 1885808
836.9 1885808
837.4 1885808
837.9 1885808
839.0 1885808
839.5 1885776
840.0 1885776
840.5 1892128
841.0 1891844
841.5 1891656
842.0 1891656
842.5 1891572
843.0 1891080
843.5 1891492
844.0 1892028
844.5 1891792
845.0 1891776
845.5 1891764
846.0 1891936
846.5 1891840
847.0 1891952
847.5 1892268
848.0 1891904
848.5 1891732
849.0 1891952
849.5 1891700
850.0 1892456
850.5 1892236
851.0 1892692
851.5 1892092
852.0 1891648
852.5 1891888
853.0 1891748
853.5 1891684
854.0 1891700
854.5 1891460
855.0 1891684
855.5 1891680
856.0 1891932
856.5 1891696
857.0 1891696
857.5 1891728
858.0 1892200
858.5 1891900
859.0 1891788
859.5 1891948
860.0 1891468
860.5 1891400
861.0 1891496
861.5 1891400
862.0 1892252
862.5 1885972
866.1 1885940
866.6 1885936
867.5 1885936
869.3 1885968
871.4 1885968
871.9 1885968
874.3 1885968
874.8 1885968
876.8 1885936
877.3 1885936
879.4 1885936
879.9 1885936
884.5 1885936
885.0 1891720
885.5 1891892
886.0 1891940
886.5 1891956
887.0 1892052
887.5 1891672
888.0 1891592
888.5 1891876
889.0 1892160
889.5 1891720
890.0 1891860
890.5 1891624
891.0 1891672
891.5 1891924
892.0 1891924
892.5 1891876
893.0 1891416
893.5 1891576
894.0 1891876
894.5 1891860
895.0 1891852
895.5 1891268
896.0 1891664
896.5 1891380
897.0 1891412
897.5 1891412
898.0 1891712
898.5 1891568
899.0 1891380
899.5 1891568
900.0 1891596
900.5 1891628
901.0 1891408
901.5 1891564
902.0 1891532
902.5 1891592
903.0 1891216
903.5 1891280
904.0 1891328
904.5 1891524
905.0 1891816
905.5 1892036
906.0 1891880
906.5 1890204
907.0 1886076
910.6 1886072
911.2 1886072
913.1 1886072
918.6 1886040
920.5 1886040
921.0 1886040
921.5 1886040
922.0 1886040
922.5 1886040
923.4 1886040
927.1 1886104
929.1 1886072
929.6 1890104
930.1 1891544
930.6 1892144
931.1 1892280
931.6 1891820
932.1 1891800
932.6 1891356
933.1 1891624
933.6 1891780
934.1 1891812
934.6 1891612
935.1 1891868
935.6 1891648
936.1 1891664
936.6 1891600
937.1 1891664
937.6 1891648
938.1 1891632
938.6 1892012
939.1 1891820
939.6 1891804
940.1 1891772
940.6 1891740
941.1 1891772
941.6 1891396
942.1 1891332
942.6 1891380
943.1 1891396
943.6 1891568
944.1 1891980
944.6 1891592
945.1 1891860
945.6 1892140
946.1 1891764
946.6 1891828
947.1 1891956
947.6 1892036
948.1 1891940
948.6 1891940
949.1 1891780
949.6 1891688
950.1 1891768
950.6 1891976
951.1 1891692
951.6 1890364
952.1 1885892
952.6 1885892
954.5 1885892
956.8 1885888
958.7 1885888
960.5 1885920
961.0 1885920
961.5 1885920
965.6 1885888
966.1 1885888
966.6 1885888
967.1 1885888
972.7 1885888
974.5 1885888
975.0 1891804
975.5 1891756
976.0 1891820
976.5 1891652
977.0 1891828
977.5 1891308
978.0 1891168
978.5 1890928
979.0 1891008
979.5 1891120
980.0 1891004
980.5 1891456
981.0 1891424
981.5 1891124
982.0 1891408
982.5 1892052
983.0 1891928
983.5 1891880
984.0 1891532
984.5 1891864
985.0 1891608
985.5 1891656
986.0 1891544
986.5 1891892
987.0 1891908
987.5 1891748
988.0 1891748
988.5 1891748
989.0 1891972
989.5 1892268
990.0 1891888
990.5 1891856
991.0 1891888
991.5 1892076
992.0 1891840
992.5 1892140
993.0 1892076
993.5 1891492
994.0 1891888
994.5 1891808
995.0 1891804
995.5 1892028
996.0 1891728
996.5 1891948
997.0 1885744
997.5 1885744
998.0 1885744
998.5 1885744
999.0 1885712
999.5 1885712
1000.0 1885712
1001.9 1885708
1002.4 1885708
1004.2 1885740
1006.3 1885740
1007.2 1885740
1007.7 1885708
1009.5 1885708
1011.3 1885708
1011.8 1885708
1013.6 1885708
1015.5 1885708
1019.2 1885708
1019.7 1885708
1020.2 1891756
1020.7 1892020
1021.2 1891644
1021.7 1891116
1022.2 1891716
1022.7 1892060
1023.2 1891636
1023.7 1891604
1024.2 1891540
1024.7 1891652
1025.2 1892120
1025.7 1891836
1026.2 1891488
1026.7 1891364
1027.2 1891332
1027.7 1891136
1028.2 1891308
1028.7 1891496
1029.2 1891812
1029.7 1891972
1030.2 1891576
1030.7 1891716
1031.2 1891928
1031.7 1891820
1032.2 1891804
1032.7 1892136
1033.2 1892168
1033.7 1891948
1034.2 1891680
1034.7 1892120
1035.2 1891884
1035.7 1891680
1036.2 1891776
1036.7 1891884
1037.2 1891616
1037.7 1891536
1038.2 1891504
1038.7 1891576
1039.2 1891488
1039.7 1891568
1040.2 1892340
1040.7 1891820
1041.2 1892168
1041.7 1892112
1042.5 1885800
1043.0 1885800
1043.5 1885800
1044.0 1885768
1044.8 1885768
1046.5 1885768
1048.3 1885768
1050.2 1885800
1052.5 1885800
1054.3 1885800
1056.6 1885768
1057.4 1885768
1060.5 1885768
1061.0 1885768
1062.5 1885768
1063.6 1885768
1064.5 1885768
1065.0 1891600
1065.5 1891648
1066.0 1891600
1066.5 1891868
1067.0 1891676
1067.5 1891772
1068.0 1891632
1068.5 1891932
1069.0 1891268
1069.5 1891428
1070.0 1891836
1070.5 1891756
1071.0 1891692
1071.5 1892184
1072.0 1891836
1072.5 1891772
1073.0 1891472
1073.5 1891804
1074.0 1891836
1074.5 1891820
1075.0 1891812
1075.5 1891908
1076.0 1892252
1076.5 1891876
1077.0 1891480
1077.5 1891876
1078.0 1891780
1078.5 1892048
1079.0 1891748
1079.5 1891828
1080.0 1892104
1080.5 1891648
1081.0 1891916
1081.5 1891900
1082.0 1891932
1082.5 1891852
1083.0 1891600
1083.5 1891412
1084.0 1891348
1084.5 1891476
1085.0 1891332
1085.5 1891284
1086.0 1891316
1086.5 1891428
1088.1 1885208
1088.6 1885208
1090.1 1885176
1092.2 1885176
1094.1 1885176
1098.0 1885176
1100.2 1885176
1101.0 1885176
1103.0 1885176
1104.1 1885208
1105.8 1885208
1106.3 1885208
1107.3 1885208
1108.0 1885208
1109.5 1885208
1110.0 1891988
1110.5 1891892
1111.0 1891672
1111.5 1891544
1112.0 1891908
1112.5 1891988
1113.0 1891956
1113.5 1891876
1114.0 1892160
1114.5 1891844
1115.0 1891748
1115.5 1891828
1116.0 1891940
1116.5 1891892
1117.0 1891844
1117.5 1891828
1118.0 1892224
1118.5 1892032
1119.0 1892176
1119.5 1891816
1120.0 1891568
1120.5 1891520
1121.0 1891408
1121.5 1891632
1122.0 1891708
1122.5 1891356
1123.0 1890912
1123.5 1891356
1124.0 1891464
1124.5 1891228
1125.0 1891520
1125.5 1891692
1126.0 1891552
1126.5 1890820
1127.0 1891576
1127.5 1891352
1128.0 1891544
1128.5 1891684
1129.0 1891764
1129.5 1892364
1130.0 1891732
1130.5 1891828
1131.0 1892048
1131.5 1892032
1133.4 1885532
1135.1 1885532
1137.3 1885564
1139.1 1885532
1140.1 1885532
1145.0 1885532
1145.9 1885532
1148.7 1885532
1149.2 1885532
1151.7 1885532
1153.7 1885500
1154.2 1885500
1154.7 1892968
1155.2 1890968
1155.7 1891140
1156.2 1891268
1156.7 1891960
1157.2 1891732
1157.7 1891876
1158.2 1891528
1158.7 1892756
1159.2 1892268
1159.7 1891840
1160.2 1891984
1160.7 1892224
1161.2 1891748
1161.7 1891512
1162.2 1892048
1162.7 1891592
1163.2 1891072
1163.7 1891244
1164.2 1891796
1164.7 1891576
1165.2 1891984
1165.7 1891988
1166.2 1891872
1166.7 1891828
1167.2 1892112
1167.7 1892048
1168.2 1891780
1168.7 1891588
1169.2 1891936
1169.7 1891676
1170.2 1891944
1170.7 1891884
1171.2 1892152
1171.7 1891708
1172.2 1891552
1172.7 1891584
1173.2 1891536
1173.7 1891396
1174.2 1891268
1174.7 1891204
1175.2 1891616
1175.7 1891836
1176.2 1891836
1176.7 1885760
1177.9 1885728
1179.7 1885728
1180.3 1885728
1181.5 1885728
1183.3 1885760
1183.9 1885760
1184.5 1885760
1185.0 1885760
1187.6 1885728
1189.5 1885728
1190.9 1885728
1191.5 1885728
1192.8 1885728
1194.3 1885728
1198.7 1885728
1199.5 1885728
1200.0 1891804
1200.5 1891796
1201.0 1891796
1201.5 1891496
1202.0 1891496
1202.5 1891840
1203.0 1891812
1203.5 1891732
1204.0 1891796
1204.5 1891700
1205.0 1891716
1205.5 1891764
1206.0 1891936
1206.5 1891716
1207.0 1891780
1207.5 1891448
1208.0 1891372
1208.5 1891088
1209.0 1891072
1209.5 1890880
1210.0 1891260
1210.5 1891228
1211.0 1891480
1211.5 1891544
1212.0 1891292
1212.5 1891132
1213.0 1891196
1213.5 1891544
1214.0 1891288
1214.5 1891900
1215.0 1891660
1215.5 1891852
1216.0 1892136
1216.5 1891960
1217.0 1891472
1217.5 1891536
1218.0 1891424
1218.5 1891756
1219.0 1891756
1219.5 1891568
1220.0 1891684
1220.5 1891876
1221.0 1891636
1221.5 1891668
1222.0 1891748
1222.5 1891876
1223.0 1885696
1224.9 1885696
1226.8 1885696
1228.3 1885728
1229.3 1885728
1231.8 1885728
1233.5 1885728
1235.1 1885696
1236.0 1885696
1236.9 1885696
1238.7 1885696
1240.7 1885696
1241.2 1885696
1242.8 1885696
1243.3 1885696
1244.5 1885728
1245.0 1891352
1245.5 1891316
1246.0 1891156
1246.5 1891300
1247.0 1891236
1247.5 1891504
1248.0 1892196
1248.5 1891788
1249.0 1891884
1249.5 1892024
1250.0 1891804
1250.5 1891708
1251.0 1891948
1251.5 1891520
1252.0 1891804
1252.5 1891600
1253.0 1891488
1253.5 1891472
1254.0 1891536
1254.5 1891568
1255.0 1891700
1255.5 1891732
1256.0 1891748
1256.5 1891828
1257.0 1891544
1257.5 1891496
1258.0 1891844
1258.5 1891732
1259.0 1891528
1259.5 1891936
1260.0 1891576
1260.5 1891668
1261.0 1891592
1261.5 1892140
1262.0 1891624
1262.5 1891576
1263.0 1891860
1263.5 1891812
1264.0 1891260
1264.5 1891608
1265.0 1891388
1265.5 1891292
1266.0 1891244
1266.5 1890912
1267.0 1890820
1267.5 1891576
1268.0 1885832
1269.8 1885800
1271.7 1885800
1273.3 1885800
1273.8 1885800
1274.3 1885800
1276.8 1885832
1277.9 1885832
1278.4 1885832
1279.2 1885800
1282.5 1885800
1286.1 1885800
1287.6 1885800
1289.5 1885800
1290.0 1891624
1290.5 1891764
1291.0 1891780
1291.5 1891684
1292.0 1891684
1292.5 1891844
1293.0 1891780
1293.5 1891828
1294.0 1891780
1294.5 1891764
1295.0 1891764
1295.5 1891748
1296.0 1891828
1296.5 1891512
1297.0 1891732
1297.5 1891876
1298.0 1891616
1298.5 1891748
1299.0 1891432
1299.5 1891260
1300.0 1891780
1300.5 1891724
1301.0 1891960
1301.5 1892136
1302.0 1891852
1302.5 1891660
1303.0 1891836
1303.5 1891392
1304.0 1891300
1304.5 1891380
1305.0 1891300
1305.5 1891032
1306.0 1891300
1306.5 1891632
1307.0 1891456
1307.5 1891804
1308.0 1891772
1308.5 1892072
1309.0 1892056
1309.5 1891852
1310.0 1891756
1310.5 1891740
1311.0 1891740
1311.5 1891740
1312.0 1891952
1312.5 1891804
1314.1 1885904
1315.9 1885904
1317.0 1885904
1317.5 1885904
1318.0 1885904
1319.8 1885872
1320.8 1885872
1321.3 1885872
1322.6 1885872
1324.4 1885904
1326.3 1885904
1326.8 1885904
1330.3 1885872
1330.9 1885872
1331.5 1885872
1332.0 1885872
1333.7 1885872
1334.4 1885872
1334.9 1892208
1335.4 1891844
1335.9 1891748
1336.4 1891988
1336.9 1891968
1337.4 1891812
1337.9 1891892
1338.4 1891876
1338.9 1891748
1339.4 1891528
1339.9 1891624
1340.4 1891624
1340.9 1891716
1341.4 1891656
1341.9 1891672
1342.4 1891464
1342.9 1891640
1343.4 1891496
1343.9 1891608
1344.4 1891276
1344.9 1891116
1345.4 1891844
1345.9 1891844
1346.4 1891480
1346.9 1891796
1347.4 1891844
1347.9 1892080
1348.4 1891732
1348.9 1891796
1349.4 1891828
1349.9 1891924
1350.4 1891860
1350.9 1891624
1351.4 1891764
1351.9 1891416
1352.4 1891956
1352.9 1891968
1353.4 1891512
1353.9 1891420
1354.4 1891024
1354.9 1891088
1355.4 1891276
1355.9 1891116
1356.4 1891276
1356.9 1891244
1357.4 1891276
1357.9 1886028
1361.6 1885548
1362.8 1885548
1363.5 1885580
1366.3 1885580
1367.0 1885580
1368.6 1885580
1370.5 1885580
1372.3 1885580
1373.3 1885580
1375.1 1885548
1375.6 1885548
1376.7 1885548
1378.5 1885548
1379.5 1885548
1380.0 1891656
1380.5 1891400
1381.0 1891560
1381.5 1891624
1382.0 1891512
1382.5 1891764
1383.0 1891936
1383.5 1891576
1384.0 1891372
1384.5 1891416
1385.0 1891668
1385.5 1891528
1386.0 1891700
1386.5 1891828
1387.0 1891892
1387.5 1892112
1388.0 1891700
1388.5 1891812
1389.0 1892064
1389.5 1891448
1390.0 1891780
1390.5 1891936
1391.0 1891652
1391.5 1891700
1392.0 1891700
1392.5 1891748
1393.0 1891416
1393.5 1892124
1394.0 1892032
1394.5 1891780
1395.0 1891732
1395.5 1892080
1396.0 1891748
1396.5 1892048
1397.0 1891520
1397.5 1891464
1398.0 1891432
1398.5 1891416
1399.0 1892128
1399.5 1891860
1400.0 1891860
1400.5 1891780
1401.0 1891464
1401.5 1891908
1402.0 1885728
1402.9 1885728
1403.4 1885728
1404.4 1885728
1407.9 1885728
1409.7 1885696
1412.5 1885696
1413.2 1885696
1415.1 1885760
1416.9 1885760
1419.0 1885760
1420.9 1885760
1422.8 1885760
1424.1 1885728
1424.6 1890020
1425.1 1891700
1425.6 1891380
1426.1 1891292
1426.6 1891464
1427.1 1891844
1427.6 1891840
1428.1 1891512
1428.6 1891860
1429.1 1891748
1429.6 1892080
1430.1 1891748
1430.6 1891812
1431.1 1891892
1431.6 1891732
1432.1 1891748
1432.6 1891684
1433.1 1891876
1433.6 1891748
1434.1 1891604
1434.6 1891812
1435.1 1891316
1435.6 1891340
1436.1 1891608
1436.6 1891828
1437.1 1891400
1437.6 1891496
1438.1 1891352
1438.6 1891576
1439.1 1891480
1439.6 1891412
1440.1 1892124
1440.6 1891732
1441.1 1891780
1441.6 1891764
1442.1 1891984
1442.6 1891780
1443.1 1891560
1443.6 1891780
1444.1 1891544
1444.6 1891528
1445.1 1891544
1445.6 1891404
1446.1 1891480
1446.6 1891780
1447.1 1885572
1447.7 1885572
1449.2 1885572
1450.1 1885572
1455.2 1885572
1456.2 1885572
1458.2 1885572
1459.9 1885540
1460.4 1885540
1461.3 1885540
1465.1 1885572
1466.6 1885572
1468.6 1885572
1469.5 1885572
1470.0 1891688
1470.5 1891496
1471.0 1891096
1471.5 1891780
1472.0 1891924
1472.5 1891528
1473.0 1891780
1473.5 1891560
1474.0 1891544
1474.5 1891812
1475.0 1891400
1475.5 1891120
1476.0 1891716
1476.5 1892064
1477.0 1892536
1477.5 1891556
1478.0 1891560
1478.5 1891748
1479.0 1891624
1479.5 1891560
1480.0 1891544
1480.5 1891496
1481.0 1892240
1481.5 1891828
1482.0 1891684
1482.5 1891732
1483.0 1891624
1483.5 1891908
1484.0 1891796
1484.5 1891828
1485.0 1891592
1485.5 1891716
1486.0 1891748
1486.5 1891528
1487.0 1891512
1487.5 1891480
1488.0 1891940
1488.5 1891908
1489.0 1891512
1489.5 1891592
1490.0 1891148
1490.5 1891244
1491.0 1891292
1491.5 1891244
1493.6 1885936
1494.9 1885936
1497.1 1886000
1497.6 1885968
1498.7 1885968
1500.1 1885968
1501.4 1885968
1501.9 1885968
1503.6 1885968
1505.4 1885968
1507.2 1885968
1508.7 1885936
1512.3 1885936
1512.9 1885936
1514.5 1885968
1515.0 1891576
1515.5 1891400
1516.0 1891544
1516.5 1891796
1517.0 1891348
1517.5 1891488
1518.0 1891252
1518.5 1891408
1519.0 1891692
1519.5 1891724
1520.0 1891676
1520.5 1891552
1521.0 1891724
1521.5 1891724
1522.0 1891488
1522.5 1891668
1523.0 1891876
1523.5 1891432
1524.0 1891480
1524.5 1891180
1525.0 1891260
1525.5 1891276
1526.0 1891164
1526.5 1891104
1527.0 1891292
1527.5 1891640
1528.0 1891384
1528.5 1891672
1529.0 1891908
1529.5 1892364
1530.0 1891424
1530.5 1891584
1531.0 1891284
1531.5 1891412
1532.0 1892400
1532.5 1891932
1533.0 1891836
1533.5 1891724
1534.0 1891852
1534.5 1891788
1535.0 1891788
1535.5 1891900
1536.0 1891504
1536.5 1891932
1537.0 1885744
1539.2 1885744
1539.7 1885744
1541.1 1885744
1541.6 1885744
1543.4 1885744
1545.0 1885712
1546.1 1885712
1546.6 1885712
1547.3 1885712
1549.2 1885712
1549.9 1885744
1555.3 1885744
1555.8 1885712
1557.5 1885712
1558.4 1885712
1559.1 1885712
1559.6 1888964
1560.1 1891756
1560.6 1891804
1561.1 1891568
1561.6 1891504
1562.1 1891472
1562.6 1891584
1563.1 1891488
1563.6 1891740
1564.1 1891676
1564.6 1891788
1565.1 1892088
1565.6 1892008
1566.1 1891788
1566.6 1891864
1567.1 1891588
1567.6 1892712
1568.1 1892688
1568.6 1892520
1569.1 1891892
1569.6 1891308
1570.1 1891404
1570.6 1891544
1571.1 1891624
1571.6 1891876
1572.1 1891780
1572.6 1891860
1573.1 1891620
1573.6 1891892
1574.1 1891292
1574.6 1891372
1575.1 1891308
1575.6 1891560
1576.1 1892064
1576.6 1891512
1577.1 1891748
1577.6 1891528
1578.1 1892060
1578.6 1891652
1579.1 1891748
1579.6 1891524
1580.1 1891616
1580.6 1892136
1581.1 1891772
1581.6 1891868
1583.7 1885856
1585.6 1885856
1587.4 1885856
1589.2 1885856
1589.9 1885856
1591.9 1885824
1594.5 1885824
1595.1 1885824
1597.0 1885824
1601.5 1885856
1604.5 1885856
1605.0 1891588
1605.5 1891472
1606.0 1891756
1606.5 1891740
1607.0 1891740
1607.5 1891456
1608.0 1891820
1608.5 1891652
1609.0 1891732
1609.5 1891324
1610.0 1892064
1610.5 1891652
1611.0 1891388
1611.5 1891404
1612.0 1891908
1612.5 1891844
1613.0 1891812
1613.5 1891260
1614.0 1891228
1614.5 1890740
1615.0 1891136
1615.5 1891392
1616.0 1891440
1616.5 1891772
1617.0 1891976
1617.5 1891740
1618.0 1892040
1618.5 1891664
1619.0 1891488
1619.5 1891440
1620.0 1891944
1620.5 1891724
1621.0 1891724
1621.5 1891916
1622.0 1891440
1622.5 1891744
1623.0 1891836
1623.5 1891724
1624.0 1891660
1624.5 1891392
1625.0 1891600
1625.5 1891820
1626.0 1891804
1626.5 1892088
1627.0 1885912
1627.7 1885912
1628.2 1885912
1629.3 1885880
1631.1 1885880
1633.0 1885944
1633.5 1885944
1634.6 1885944
1636.5 1885944
1637.5 1890368
1638.1 1892084
1638.6 1903644
1639.5 1887204
1640.8 1899960
1641.3 1899456
1642.6 1888344
1643.5 1879996
1644.7 1882176
1645.4 1844444
1646.0 1863596
1646.7 1875912
1647.7 1892552
1648.2 1901884
1648.7 1904396
1649.3 1900800
1649.8 1889036
1650.3 1890904
1650.8 1896872
1651.3 1893568
1651.8 1877452
1652.3 1879728
1652.8 1885032
1653.3 1887416
1653.8 1891572
1654.3 1896444
1654.8 1898584
1655.3 1889160
1655.8 1880980
1656.3 1885624
1656.8 1888972
1657.3 1890736
1657.8 1893936
1658.3 1896716
1658.8 1893912
1659.3 1887064
1659.8 1882468
1660.3 1886440
1660.8 1889404
1661.3 1893724
1661.8 1896556
1662.3 1900008
1662.8 1895972
1663.3 1879900
1663.8 1882232
1664.3 1886916
1664.8 1888548
1665.3 1891604
1665.8 1894464
1666.3 1896132
1666.8 1899440
1667.3 1888400
1667.8 1883308
1668.3 1881172
1668.8 1880892
1669.3 1883796
1669.8 1885724
1670.3 1885772
1670.8 1886316
1671.3 1885760
1671.8 1887552
1672.3 1889244
1672.8 1891164
1673.3 1895116
1673.8 1896212
1674.3 1898980
1674.8 1891780
1675.3 1877508
1675.8 1877652
1676.3 1877552
1676.8 1877828
1677.3 1875984
1677.8 1875800
1678.3 1876980
1678.8 1880096
1679.3 1884276
1679.8 1888652
1680.3 1892156
1680.8 1895656
1681.3 1899540
1681.8 1888668
1682.3 1880532
1682.8 1886424
1683.3 1888132
1683.8 1891888
1684.3 1896088
1684.8 1898932
1685.3 1899724
1685.8 1890024
1686.3 1882724
1686.8 1886016
1687.3 1887536
1687.8 1892184
1688.3 1893964
1688.8 1896500
1689.3 1898772
1689.8 1878236
1690.3 1880124
1690.8 1882472
1691.3 1886972
1691.8 1890780
1692.3 1895220
1692.8 1899708
1693.3 1889332
1693.8 1880544
1694.3 1883944
1694.8 1883868
1695.3 1882652
1695.8 1833996
1696.3 1834688
1696.8 1835104
1697.3 1836644
1697.8 1837368
1698.3 1837048
1698.8 1838308
1699.3 1840104
1699.8 1842712
1700.3 1842488
1700.8 1841400
1701.3 1840724
1701.8 1843300
1702.3 1844420
1702.8 1844760
1703.3 1846388
1703.8 1846592
1704.3 1847436
1704.8 1848836
1705.3 1849468
1705.8 1850700
1706.3 1856128
1709.0 1845100
1709.6 1845100
1711.5 1857460
1713.5 1865736
1714.0 1865736
1714.9 1869396
1716.8 1833260
1719.4 1833260
1722.1 1833300
1722.6 1834836
1724.5 1840152
1725.0 1840152
1726.6 1840216
1728.5 1832284
1729.7 1832284
1730.2 1832284
1731.0 1832316
1731.5 1832316
1732.3 1832508
1732.8 1832504
1733.3 1832328
1733.8 1832248
1734.3 1832248
1736.2 1832248
1737.1 1832184
1739.0 1832208
1739.5 1832208
1740.3 1832176
1741.2 1832176
1743.5 1832176
1744.0 1832176
1748.6 1832176
1751.3 1832172
1751.9 1832172
1755.1 1832140
1756.3 1832140
1757.6 1832140
1761.4 1832204
1762.6 1832204
1764.0 1832332
1765.2 1832268
1767.0 1832016
1768.8 1830472
1770.1 1830472
1771.2 1830472
1773.1 1830472
1775.0 1830472
1776.1 1830472
1778.0 1830536
1779.8 1830504
1781.5 1830504
1782.0 1830504
1783.9 1830504
1786.6 1830504
1788.3 1830504
1788.8 1830504
1789.4 1830504
1791.9 1830472
1792.4 1830472
1795.3 1830472
1797.6 1830504
1799.6 1830504
1801.5 1830504
1804.0 1830504
1805.8 1830472
1806.3 1830472
1808.1 1830472
1808.7 1830472
1809.3 1830472
1810.4 1830472
1811.5 1830472
1813.3 1830472
1814.4 1830504
1816.8 1830504
1817.8 1830504
1819.9 1830504
1821.8 1830504
1822.5 1830504
1824.3 1830504
1828.0 1830472
1828.6 1830472
1830.5 1830472
1831.5 1830472
1832.1 1830472
1837.2 1830504
1839.1 1830504
1840.7 1830472
1841.2 1830472
1842.8 1830472
1844.4 1830472
1845.0 1830472
1848.3 1830472
1849.5 1830472
1850.4 1830472
1851.7 1830440
1853.5 1830504
1855.1 1830504
1858.7 1830504
1860.8 1830504
1862.5 1830504
1864.5 1830504
1865.0 1830472
1866.7 1830472
1868.7 1830472
1871.3 1830472
1871.8 1830472
1872.8 1830472
1873.8 1830472
1876.4 1830504
1878.2 1830472
1880.1 1830472
1882.0 1830472
1882.7 1830472
1885.4 1830472
1885.9 1830472
1887.7 1830472
1889.6 1830440
1891.8 1830440
1892.5 1830504
1893.3 1830504
1895.2 1830504
1899.8 1830504
1900.9 1830504
1902.2 1830504
1905.3 1830472
1907.3 1830472
1908.1 1830472
1910.2 1830472
1912.1 1830472
1913.9 1830472
1914.5 1830472
1915.0 1830504
1918.0 1830504
1919.9 1830504
1921.7 1830504
1923.4 1830504
1925.2 1830504
1927.0 1830504
1927.6 1830504
1928.1 1830472
1928.6 1830472
1929.1 1830472
1929.6 1830472
1930.1 1830504
1930.6 1830504
1931.1 1830504
1931.6 1830504
1932.1 1830504
1932.6 1830504
1933.1 1830472
1933.6 1830472
1934.1 1830472
1934.6 1830472
1935.1 1830472
1935.6 1830472
1936.1 1830472
1936.6 1830472
1937.1 1830504
1937.6 1830504
1938.2 1830504
1938.7 1830504
1939.2 1830504
1939.7 1830504
1940.2 1830504
1940.7 1830504
1941.2 1830504
1941.7 1830504
1942.2 1830472
1942.7 1830472
1943.2 1830472
1943.7 1830472
1944.2 1830472
1944.8 1830472
1945.3 1830504
1945.8 1830504
1946.3 1830504
1946.8 1830472
1947.3 1830472
1947.8 1830472
1948.3 1830472
1948.8 1830472
1949.3 1830472
1949.8 1830472
1950.3 1830472
1950.8 1830472
1951.3 1830472
1951.8 1830472
1952.3 1830504
1952.8 1830504
1953.3 1830504
1953.8 1830504
1954.3 1830504
1954.8 1830504
1955.3 1830504
1955.9 1830504
1956.4 1830472
1956.9 1830472
1957.4 1830472
1957.9 1830472
1958.4 1830472
1958.9 1830472
1959.4 1830472
1959.9 1830504
1960.4 1830472
1961.1 1830472
1961.6 1830472
1962.1 1830472
1962.6 1830472
1963.1 1830472
1963.6 1830472
1964.1 1830472
1964.6 1830472
1965.1 1830472
1965.6 1830472
1966.1 1830440
1966.6 1830504
1967.1 1830504
1967.6 1830504
1968.2 1830504
1968.7 1830504
1969.2 1830504
1969.7 1830504
1970.2 1830504
1970.7 1830472
1971.2 1830472
1971.7 1830472
1972.2 1830472
1972.7 1830472
1973.2 1830472
1973.7 1830472
1974.2 1830536
1974.7 1830504
1975.2 1830504
1975.7 1830504
1976.2 1830504
1976.7 1830504
1977.2 1830504
1977.7 1830504
1978.3 1830504
1978.8 1830504
1979.3 1830504
1979.8 1830504
1980.3 1830472
1980.8 1830472
1981.3 1830472
1981.8 1830472
1982.4 1830504
1982.9 1830504
1983.4 1830504
1983.9 1830504
1984.4 1830472
1985.0 1830472
1985.5 1830472
1986.0 1830472
1986.5 1830472
1987.0 1830472
1987.5 1830472
1988.0 1830472
1988.5 1830472
1989.0 1830472
1989.5 1830504
1990.0 1830504
1990.5 1830504
1991.0 1830504
1991.5 1830504
1992.0 1830504
1992.5 1830504
1993.0 1830504
1993.5 1830504
1994.1 1830472
1994.6 1830472
1995.1 1830472
1995.6 1830472
1996.1 1830472
1996.6 1830472
1997.1 1830504
1997.7 1830504
1998.2 1830504
1998.7 1830504
1999.2 1830472
1999.7 1830472
2000.2 1830472
2000.7 1830472
2001.2 1830472
2001.7 1830472
2002.2 1830472
2002.7 1830472
2003.2 1830472
2003.8 1830504
2006.8 1830504
2007.3 1830504
2007.8 1830504
2008.3 1830504
2008.8 1830504
2009.3 1830472
2009.8 1830472
2010.3 1830472
2010.8 1830472
2011.3 1830472
2011.8 1830472
2012.3 1830504
2012.8 1830504
2013.3 1830504
2013.8 1830472
2014.3 1830472
2014.8 1830472
2015.3 1830472
2015.8 1830472
2016.4 1830472
2016.9 1830472
2018.4 1830472
2019.1 1830472
2019.6 1830440
2020.3 1830440
2020.8 1830440
2021.3 1830440
2021.8 1830504
2022.3 1830504
2022.8 1830504
2023.3 1830504
2024.0 1830504
2026.0 1830472
2028.0 1830472
2028.5 1830472
2030.2 1830472
2030.7 1830472
2031.4 1830472
2031.9 1830472
2032.4 1830536
2032.9 1830536
2033.4 1830536
2033.9 1830504
2034.4 1830504
2035.4 1830504
2035.9 1830504
2036.4 1830504
2038.1 1830504
2038.6 1830504
2039.2 1830504
2040.4 1830472
2040.9 1830472
2041.8 1830472
2044.4 1830504
2044.9 1830504
2045.4 1830504
2045.9 1830504
2046.4 1830504
2046.9 1830504
2047.4 1830472
2048.0 1830472
2048.5 1830472
2049.0 1830472
2049.6 1830472
2050.3 1830472
2051.1 1830472
2051.9 1830472
2052.7 1830472
2053.2 1830504
2053.7 1830504
2054.2 1830504
2054.7 1830504
2055.2 1830504
2056.0 1830504
2057.5 1830504
2058.0 1830504
2058.5 1830472
2060.4 1830472
2061.5 1830472
2062.9 1830472
2064.2 1830472
2064.7 1830504
2065.3 1830504
2067.8 1830504
2068.3 1830472
2069.0 1830472
2069.5 1830472
2070.0 1830472
2070.5 1830472
2071.0 1830472
2071.5 1830472
2072.0 1830472
2072.5 1830472
2073.2 1830472
2075.1 1830440
2076.6 1830504
2077.1 1830504
2077.6 1830504
2078.1 1830504
2078.6 1830504
2079.1 1830504
2079.6 1830504
2080.1 1830472
2080.6 1830472
2081.1 1830472
2081.6 1830472
2082.1 1830472
2082.6 1830472
2083.1 1830472
2083.6 1830472
2084.1 1830504
2084.6 1830504
2085.4 1830472
2085.9 1830472
2086.4 1830472
2086.9 1830472
2087.4 1830472
2087.9 1830472
2088.4 1830472
2088.9 1830472
2089.4 1830472
2089.9 1830472
2090.4 1830440
2090.9 1830440
2091.4 1830504
2091.9 1830504
2092.4 1830504
2092.9 1830504
2093.4 1830504
2095.1 1830504
2097.4 1830472
2099.1 1830472
2100.1 1830472
2102.4 1830472
2104.2 1830472
2106.0 1830472
2106.8 1830472
2107.3 1830536
2108.1 1830504
2108.6 1830504
2109.7 1830504
2110.2 1830504
2110.7 1830504
2111.2 1830504
2111.7 1830504
2112.2 1830504
2112.7 1830504
2113.2 1830504
2113.7 1830472
2114.2 1830472
2115.0 1830472
2115.8 1830504
2116.3 1830504
2116.8 1830504
2117.6 1830504
2118.1 1830504
2118.6 1830504
2119.1 1830504
2119.6 1830472
2120.1 1830472
2120.6 1830472
2121.1 1830472
2121.6 1830472
2122.1 1830472
2122.6 1830472
2123.8 1830504
2124.3 1830504
2124.8 1830504
2125.3 1830504
2126.3 1830504
2126.8 1830504
2127.3 1830504
2127.8 1830504
2128.3 1830504
2132.1 1830472
2134.1 1830472
2134.6 1830472
2138.0 1830472
2139.7 1830504
2140.2 1830504
2143.7 1830504
2146.0 1830472
2149.4 1830472
2151.5 1830472
2152.2 1830472
2152.7 1830472
2154.3 1830472
2154.9 1830472
2155.4 1830440
2156.2 1830504
2157.1 1830504
2157.6 1830504
2158.1 1830504
2159.2 1830504
2160.3 1830504
2160.8 1830504
2161.5 1830504
2162.0 1830472
2162.5 1830472
2163.0 1830472
2163.5 1830472
2164.2 1830472
2164.7 1830472
2165.2 1830472
2165.7 1830472
2166.3 1830504
2168.9 1830472
2169.4 1830472
2169.9 1830472
2170.5 1830472
2171.0 1830472
2172.8 1830472
2173.6 1830472
2174.2 1830472
2174.7 1830472
2175.2 1830472
2176.9 1830440
2177.4 1830504
2177.9 1830504
2179.1 1830504
2179.6 1830504
2180.1 1830504
2180.6 1830504
2181.1 1830504
2182.2 1830472
2182.7 1830472
2183.2 1830472
2185.5 1830472
2186.0 1830472
2187.6 1830472
2189.5 1830472
2190.4 1830536
2191.2 1830504
2192.9 1830504
2193.4 1830504
2193.9 1830504
2194.4 1830504
2194.9 1830504
2195.4 1830504
2195.9 1830504
2196.4 1830504
2196.9 1830504
2197.7 1830504
2198.2 1830472
2198.7 1830472
2202.3 1830504
2202.8 1830504
2203.3 1830504
2203.8 1830504
2205.7 1830472
2207.6 1830472
2208.1 1830472
2208.6 1830472
2209.1 1830472
2209.6 1830472
2210.8 1830472
2212.3 1830472
2212.8 1830472
2213.3 1830472
2213.8 1830504
2214.3 1830504
2214.8 1830504
2215.3 1830504
2215.8 1830504
2216.3 1830504
2216.8 1830504
2217.3 1830504
2217.8 1830472
2218.3 1830472
2220.6 1830472
2221.1 1830472
2224.5 1830504
2225.0 1830504
2225.9 1830504
2226.4 1830504
2226.9 1830504
2227.4 1830504
2227.9 1830472
2229.4 1830472
2229.9 1830472
2230.4 1830472
2231.4 1830472
2231.9 1830472
2232.5 1830472
2233.0 1830472
2233.5 1830440
2234.9 1830504
2235.4 1830504
2235.9 1830504
2237.6 1830504
2238.1 1830504
2239.7 1830504
2240.2 1830504
2241.0 1830472
2241.5 1830472
2242.3 1830472
2242.8 1830472
2243.4 1830472
2243.9 1830472
2245.5 1830504
2246.0 1830504
2246.6 1830504
2249.9 1830472
2251.6 1830472
2252.1 1830472
2252.6 1830472
2253.1 1830472
2255.1 1830472
2255.6 1830472
2257.0 1830472
2257.5 1830472
2258.0 1830440
2258.5 1830504
2260.5 1830504
2261.0 1830504
2261.5 1830504
2262.0 1830504
2262.5 1830504
2263.0 1830504
2264.7 1830472
2265.2 1830472
2265.7 1830472
2267.4 1830472
2269.2 1830472
2272.5 1830472
2273.0 1830536
2274.5 1830536
2276.1 1830504
2278.1 1830504
2280.2 1830504
2281.5 1830504
2282.0 1830504
2283.3 1830504
2283.8 1830504
2285.8 1830472
2287.2 1830472
2287.7 1830472
2288.2 1830472
2290.0 1830504
2290.5 1830504
2291.0 1830504
2292.7 1830504
2293.2 1830504
2293.7 1830504
2294.2 1830472
2294.7 1830472
2295.2 1830472
2295.7 1830472
2296.3 1830472
2298.1 1830472
2298.6 1830472
2300.7 1830472
2301.2 1830504
2301.7 1830504
2303.5 1830504
2304.0 1830504
2304.5 1830504
2307.6 1830504
2308.1 1830504
2308.6 1830504
2309.1 1830472
2309.6 1830472
2310.1 1830472
2310.6 1830472
2313.8 1830472
2314.3 1830472
2317.9 1830504
2318.4 1830504
2318.9 1830504
2324.4 1830472
2324.9 1830472
2330.5 1830472
2332.3 1830472
2332.8 1830472
2333.3 1830472
2335.4 1830440
2336.4 1830504
2336.9 1830504
2338.5 1830504
2339.0 1830504
2340.0 1830504
2342.1 1830504
2342.7 1830504
2343.7 1830472
2345.5 1830472
2347.1 1830472
2348.8 1830472
2349.3 1830472
2351.0 1830472
2352.7 1830504
2354.5 1830504
2356.2 1830472
2357.8 1830472
2361.4 1830472
2364.7 1830472
2365.6 1830472
2366.1 1830472
2369.1 1830472
2370.8 1830440
2371.3 1830440
2372.5 1830504
2377.1 1830504
2377.6 1830504
2381.0 1830504
2381.5 1830504
2382.0 1830504
2385.1 1830472
2388.5 1830472
2390.2 1830472
2391.8 1830472
2392.3 1830472
2393.2 1830472
2393.7 1830504
2394.2 1830504
2396.0 1830504
2397.2 1830504
2397.7 1830504
2398.2 1830504
2398.7 1830504
2400.3 1830504
2400.8 1830504
2401.3 1830504
2401.8 1830472
2402.3 1830472
2402.8 1830472
2405.1 1830504
2406.7 1830504
2407.2 1830504
2408.9 1830504
2409.5 1830504
2410.0 1830504
2410.7 1830472
2411.2 1830472
2411.7 1830472
2412.2 1830472
2412.7 1830472
2413.2 1830472
2414.0 1830472
2414.5 1830472
2416.2 1830504
2418.0 1830504
2421.5 1830504
2422.2 1830504
2422.7 1830504
2423.8 1830504
2424.3 1830504
2424.8 1830504
2425.3 1830504
2426.0 1830472
2427.1 1830472
2427.6 1830472
2428.1 1830472
2429.1 1830504
2429.6 1830504
2430.1 1830504
2430.8 1830504
2431.6 1830504
2432.4 1830472
2434.2 1830472
2434.7 1830472
2435.2 1830472
2435.7 1830472
2436.2 1830472
2437.1 1830472
2437.6 1830440
2438.1 1830440
2438.6 1830504
2439.1 1830504
2439.8 1830504
2440.3 1830504
2440.8 1830504
2441.4 1830504
2442.0 1830504
2443.5 1830504
2444.0 1830472
2444.7 1830472
2445.2 1830472
2446.7 1830472
2447.2 1830472
2447.7 1830472
2448.2 1830472
2449.0 1830504
2450.0 1830472
2451.9 1830472
2452.4 1830472
2452.9 1830472
2453.4 1830472
2453.9 1830472
2455.8 1830472
2457.5 1830472
2460.8 1830440
2461.3 1830440
2463.0 1830440
2464.8 1830504
2466.5 1830504
2467.0 1830504
2468.7 1830504
2469.2 1830504
2469.7 1830472
2471.4 1830472
2473.3 1830472
2476.8 1830472
2477.3 1830472
2479.1 1830472
2479.6 1830472
2483.0 1830536
2484.8 1830504
2485.3 1830504
2487.1 1830504
2487.6 1830504
2488.1 1830504
2488.6 1830504
2489.1 1830504
2489.6 1830504
2490.1 1830472
2491.8 1830472
2492.3 1830472
2494.1 1830472
2495.4 1830504
2495.9 1830504
2497.7 1830504
2498.2 1830504
2499.9 1830472
2501.6 1830472
2502.1 1830472
2505.5 1830472
2509.0 1830472
2510.8 1830472
2511.3 1830472
2511.8 1830472
2512.3 1830472
2514.8 1830504
2515.3 1830504
2520.1 1830504
2520.6 1830504
2521.1 1830504
2522.1 1830504
2522.6 1830504
2523.1 1830504
2523.6 1830504
2524.1 1830472
2526.0 1830472
2526.5 1830472
2527.0 1830504
2527.5 1830504
2528.0 1830504
2528.5 1830504
2529.0 1830472
2529.5 1830472
2530.0 1830472
2530.5 1830472
2532.0 1830472
2532.5 1830472
2533.0 1830472
2533.5 1830472
2534.0 1830472
2534.7 1830472
2536.9 1830504
2537.4 1830504
2537.9 1830504
2541.9 1830504
2545.7 1830504
2546.2 1830504
2546.7 1830504
2547.2 1830472
2547.7 1830472
2548.8 1830472
2549.3 1830472
2549.8 1830472
2550.3 1830472
2550.8 1830472
2551.3 1830504
2551.8 1830472
2552.3 1830472
2559.8 1830472
2561.7 1830472
2563.8 1830472
2565.7 1830472
2567.7 1830472
2568.2 1830440
2570.4 1830440
2570.9 1830440
2572.9 1830504
2573.4 1830504
2575.3 1830504
2575.8 1830504
2576.3 1830504
2576.8 1830504
2577.3 1830472
2577.8 1830472
2579.6 1830472
2580.1 1830472
2580.6 1830472
2581.1 1830472
2581.6 1830472
2582.1 1830472
2582.6 1830504
2583.3 1830504
2583.8 1830504
2584.3 1830504
2585.5 1830504
2586.0 1830504
2587.9 1830504
2588.4 1830504
2590.3 1830504
2590.8 1830504
2592.8 1830472
2593.5 1830472
2594.3 1830504
2594.8 1830504
2595.3 1830504
2595.8 1830504
2596.3 1830504
2596.8 1830504
2597.3 1830472
2597.8 1830472
2598.5 1830472
2599.0 1830472
2599.5 1830472
2601.9 1830472
2602.4 1830472
2602.9 1830472
2607.1 1830504
2607.6 1830504
2608.1 1830504
2608.6 1830504
2609.1 1830504
2610.8 1830504
2614.6 1830504
2615.1 1830504
2615.6 1830504
2616.1 1830504
2618.2 1830472
2621.6 1830472
2624.9 1830504
2626.7 1830504
2630.2 1830504
2630.7 1830472
2635.7 1830472
2639.2 1830472
2639.7 1830472
2640.2 1830472
2641.2 1830472
2641.7 1830472
2642.2 1830472
2642.7 1830440
2643.2 1830504
2643.7 1830504
2644.2 1830504
2644.7 1830504
2646.7 1830504
2648.6 1830504
2651.8 1830504
2653.7 1830472
2654.2 1830472
2654.7 1830472
2655.2 1830472
2655.7 1830472
2656.2 1830472
2656.7 1830504
2661.9 1830504
2662.4 1830504
2662.9 1830504
2664.9 1830472
2665.4 1830472
2667.3 1830472
2667.8 1830472
2668.3 1830472
2668.8 1830472
2671.1 1830440
2671.6 1830440
2674.0 1830504
2675.8 1830504
2677.5 1830504
2678.0 1830504
2678.6 1830504
2679.1 1830504
2682.5 1830472
2684.2 1830472
2684.7 1830472
2686.4 1830472
2689.9 1830472
2690.4 1830472
2692.2 1830536
2693.9 1830504
2694.5 1830504
2696.2 1830504
2698.6 1830504
2699.1 1830504
2702.6 1830504
2703.1 1830504
2703.6 1830504
2704.1 1830472
2704.6 1830472
2705.1 1830472
2705.6 1830472
2706.1 1830504
2707.9 1830504
2709.7 1830504
2710.2 1830504
2710.7 1830504
2712.4 1830472
2712.9 1830472
2713.4 1830472
2715.2 1830472
2715.7 1830472
2716.2 1830472
2718.9 1830472
2720.7 1830472
2721.2 1830504
2721.7 1830504
2723.4 1830504
2723.9 1830504
2725.7 1830504
2726.2 1830504
2730.1 1830504
2730.6 1830504
2731.5 1830472
2733.2 1830472
2735.0 1830472
2736.7 1830472
2737.2 1830472
2737.7 1830472
2739.5 1830504
2742.9 1830472
2744.6 1830472
2746.3 1830472
2746.8 1830472
2748.5 1830472
2749.0 1830472
2752.5 1830472
2753.0 1830472
2753.5 1830472
2756.9 1830504
2758.6 1830504
2760.3 1830504
2762.1 1830504
2765.6 1830504
2767.4 1830504
2770.8 1830472
2771.3 1830472
2773.0 1830472
2774.8 1830472
2778.2 1830472
2778.7 1830472
2779.3 1830504
2779.8 1830504
2781.1 1830472
2781.6 1830472
2782.1 1830472
2783.8 1830472
2785.5 1830472
2786.5 1830472
2787.0 1830472
2790.4 1830472
2791.4 1830440
2791.9 1830440
2795.5 1830504
2797.3 1830504
2798.2 1830504
2798.7 1830504
2799.2 1830504
2800.2 1830504
2801.5 1830472
2802.2 1830472
2802.7 1830472
2803.2 1830472
2803.7 1830472
2805.6 1830472
2810.2 1830472
2813.6 1830504
2814.1 1830504
2817.4 1830504
2819.2 1830504
2819.7 1830504
2821.1 1830504
2821.6 1830504
2824.3 1830504
2826.0 1830472
2826.5 1830472
2828.2 1830472
2828.7 1830504
2829.2 1830504
2829.7 1830504
2831.8 1830504
2832.4 1830504
2833.0 1830472
2833.5 1830472
2834.0 1830472
2834.6 1830472
2835.1 1830472
2835.6 1830472
2836.1 1830472
2836.6 1830472
2837.6 1830472
2838.1 1830472
2838.6 1830504
2839.1 1830504
2839.6 1830504
2840.4 1830504
2840.9 1830504
2841.5 1830504
2842.0 1830504
2842.5 1830504
2843.1 1830504
2843.6 1830472
2844.1 1830472
2844.7 1830472
2845.2 1830472
2845.7 1830472
2846.2 1830472
2846.8 1830504
2848.0 1830504
2848.5 1830504
2849.0 1830504
2849.5 1830472
2850.0 1830472
2853.5 1830472
2854.0 1830472
2854.5 1830472
2856.2 1830472
2856.7 1830472
2858.9 1830504
2860.6 1830504
2861.1 1830504
2862.9 1830504
2864.6 1830504
2865.1 1830504
2866.8 1830504
2870.2 1830472
2870.7 1830472
2871.2 1830472
2871.7 1830472
2873.0 1830472
2873.5 1830472
2874.0 1830472
2874.5 1830472
2875.0 1830504
2875.5 1830472
2876.1 1830472
2876.7 1830472
2877.2 1830472
2877.8 1830472
2878.3 1830472
2879.9 1830472
2880.4 1830472
2880.9 1830472
2883.5 1830440
2884.4 1830440
2884.9 1830504
2885.6 1830504
2886.1 1830504
2886.6 1830504
2887.1 1830504
2887.6 1830504
2889.3 1830504
2892.6 1830472
2893.1 1830472
2894.9 1830472
2896.5 1830472
2897.0 1830472
2898.8 1830472
2899.3 1830472
2901.2 1830504
2901.7 1830504
2902.2 1830504
2907.6 1830504
2911.1 1830504
2912.8 1830504
2913.3 1830504
2913.8 1830472
2914.4 1830472
2914.9 1830472
2915.4 1830472
2915.9 1830504
2917.1 1830504
2917.6 1830504
2918.1 1830504
2918.6 1830504
2919.1 1830504
2919.6 1830472
2920.1 1830472
2920.6 1830472
2921.1 1830472
2921.6 1830472
2922.2 1830472
2922.7 1830472
2923.2 1830472
2923.7 1830472
2924.2 1830472
2924.7 1830472
2925.3 1830504
2925.8 1830504
2926.3 1830504
2926.8 1830504
2927.3 1830504
2927.8 1830504
2928.3 1830504
2928.8 1830472
2929.3 1830472
2929.8 1830472
2930.3 1830472
2931.0 1830472
2931.5 1830472
2932.0 1830472
2932.8 1830472
2933.5 1830504
2934.1 1830472
2934.6 1830472
2935.1 1830472
2935.6 1830472
2937.1 1830472
2938.4 1830472
2938.9 1830472
2939.6 1830472
2940.1 1830472
2940.6 1830472
2941.1 1830440
2942.8 1830504
2944.6 1830504
2947.6 1830504
2948.1 1830504
2950.3 1830504
2952.0 1830504
2952.5 1830504
2954.4 1830472
2956.2 1830472
2958.9 1830472
2960.3 1830472
2960.8 1830472
2964.2 1830504
2966.0 1830472
2967.3 1830472
2967.8 1830472
2969.5 1830472
2971.2 1830472
2971.7 1830472
2972.6 1830472
2973.1 1830472
2973.6 1830472
2974.1 1830440
2975.8 1830440
2976.3 1830504
2976.8 1830504
2977.3 1830504
2979.1 1830504
2979.6 1830504
2980.1 1830504
2980.6 1830504
2981.1 1830472
2981.6 1830472
2982.6 1830472
2984.4 1830472
2984.9 1830472
2985.4 1830472
2987.4 1830472
2987.9 1830536
2988.4 1830504
2990.1 1830504
2990.6 1830504
2991.1 1830504
2991.6 1830504
2992.1 1830504
2993.1 1830504
2994.1 1830504
2995.5 1830472
2996.0 1830472
2997.4 1830472
2997.9 1830472
2998.8 1830472
2999.3 1830504
2999.8 1830504
3000.3 1830504
