1.8 1828044
3.7 1828012
7.3 1828076
9.0 1828076
9.5 1828076
11.4 1828076
14.1 1828076
14.6 1828076
15.1 1828076
17.9 1828044
18.8 1828044
19.3 1828044
21.1 1828044
22.2 1828044
24.9 1828044
25.4 1828076
25.9 1828076
27.7 1828044
28.2 1828044
28.7 1828044
29.2 1828044
29.7 1828044
30.2 1834944
30.7 1835024
31.2 1835480
31.7 1835668
32.2 1836128
32.7 1836128
33.2 1835984
33.7 1835716
34.2 1835996
34.7 1836032
35.2 1835716
35.7 1835984
36.2 1835888
36.7 1835936
37.2 1835936
37.7 1835888
38.2 1836092
38.7 1835920
39.2 1836352
39.7 1836252
40.2 1835960
40.7 1836276
41.2 1835848
41.7 1835976
42.2 1835540
42.7 1835864
43.2 1836056
43.7 1835928
44.2 1836040
44.7 1835976
45.2 1835792
45.7 1836320
46.2 1836048
46.7 1836032
47.2 1835888
47.7 1835636
48.2 1835936
48.7 1836324
49.2 1835824
49.7 1835968
50.2 1836008
50.7 1835912
51.2 1835896
51.7 1835976
52.2 1829988
54.6 1829988
55.7 1829984
56.2 1829984
56.7 1829984
57.2 1829984
57.7 1829984
58.4 1829952
61.2 1829952
61.7 1829952
62.2 1829952
63.5 1829952
65.3 1829984
65.8 1829984
67.6 1829984
69.3 1829952
69.8 1829952
70.3 1829952
71.0 1829952
71.5 1829952
72.0 1829952
73.8 1829952
74.5 1829952
75.0 1836172
75.5 1836320
76.0 1836048
76.5 1835972
77.0 1835780
77.5 1836112
78.0 1835844
78.5 1835624
79.0 1836048
79.5 1835812
80.0 1835968
80.5 1835952
81.0 1835952
81.5 1835980
82.0 1836472
82.5 1836048
83.0 1835936
83.5 1836060
84.0 1836188
84.5 1836108
85.0 1836168
85.5 1835964
86.0 1835836
86.5 1836200
87.0 1835476
87.5 1835428
88.0 1835556
88.5 1835696
89.0 1835096
89.5 1835444
90.0 1835156
90.5 1835140
91.0 1835960
91.5 1835692
92.0 1835532
92.5 1835784
93.0 1836164
93.5 1836196
94.0 1836036
94.5 1835928
95.0 1835872
95.5 1835776
96.0 1836044
96.5 1836140
97.0 1830004
97.5 1829660
98.0 1829660
98.5 1829660
99.0 1829660
99.5 1829660
100.0 1829660
100.5 1829652
101.0 1829652
101.5 1829652
102.0 1829652
102.5 1829652
103.0 1829620
103.5 1829684
104.1 1829684
107.4 1829684
107.9 1829684
109.0 1829684
109.5 1829684
111.4 1829652
112.6 1829652
118.4 1829652
119.5 1829652
120.0 1835880
120.5 1835580
121.0 1835708
121.5 1835660
122.0 1835548
122.5 1835660
123.0 1835360
123.5 1835740
124.0 1835548
124.5 1835628
125.0 1836032
125.5 1835840
126.0 1836156
126.5 1836204
127.0 1836060
127.5 1835984
128.0 1835936
128.5 1836156
129.0 1836500
129.5 1836048
130.0 1835984
130.5 1835872
131.0 1836000
131.5 1835840
132.0 1835888
132.5 1835888
133.0 1836144
133.5 1836108
134.0 1835856
134.5 1835920
135.0 1836132
135.5 1835704
136.0 1835740
136.5 1834420
137.0 1837180
137.5 1838220
138.0 1838628
138.5 1838812
139.0 1837688
139.5 1839532
140.0 1843564
140.5 1844876
141.0 1845032
141.5 1845912
142.0 1846336
142.5 1848308
143.0 1850724
143.5 1854228
144.0 1853684
144.5 1859008
145.0 1857172
145.5 1856088
146.0 1860168
146.5 1860904
147.0 1861448
147.5 1861480
148.0 1860336
148.5 1858600
149.0 1859652
151.9 1860188
153.2 1861856
153.7 1861856
155.1 1861856
155.8 1861856
156.9 1859280
158.8 1859276
159.3 1859276
159.8 1859276
160.6 1859276
161.1 1859244
162.4 1859244
162.9 1859244
163.4 1859244
164.5 1859244
165.0 1864880
165.5 1865860
166.0 1864584
166.5 1862260
167.0 1862016
167.5 1861104
168.0 1860440
168.5 1860380
169.0 1860536
169.5 1860756
170.0 1860836
170.5 1859512
171.0 1859148
171.5 1859464
172.0 1859528
172.5 1859748
173.0 1859480
173.5 1859440
174.0 1859316
174.5 1858984
175.0 1859048
175.5 1858984
176.0 1858732
176.5 1859476
177.0 1859504
177.5 1859584
178.0 1859648
178.5 1859820
179.0 1860000
179.5 1860332
180.0 1859624
180.5 1859656
181.0 1859796
181.5 1859700
182.0 1859504
182.5 1859644
183.0 1859884
183.5 1859536
184.0 1859424
184.5 1859756
185.0 1859500
185.5 1859848
186.0 1859768
186.5 1859612
187.0 1859800
187.5 1859880
188.0 1859308
188.5 1860396
189.0 1860268
189.5 1859596
190.0 1853688
190.5 1853656
191.0 1853688
191.5 1853688
193.5 1853688
195.4 1853688
195.9 1853688
197.5 1853688
199.6 1853688
205.4 1853656
205.9 1853656
206.4 1853656
209.5 1853656
210.0 1859328
210.5 1859672
211.0 1859356
211.5 1859680
212.0 1859524
212.5 1858988
213.0 1858848
213.5 1858828
214.0 1858940
214.5 1859020
215.0 1858840
215.5 1859332
216.0 1859204
216.5 1859252
217.0 1859316
217.5 1859552
218.0 1859652
218.5 1860236
219.0 1859748
219.5 1859716
220.0 1859760
220.5 1859744
221.0 1859852
221.5 1859824
222.0 1859400
222.5 1859352
223.0 1859304
223.5 1859304
224.0 1859540
224.5 1859664
225.0 1859680
225.5 1859664
226.0 1859712
226.5 1859556
227.0 1859776
227.5 1859632
228.0 1859428
228.5 1859400
229.0 1859820
229.5 1859932
230.0 1859728
230.5 1859476
231.0 1859572
231.5 1859744
232.0 1859524
232.5 1859588
233.0 1859840
233.5 1853676
234.0 1853676
237.7 1853672
241.3 1853672
246.6 1853704
248.9 1853704
251.1 1853672
253.3 1853672
253.8 1853672
254.5 1853672
255.0 1860144
255.5 1859780
256.0 1859796
256.5 1859972
257.0 1859560
257.5 1859608
258.0 1859700
258.5 1859512
259.0 1859384
259.5 1859224
260.0 1859464
260.5 1859732
261.0 1859764
261.5 1859892
262.0 1859592
262.5 1859040
263.0 1858992
263.5 1859228
264.0 1859576
264.5 1859576
265.0 1859164
265.5 1859244
266.0 1859704
266.5 1859608
267.0 1859244
267.5 1859684
268.0 1859828
268.5 1859480
269.0 1859656
269.5 1859656
270.0 1859524
270.5 1859540
271.0 1859808
271.5 1859872
272.0 1859792
272.5 1859808
273.0 1859716
273.5 1859620
274.0 1859856
274.5 1859604
275.0 1859668
275.5 1859792
276.0 1859648
276.5 1859824
277.0 1859744
277.5 1859524
278.0 1859824
278.5 1853780
279.0 1853780
279.5 1853780
280.0 1853776
280.5 1853776
281.0 1853776
281.5 1853776
282.0 1853776
282.5 1853776
283.0 1853744
283.5 1853744
284.1 1853808
284.6 1853808
285.1 1853808
285.6 1853808
286.1 1853808
286.6 1853808
287.2 1853808
287.7 1853808
288.2 1853776
288.7 1853776
289.2 1853776
289.7 1853776
290.2 1853776
290.7 1853776
291.3 1853808
291.9 1853808
292.4 1853776
292.9 1853776
293.4 1853776
293.9 1853776
294.4 1853776
294.9 1853776
295.4 1853776
295.9 1853776
296.4 1853776
297.0 1853744
297.5 1853744
298.0 1853744
298.6 1853744
299.1 1853808
299.6 1856564
300.1 1859948
300.6 1859244
301.1 1859644
301.6 1859456
302.1 1859456
302.6 1859504
303.1 1860672
303.6 1859972
304.1 1859948
304.6 1859452
305.1 1859488
305.6 1859412
306.1 1859700
306.6 1859856
307.1 1859208
307.6 1859524
308.1 1859444
308.6 1859856
309.1 1859632
309.6 1859540
310.1 1859792
310.6 1859492
311.1 1859760
311.6 1859792
312.1 1859744
312.6 1859192
313.1 1859128
313.6 1859256
314.1 1859604
314.6 1859248
315.1 1859204
315.6 1859000
316.1 1859300
316.6 1859252
317.1 1859156
317.6 1860008
318.1 1860120
318.6 1859740
319.1 1859504
319.6 1859724
320.1 1860072
320.6 1859420
321.1 1859500
321.6 1859516
322.1 1859752
322.6 1859752
323.1 1859752
323.6 1853876
324.2 1853908
324.7 1853908
325.2 1853908
325.7 1853904
326.2 1853904
326.8 1853872
327.3 1853872
327.8 1853872
328.3 1853872
328.8 1853872
329.3 1853872
329.8 1853872
330.4 1853840
330.9 1853840
331.4 1853840
331.9 1853840
332.4 1853904
332.9 1853904
333.4 1853904
333.9 1853904
334.4 1853904
334.9 1853904
335.4 1853872
335.9 1853872
336.4 1853872
336.9 1853872
337.4 1853872
337.9 1853872
338.4 1853872
338.9 1853872
339.4 1853936
339.9 1853904
340.4 1853904
341.0 1853904
341.5 1853904
342.0 1853904
342.5 1853904
343.0 1853904
343.5 1853904
344.0 1853904
344.5 1853872
345.0 1859676
345.5 1859568
346.0 1859280
346.5 1859424
347.0 1859140
347.5 1859800
348.0 1859204
348.5 1859360
349.0 1859644
349.5 1859740
350.0 1859088
350.5 1859632
351.0 1859472
351.5 1859440
352.0 1859488
352.5 1859488
353.0 1859000
353.5 1859128
354.0 1858748
354.5 1858620
355.0 1858700
355.5 1858796
356.0 1858840
356.5 1859300
357.0 1859236
357.5 1859092
358.0 1859156
358.5 1859504
359.0 1859440
359.5 1859456
360.0 1859452
360.5 1859484
361.0 1859420
361.5 1859452
362.0 1859404
362.5 1859768
363.0 1859784
363.5 1859592
364.0 1860320
364.5 1861316
365.0 1860180
365.5 1859912
366.0 1859528
366.5 1859676
367.0 1859804
367.5 1859932
368.0 1857168
368.5 1853556
369.0 1853556
369.5 1853556
370.0 1853556
370.5 1853556
371.1 1853556
371.6 1853556
372.1 1853556
372.6 1853524
373.1 1853524
373.6 1853524
374.1 1853524
374.6 1853524
375.1 1853524
375.6 1853556
376.1 1853556
376.6 1853556
377.1 1853556
377.7 1853524
378.2 1853524
378.7 1853524
379.2 1853524
379.7 1853524
380.2 1853524
380.7 1853524
381.8 1853524
383.4 1853524
384.0 1853556
385.1 1853556
386.7 1853556
388.8 1853556
389.5 1853556
390.0 1859684
390.5 1859716
391.0 1859440
391.5 1859916
392.0 1859676
392.5 1859376
393.0 1859584
393.5 1859376
394.0 1859676
394.5 1859456
395.0 1860020
395.5 1859956
396.0 1860932
396.5 1859816
397.0 1859452
397.5 1859548
398.0 1859800
398.5 1859688
399.0 1859784
399.5 1859816
400.0 1860036
400.5 1859548
401.0 1859564
401.5 1859612
402.0 1859532
402.5 1859596
403.0 1859736
403.5 1859800
404.0 1859720
404.5 1859752
405.0 1859956
405.5 1860400
406.0 1859704
406.5 1859484
407.0 1860004
407.5 1859232
408.0 1859328
408.5 1858980
409.0 1858932
409.5 1859028
410.0 1859372
410.5 1859848
411.0 1860100
411.5 1859848
412.0 1853652
412.5 1853652
413.0 1853652
413.6 1853652
414.1 1853652
414.6 1853620
415.1 1853620
415.6 1853620
416.2 1853620
416.7 1853620
417.2 1853620
417.7 1853652
418.2 1853652
418.8 1853652
419.3 1853652
419.8 1853620
420.3 1853620
420.8 1853620
421.3 1853620
421.8 1853620
422.3 1853620
422.8 1853620
423.3 1853620
423.8 1853620
424.3 1853620
425.0 1853652
425.5 1853652
426.0 1853652
426.5 1853652
427.0 1853652
427.5 1853652
428.0 1853652
428.5 1853652
429.0 1853620
429.5 1853620
430.0 1853620
430.5 1853620
431.0 1853620
431.5 1853620
432.0 1853652
432.5 1853652
433.0 1853652
433.5 1853652
434.0 1853652
434.6 1853652
435.1 1859736
435.6 1859768
436.1 1859324
436.6 1858820
437.1 1859072
437.6 1859280
438.1 1859480
438.6 1859384
439.1 1859716
439.6 1859888
440.1 1859572
440.6 1859576
441.1 1859812
441.6 1859432
442.1 1859780
442.6 1859588
443.1 1859416
443.6 1860292
444.1 1859520
444.6 1859408
445.1 1859424
445.6 1859312
446.1 1859580
446.6 1859788
447.1 1859928
447.6 1860448
448.1 1859620
448.6 1859320
449.1 1860016
449.6 1859744
450.1 1860568
450.6 1859840
451.1 1859496
451.6 1859116
452.1 1859272
452.6 1859764
453.1 1859840
453.6 1859836
454.1 1859584
454.6 1859504
455.1 1859580
455.6 1859520
456.1 1859440
456.6 1859900
457.1 1853496
457.6 1853464
458.1 1853464
458.6 1853460
459.1 1853460
459.6 1853524
460.1 1853524
460.6 1853524
461.1 1853524
461.6 1853524
462.2 1853524
462.7 1853492
463.2 1853492
463.7 1853492
464.2 1853492
464.8 1853492
465.3 1853492
465.8 1853492
466.3 1853492
466.8 1853524
467.3 1853524
467.8 1853524
468.3 1853524
468.8 1853524
469.3 1853524
469.8 1853524
470.3 1853524
470.8 1853524
471.3 1853524
471.8 1853492
472.5 1853492
473.0 1853492
473.6 1853492
474.1 1853492
474.6 1853492
475.1 1853524
475.6 1853524
476.1 1853524
476.6 1853524
477.1 1853492
477.6 1853492
478.1 1853492
478.6 1853492
479.1 1853492
479.6 1853492
480.1 1859632
480.6 1859680
481.1 1859412
481.6 1859476
482.1 1859476
482.6 1859932
483.1 1859744
483.6 1859840
484.1 1859680
484.6 1859728
485.1 1859240
485.6 1859264
486.1 1859872
486.6 1859648
487.1 1859760
487.6 1859648
488.1 1859460
488.6 1859460
489.1 1859476
489.6 1859428
490.1 1859492
490.6 1859492
491.1 1859492
491.6 1859744
492.1 1859444
492.6 1860092
493.1 1859696
493.6 1859616
494.1 1859920
494.6 1859256
495.1 1859248
495.6 1859104
496.1 1859484
496.6 1859420
497.1 1859092
497.6 1859344
498.1 1859980
498.6 1860200
499.1 1859572
499.6 1859444
500.1 1859628
500.6 1859440
501.1 1859440
501.6 1859188
502.1 1858888
502.6 1853288
503.1 1853288
503.6 1853288
504.1 1853288
504.6 1853288
505.1 1853256
505.6 1853256
506.1 1853256
506.6 1853256
507.1 1853256
507.6 1854284
508.1 1858312
508.6 1859808
509.1 1861492
509.6 1863400
510.1 1864884
510.6 1870032
511.1 1871196
511.6 1866268
513.1 1854508
513.6 1850120
516.2 1854232
516.7 1855156
517.2 1856332
518.3 1860760
518.8 1864020
519.4 1859652
519.9 1849440
520.4 1850728
520.9 1852296
521.4 1854828
521.9 1857016
522.4 1859044
522.9 1861664
523.4 1862540
523.9 1863884
524.4 1862804
524.9 1865636
525.4 1860336
525.9 1853656
526.4 1841628
526.9 1837996
527.4 1840508
527.9 1841924
528.4 1845068
528.9 1848992
529.4 1852260
529.9 1858476
530.4 1861752
530.9 1863420
531.4 1863192
531.9 1863580
532.4 1865588
532.9 1861740
533.4 1853308
533.9 1853772
534.4 1856936
534.9 1860944
535.4 1862644
535.9 1864604
536.4 1866436
536.9 1858576
537.4 1862732
537.9 1866576
538.4 1862752
538.9 1867716
539.4 1867520
539.9 1862332
540.4 1853312
540.9 1858396
541.4 1861784
541.9 1864700
542.4 1867452
542.9 1868636
543.4 1870020
543.9 1870672
544.4 1871268
544.9 1868652
545.4 1869272
545.9 1870356
546.4 1860360
546.9 1858236
547.4 1861560
547.9 1866064
548.4 1872280
548.9 1871484
549.4 1867484
549.9 1873348
550.4 1869776
550.9 1875276
551.4 1860756
551.9 1860584
552.4 1866120
552.9 1871524
553.4 1875692
553.9 1875836
554.4 1873120
554.9 1873436
555.4 1876220
555.9 1874604
556.4 1874080
556.9 1877820
557.4 1872504
557.9 1871480
558.4 1869856
558.9 1871976
559.4 1877620
559.9 1876428
560.4 1877248
560.9 1870200
561.4 1870812
561.9 1873520
562.4 1877996
562.9 1881260
563.4 1875884
563.9 1882600
564.4 1873536
564.9 1876576
565.4 1880608
565.9 1882516
566.4 1877208
566.9 1879528
567.4 1882088
567.9 1879808
568.4 1883308
568.9 1882688
569.4 1884068
569.9 1877944
570.4 1884008
570.9 1878548
571.4 1883700
571.9 1878992
572.4 1882932
572.9 1876064
573.4 1881068
573.9 1883324
574.4 1884212
574.9 1882604
575.4 1871972
575.9 1874704
576.4 1879924
576.9 1885316
577.4 1883808
577.9 1886780
578.4 1878776
578.9 1877444
579.4 1883536
579.9 1882748
580.4 1886936
580.9 1888148
581.4 1884672
581.9 1886284
582.4 1884004
582.9 1877844
583.4 1873580
583.9 1883716
584.4 1889024
584.9 1887588
585.4 1886584
585.9 1881844
586.4 1887096
586.9 1883376
587.4 1888752
587.9 1890372
588.4 1885360
588.9 1889160
589.4 1889164
589.9 1889728
590.4 1890572
590.9 1875228
591.4 1879212
591.9 1883900
592.4 1886020
592.9 1895664
593.4 1892092
593.9 1897760
594.4 1887048
594.9 1869132
595.4 1873416
595.9 1875180
596.9 1879968
597.7 1892820
598.5 1891460
599.3 1872208
599.8 1880524
600.3 1888304
600.8 1896620
601.3 1905576
601.8 1890304
605.7 1886124
607.6 1894080
608.1 1893732
608.6 1897512
610.5 1883648
612.3 1903048
612.8 1906828
614.6 1908632
615.1 1905356
615.6 1895024
617.4 1897624
617.9 1906696
618.4 1891112
618.9 1881236
619.4 1885520
620.5 1904136
621.8 1891072
622.5 1894096
623.4 1908204
624.0 1889588
624.5 1882280
625.0 1890816
625.5 1900392
626.0 1907992
627.0 1881052
627.5 1893968
628.0 1904552
629.1 1894976
629.6 1907576
630.1 1891952
630.6 1896456
631.1 1905032
631.6 1901304
632.1 1881040
632.6 1885576
633.8 1906240
634.3 1892640
634.8 1896932
635.3 1910036
635.8 1891900
636.3 1900976
636.8 1900008
637.3 1880352
637.8 1887912
639.7 1876324
640.2 1884640
640.7 1890436
641.2 1899256
641.7 1909840
643.8 1891016
644.3 1893012
645.2 1907880
645.8 1894488
646.6 1900284
647.1 1906868
648.4 1899808
649.1 1907620
649.6 1888748
650.1 1892780
650.6 1899788
651.3 1906380
651.8 1885216
652.3 1859236
652.8 1818344
653.3 1826660
653.8 1835732
655.4 1874280
655.9 1890628
656.4 1903040
656.9 1909592
657.4 1890468
658.9 1909620
659.4 1890968
659.9 1899788
661.7 1898148
662.2 1909340
662.7 1895324
663.2 1907420
663.7 1890672
664.2 1890672
664.7 1890672
665.2 1890412
668.6 1898656
672.3 1891772
674.0 1886440
674.5 1886440
676.5 1886440
677.0 1883920
677.5 1883856
679.4 1883848
680.1 1883848
683.7 1883816
687.4 1883816
687.9 1883880
689.8 1883880
691.3 1883880
692.4 1883880
694.3 1883880
694.8 1883880
695.3 1883880
695.9 1883848
697.3 1883848
697.8 1883848
700.2 1883848
700.7 1883848
701.2 1883848
701.7 1883880
704.2 1883848
706.1 1883840
710.0 1883840
710.5 1883840
712.5 1883840
713.0 1883840
713.5 1883840
715.3 1883840
717.2 1883808
719.1 1883808
722.8 1883872
723.3 1883872
725.1 1883872
729.6 1883872
730.1 1883872
731.9 1883840
732.4 1883840
732.9 1883840
733.4 1883840
735.3 1883840
735.8 1883840
737.6 1883840
738.1 1883840
739.5 1883872
740.0 1883872
741.9 1883872
742.4 1883872
744.5 1883872
746.4 1883872
746.9 1883872
748.9 1883872
749.4 1883872
749.9 1883840
751.8 1883840
753.7 1883840
755.5 1883872
756.0 1883872
756.5 1883872
757.0 1883872
757.5 1883840
758.0 1883840
760.5 1883840
761.8 1883840
763.0 1883840
763.9 1883840
767.6 1883840
768.1 1883840
769.9 1883808
770.4 1883808
770.9 1883872
772.8 1883872
773.3 1883872
775.2 1883872
775.7 1883872
776.2 1883872
776.7 1883872
777.2 1883840
777.7 1883840
778.2 1883840
778.7 1883840
780.6 1883840
781.1 1883840
781.9 1883872
782.8 1883872
783.3 1883872
784.6 1883840
785.1 1883840
787.1 1883840
789.0 1883840
790.7 1883840
792.0 1883840
792.7 1883840
794.5 1883808
795.0 1883808
795.5 1883808
797.2 1883872
797.7 1883872
798.2 1883872
799.7 1883872
801.2 1883872
802.5 1883872
803.0 1883840
803.5 1883840
805.3 1883840
807.9 1883840
810.2 1883580
810.7 1883580
812.6 1883612
813.1 1883612
815.6 1883580
817.0 1883580
817.8 1883580
818.3 1883580
823.8 1883580
824.3 1883556
824.8 1883556
825.3 1883524
825.8 1883524
826.3 1883524
828.2 1883524
828.7 1883588
829.2 1883588
829.8 1883588
831.7 1883588
832.2 1883588
832.7 1883588
833.2 1883556
835.1 1883556
837.0 1883556
838.8 1883556
839.3 1883556
839.8 1883556
841.7 1883620
842.4 1883588
842.9 1883588
844.8 1883588
845.5 1883588
849.1 1883588
851.0 1883588
852.9 1883588
853.4 1883588
855.2 1883556
857.7 1883556
858.2 1883556
859.2 1883556
859.7 1883556
861.5 1883588
865.3 1883588
865.8 1883588
866.3 1883556
866.8 1883556
867.3 1883556
868.3 1883556
868.8 1883556
869.3 1883556
869.8 1883556
870.5 1883556
871.6 1883524
872.1 1883524
872.6 1883588
873.1 1883588
873.6 1883588
874.1 1883588
875.1 1883588
875.6 1883588
876.6 1883588
877.2 1883588
877.8 1883588
878.3 1883556
878.8 1883556
880.8 1883556
882.9 1883556
883.4 1883588
883.9 1883588
884.4 1883588
885.7 1883556
887.1 1883556
890.8 1883556
892.7 1883556
895.3 1883556
895.8 1883556
899.8 1883556
901.7 1883524
902.2 1883588
903.2 1883588
905.1 1883588
906.9 1883588
908.2 1883588
908.7 1883588
909.2 1883588
912.9 1883556
914.8 1883556
915.3 1883556
920.1 1883556
922.0 1883556
923.3 1883588
925.2 1883556
927.0 1883556
927.5 1883556
928.4 1883556
932.0 1883556
933.8 1883556
935.7 1883556
937.4 1883556
941.0 1883524
941.5 1883524
943.4 1883588
943.9 1883588
947.5 1883588
948.0 1883588
949.4 1883588
949.9 1883588
951.7 1883556
952.2 1883556
952.7 1883556
954.6 1883556
955.6 1883556
956.1 1883556
956.6 1883556
958.0 1883588
958.8 1883588
959.3 1883588
960.5 1883588
962.3 1883588
962.8 1883588
963.3 1883588
965.1 1883588
968.8 1883556
970.6 1883556
971.1 1883556
973.0 1883556
973.5 1883556
974.0 1883588
975.9 1883588
976.4 1883588
978.3 1883556
978.8 1883556
979.9 1883556
980.5 1883556
982.6 1883556
984.5 1883556
985.1 1883556
985.7 1883556
987.5 1883556
988.0 1883524
988.5 1883588
989.0 1883588
992.6 1883588
993.6 1883588
997.2 1883588
999.1 1883588
1000.0 1883556
1000.5 1883556
1004.2 1883556
1006.1 1883556
1006.6 1883556
1007.1 1883556
1007.7 1883588
1008.2 1883588
1008.7 1883556
1010.6 1883556
1012.5 1883556
1014.3 1883556
1015.4 1883556
1017.4 1883556
1017.9 1883556
1018.4 1883556
1020.6 1883524
1021.9 1883524
1022.4 1883524
1023.7 1883588
1024.2 1883588
1024.7 1883588
1026.6 1883588
1028.4 1883588
1030.3 1883556
1030.8 1883556
1034.5 1883556
1036.4 1883556
1038.3 1883556
1040.5 1883556
1042.5 1883588
1044.3 1883556
1046.2 1883556
1046.7 1883556
1054.1 1883556
1055.6 1883556
1057.5 1883556
1060.1 1883556
1062.0 1883524
1062.5 1883524
1063.0 1883524
1064.8 1883588
1065.3 1883588
1065.8 1883588
1066.3 1883588
1069.7 1883588
1070.4 1883556
1070.9 1883556
1071.4 1883556
1071.9 1883556
1073.8 1883556
1074.3 1883556
1076.1 1883556
1076.6 1883556
1078.7 1883588
1079.2 1883588
1080.7 1883588
1082.6 1883588
1084.5 1883588
1085.0 1883588
1086.9 1883588
1088.8 1883588
1090.6 1883556
1091.1 1883556
1093.0 1883556
1093.5 1883556
1094.5 1883588
1095.0 1883588
1096.8 1883588
1098.7 1883588
1100.5 1883556
1101.0 1883556
1102.9 1883556
1103.4 1883556
1103.9 1883556
1104.4 1883556
1106.3 1883556
1108.2 1883556
1110.0 1883524
1110.5 1883588
1111.0 1883588
1111.5 1883588
1112.4 1883588
1112.9 1883588
1113.4 1883588
1113.9 1883588
1115.8 1883588
1116.3 1883556
1118.2 1883556
1120.4 1883556
1122.4 1883556
1122.9 1883556
1124.7 1883588
1128.4 1883588
1130.0 1883556
1131.9 1883556
1132.4 1883556
1133.9 1883556
1135.8 1883556
1136.3 1883556
1136.8 1883556
1139.7 1883556
1141.6 1883524
1143.5 1883588
1144.2 1883588
1145.1 1883588
1146.2 1883588
1146.7 1883588
1148.6 1883588
1149.1 1883588
1150.9 1883556
1152.8 1883556
1153.3 1883556
1153.8 1883556
1154.3 1883556
1156.1 1883556
1156.6 1883556
1158.4 1883588
1159.1 1883588
1159.6 1883556
1160.1 1883556
1160.6 1883556
1161.1 1883556
1161.6 1883556
1162.1 1883556
1164.2 1883556
1164.7 1883556
1165.2 1883556
1169.5 1883524
1170.0 1883524
1172.0 1883588
1173.9 1883588
1174.4 1883588
1174.9 1883588
1175.4 1883588
1175.9 1883556
1177.3 1883556
1177.8 1883556
1178.3 1883556
1178.8 1883556
1179.3 1883556
1179.9 1883556
1181.8 1883556
1183.7 1883588
1185.6 1883588
1187.4 1883588
1187.9 1883588
1188.4 1883588
1192.7 1883588
1193.2 1883588
1193.7 1883588
1194.6 1883556
1195.1 1883556
1195.6 1883556
1199.1 1883556
1199.6 1883556
1200.1 1883556
1200.6 1883588
1201.1 1883588
1201.6 1883588
1203.5 1883556
1204.0 1883556
1204.5 1883556
1205.9 1883556
1206.4 1883556
1208.3 1883556
1210.2 1883556
1210.7 1883556
1211.2 1883556
1211.7 1883588
1212.2 1883588
1212.7 1883588
1213.2 1883588
1215.1 1883588
1218.4 1883588
1218.9 1883588
1219.4 1883588
1221.3 1883556
1221.8 1883556
1222.3 1883556
1227.4 1883556
1227.9 1883556
1231.6 1883588
1233.5 1883588
1234.0 1883556
1235.9 1883556
1240.8 1883556
1244.5 1883556
1246.3 1883556
1250.2 1883556
1253.8 1883524
1255.7 1883588
1258.2 1883588
1262.0 1883588
1262.5 1883588
1263.0 1883588
1264.8 1883588
1265.3 1883588
1265.8 1883556
1266.3 1883556
1266.8 1883556
1267.3 1883556
1268.1 1883556
1270.2 1883556
1272.1 1883588
1274.7 1883556
1275.2 1883556
1277.0 1883556
1278.8 1883556
1279.3 1883556
1283.2 1883556
1283.7 1883556
1284.2 1883556
1285.1 1883524
1285.6 1883524
1287.5 1883524
1288.0 1883588
1289.9 1883588
1291.9 1883588
1294.4 1883588
1294.9 1883588
1298.6 1883556
1300.5 1883556
1302.4 1883556
1304.2 1883556
1304.7 1883556
1305.2 1883556
1305.7 1883556
1307.6 1883588
1308.1 1883588
1309.9 1883588
1311.5 1883588
1315.8 1883588
1316.3 1883588
1316.8 1883588
1317.3 1883588
1318.0 1883556
1318.5 1883556
1319.1 1883556
1321.2 1883556
1323.1 1883588
1323.6 1883588
1325.5 1883588
1327.4 1883588
1329.8 1883556
1330.5 1883556
1331.0 1883556
1331.5 1883556
1332.0 1883556
1334.0 1883556
1334.5 1883556
1339.2 1883556
1341.2 1883588
1343.0 1883588
1344.9 1883588
1348.6 1883588
1349.6 1883588
1350.1 1883588
1350.6 1883588
1352.4 1883556
1354.3 1883556
1355.2 1883556
1357.3 1883556
1357.8 1883556
1358.3 1883588
1358.8 1883588
1359.3 1883588
1359.8 1883588
1360.3 1883556
1362.3 1883556
1363.8 1883556
1365.8 1883556
1367.8 1883556
1369.7 1883556
1371.3 1883556
1371.8 1883556
1373.7 1883524
1378.1 1883588
1380.0 1883588
1380.5 1883588
1384.5 1883588
1387.7 1883556
1388.2 1883556
1390.1 1883556
1390.6 1883556
1391.1 1883556
1393.0 1883556
1393.5 1883556
1394.6 1883588
1396.5 1883556
1397.0 1883556
1399.0 1883556
1400.9 1883556
1402.9 1883556
1404.7 1883556
1406.4 1883556
1408.3 1883524
1408.8 1883524
1412.4 1883524
1412.9 1883524
1413.4 1883588
1414.3 1883588
1414.8 1883588
1416.5 1883588
1418.5 1883588
1419.0 1883588
1421.1 1883556
1421.6 1883556
1422.1 1883556
1423.9 1883556
1425.6 1883556
1426.1 1883556
1426.6 1883556
1427.1 1883556
1427.6 1883588
1428.7 1883588
1429.2 1883588
1429.7 1883588
1430.2 1883588
1432.6 1883588
1433.6 1883588
1434.7 1883588
1435.3 1883588
1437.4 1883556
1437.9 1883556
1438.4 1883556
1438.9 1883588
1440.9 1883588
1441.4 1883588
1441.9 1883588
1442.8 1883588
1443.7 1883556
1444.2 1883556
1444.7 1883556
1445.4 1883556
1445.9 1883556
1446.4 1883556
1446.9 1883556
1448.0 1883556
1448.5 1883556
1449.0 1883556
1449.5 1883588
1450.0 1883588
1450.5 1883588
1451.0 1883588
1452.1 1883588
1452.6 1883588
1453.1 1883588
1454.0 1883588
1455.1 1883556
1455.6 1883556
1456.1 1883556
1456.6 1883556
1457.1 1883556
1457.6 1883556
1459.4 1883588
1459.9 1883588
1460.4 1883588
1462.3 1883556
1462.8 1883556
1464.6 1883556
1465.1 1883556
1465.6 1883556
1466.1 1883556
1466.6 1883556
1467.1 1883556
1468.2 1883524
1468.7 1883524
1470.6 1883588
1471.1 1883588
1473.6 1883588
1475.4 1883588
1475.9 1883588
1477.8 1883588
1478.3 1883588
1480.2 1883556
1480.7 1883556
1481.2 1883556
1481.7 1883556
1482.2 1883556
1484.0 1883556
1484.5 1883556
1485.7 1883588
1486.2 1883588
1488.0 1883556
1489.9 1883556
1490.4 1883556
1492.3 1883556
1492.8 1883556
1494.4 1883556
1496.2 1883556
1497.6 1883524
1499.7 1883524
1501.5 1883588
1502.0 1883588
1502.5 1883588
1505.2 1883588
1507.5 1883800
1508.0 1883768
1508.5 1883768
1509.0 1883768
1510.3 1883768
1510.8 1883768
1511.3 1883768
1511.8 1883768
1512.3 1883768
1512.8 1883768
1513.3 1883800
1513.8 1883800
1514.3 1883800
1514.8 1883800
1515.5 1883800
1516.0 1883800
1516.5 1883800
1518.3 1883800
1520.2 1883800
1522.3 1883768
1522.8 1883768
1523.3 1883768
1525.1 1883768
1527.0 1883800
1528.9 1883800
1529.4 1883800
1529.9 1883800
1530.7 1883800
1532.6 1883768
1533.1 1883768
1535.0 1883768
1535.5 1883768
1538.1 1883768
1538.6 1883768
1542.4 1883768
1544.3 1883792
1545.6 1883792
1546.9 1883792
1547.4 1883792
1549.2 1883792
1549.7 1883792
1551.5 1883792
1552.0 1883792
1553.8 1883760
1554.3 1883760
1554.8 1883760
1557.9 1883760
1558.4 1883760
1560.2 1883792
1563.4 1883792
1565.3 1883760
1567.2 1883760
1569.0 1883760
1569.6 1883760
1570.1 1883760
1571.1 1883760
1573.5 1883760
1574.0 1883760
1574.5 1883760
1576.3 1883728
1577.8 1883792
1578.3 1883792
1580.2 1883792
1580.7 1883792
1581.2 1883792
1583.5 1883792
1584.0 1883760
1585.6 1883760
1587.1 1883760
1587.6 1883760
1590.2 1883760
1592.7 1883760
1596.4 1883792
1598.7 1883760
1599.2 1883760
1601.1 1883760
1604.8 1883760
1605.3 1883760
1606.3 1883760
1610.0 1883760
1614.9 1883728
1616.8 1883728
1619.3 1883792
1624.0 1883792
1625.5 1883792
1626.0 1883792
1627.6 1883792
1628.1 1883792
1631.8 1883760
1633.7 1883760
1634.2 1883760
1636.0 1883760
1637.1 1883760
1640.8 1883760
1641.3 1883792
1641.8 1883792
1643.7 1883792
1644.2 1883792
1644.7 1883792
1645.2 1883792
1645.7 1883792
1648.0 1883792
1648.5 1883792
1649.0 1883792
1650.0 1883760
1651.9 1883760
1653.8 1883760
1655.3 1883792
1655.8 1883792
1656.3 1883792
1656.8 1883792
1658.7 1883760
1660.5 1883760
1661.4 1883760
1662.5 1883760
1663.0 1883760
1663.5 1883760
1664.0 1883760
1664.5 1883760
1665.0 1883760
1665.5 1883792
1666.0 1883792
1666.5 1883792
1667.0 1883792
1667.5 1883792
1668.1 1883792
1668.6 1883792
1669.4 1883792
1669.9 1883792
1670.4 1883760
1670.9 1883760
1671.4 1883760
1672.0 1883760
1672.5 1883760
1673.0 1883760
1673.7 1883792
1674.2 1883792
1674.7 1883792
1675.2 1883792
1675.9 1883760
1676.4 1883760
1676.9 1883760
1677.4 1883760
1677.9 1883760
1678.4 1883760
1678.9 1883760
1679.4 1883760
1679.9 1883728
1681.8 1883728
1682.6 1883792
1683.1 1883792
1683.6 1883792
1684.1 1883792
1684.6 1883792
1685.1 1883792
1685.6 1883792
1686.1 1883792
1686.6 1883792
1687.1 1883792
1687.6 1883760
1688.1 1883760
1688.6 1883760
1690.5 1883760
1691.0 1883760
1691.5 1883760
1692.1 1883760
1692.6 1883760
1693.1 1883760
1693.6 1883760
1694.1 1883760
1694.6 1883760
1695.1 1883760
1695.6 1883760
1696.1 1883760
1696.6 1883760
1697.1 1883760
1697.6 1883760
1698.1 1883728
1698.6 1883792
1699.1 1883792
1699.6 1883792
1700.1 1883792
1700.6 1883792
1701.2 1883792
1701.7 1883760
1702.2 1883760
1702.7 1883760
1703.2 1883760
1703.7 1883760
1704.3 1883760
1704.8 1883760
1705.3 1883760
1705.8 1883760
1706.6 1883792
1707.1 1883792
1707.6 1883792
1708.1 1883792
1708.6 1883792
1709.1 1883792
1709.6 1883792
1710.1 1883792
1710.6 1883792
1711.1 1883792
1711.6 1883792
1712.1 1883760
1713.1 1883760
1713.6 1883760
1714.1 1883760
1714.6 1883792
1715.1 1883792
1715.6 1883792
1716.1 1883792
1716.9 1883760
1717.4 1883760
1717.9 1883760
1718.4 1883760
1718.9 1883760
1719.6 1883760
1720.1 1883760
1720.7 1883760
1721.2 1883760
1721.7 1883760
1722.2 1883792
1722.7 1883792
1723.2 1883792
1723.7 1883792
1724.2 1883792
1724.7 1883792
1725.2 1883792
1726.1 1883792
1726.6 1883760
1727.1 1883760
1727.6 1883760
1728.4 1883760
1728.9 1883760
1729.4 1883760
1730.0 1883792
1730.6 1883792
1731.1 1883792
1731.6 1883792
1732.7 1883760
1733.2 1883760
1733.7 1883760
1734.2 1883760
1734.7 1883760
1735.2 1883760
1735.7 1883760
1736.2 1883760
1736.7 1883760
1737.2 1883760
1737.7 1883760
1738.2 1883792
1739.5 1883792
1740.0 1883792
1740.5 1883792
1741.0 1883792
1741.5 1883792
1742.0 1883792
1742.5 1883792
1743.0 1883760
1743.5 1883760
1744.1 1883760
1744.6 1883760
1745.1 1883760
1745.7 1883760
1746.2 1883760
1746.7 1883792
1747.2 1883760
1747.9 1883760
1748.4 1883760
1748.9 1883760
1749.4 1883760
1749.9 1883760
1750.4 1883760
1750.9 1883760
1751.4 1883760
1751.9 1883728
1752.4 1883728
1753.0 1883728
1753.5 1883728
1754.2 1883792
1754.7 1883792
1755.2 1883792
1755.7 1883792
1756.2 1883792
1756.8 1883792
1757.3 1883792
1758.0 1883760
1758.9 1883760
1759.4 1883760
1759.9 1883760
1760.4 1883760
1761.0 1883760
1761.5 1883760
1762.1 1883824
1762.6 1883792
1763.1 1883792
1763.6 1883792
1764.1 1883792
1764.7 1883792
1765.2 1883792
1766.0 1883792
1766.5 1883792
1767.0 1883792
1767.9 1883760
1768.5 1883760
1769.0 1883760
1770.2 1883760
1770.7 1883760
1771.3 1883792
1771.8 1883792
1772.3 1883792
1772.8 1883792
1773.3 1883792
1774.0 1883760
1774.5 1883760
1775.0 1883760
1775.5 1883760
1776.0 1883760
1776.5 1883760
1777.0 1883760
1777.5 1883760
1778.0 1883728
1778.5 1883792
1779.0 1883792
1779.5 1883792
1780.2 1883792
1780.7 1883792
1781.2 1883792
1781.7 1883792
1782.2 1883792
1782.7 1883792
1783.2 1883760
1783.7 1883760
1784.2 1883760
1784.7 1883760
1785.2 1883760
1785.7 1883760
1786.2 1883792
1787.0 1883792
1787.5 1883792
1788.0 1883760
1788.5 1883760
1789.2 1883760
1789.7 1883760
1790.2 1883760
1790.9 1883760
1791.4 1883760
1792.1 1883760
1792.6 1883760
1793.1 1883728
1793.6 1883728
1794.2 1883792
1794.8 1883792
1795.3 1883792
1795.8 1883792
1796.3 1883792
1796.8 1883792
1797.3 1883792
1797.8 1883792
1798.3 1883760
1798.8 1883760
1799.3 1883760
1799.8 1883760
1800.3 1883760
1800.8 1883760
1801.3 1883760
1801.8 1883760
1802.3 1883792
1802.8 1883760
1803.4 1883760
1803.9 1883760
1804.5 1883760
1805.0 1883760
1805.5 1883760
1806.0 1883760
1807.9 1883760
1808.4 1883752
1814.1 1883720
1817.9 1883720
1818.4 1883784
1818.9 1883784
1820.7 1883784
1822.6 1883784
1824.5 1883752
1825.0 1883752
1826.8 1883752
1828.6 1883752
1830.5 1883752
1832.3 1883752
1832.9 1883752
1833.4 1883752
1833.9 1883752
1834.9 1883784
1835.4 1883784
1837.0 1883784
1838.0 1883784
1838.5 1883784
1839.0 1883784
1840.8 1883784
1842.9 1883784
1846.0 1883752
1846.5 1883752
1848.4 1883752
1850.2 1883752
1853.9 1883784
1855.7 1883784
1856.2 1883784
1856.7 1883752
1861.2 1883752
1863.0 1883752
1865.1 1883752
1865.6 1883752
1866.1 1883752
1869.5 1883752
1870.0 1883720
1870.5 1883784
1872.4 1883784
1876.0 1883784
1876.5 1883784
1877.6 1883784
1879.8 1883784
1880.3 1883752
1881.0 1883752
1882.8 1883752
1886.5 1883752
1888.3 1883752
1892.0 1883784
1894.2 1883784
1894.7 1883784
1898.3 1883752
1900.2 1883752
1902.0 1883752
1905.7 1883752
1906.2 1883752
1907.3 1883752
1911.0 1883720
1912.9 1883720
1914.8 1883784
1916.6 1883784
1920.4 1883784
1922.3 1883784
1924.1 1883784
1924.6 1883752
1925.7 1883752
1927.6 1883752
1928.1 1883752
1928.6 1883752
1929.3 1883752
1929.8 1883752
1931.6 1883784
1932.1 1883784
1932.6 1883752
1934.5 1883752
1936.3 1883752
1936.8 1883752
1942.3 1883752
1942.8 1883748
1946.5 1883716
1948.4 1883716
1948.9 1883716
1949.4 1883716
1949.9 1883780
1951.7 1883780
1953.6 1883780
1954.4 1883780
1956.3 1883780
1956.8 1883748
1958.7 1883748
1960.5 1883748
1961.0 1883748
1961.5 1883748
1962.0 1883748
1963.9 1883748
1964.4 1883748
1965.7 1883780
1966.7 1883780
1967.2 1883780
1969.0 1883780
1969.5 1883780
1971.8 1883780
1972.3 1883780
1974.2 1883780
1974.7 1883748
1975.2 1883748
1976.1 1883748
1976.7 1883748
1977.7 1883748
1981.1 1883780
1982.1 1883780
1984.1 1883780
1986.2 1883748
1986.7 1883748
1987.9 1883748
1988.4 1883748
1988.9 1883748
1989.4 1883748
1989.9 1883748
1990.4 1883748
1992.4 1883748
1994.3 1883780
1994.8 1883780
1997.2 1883780
1997.7 1883780
1998.2 1883780
1998.7 1883780
2000.0 1883780
2000.5 1883780
2001.0 1883780
2001.5 1883748
2002.0 1883748
2002.5 1883748
2003.0 1883748
2003.5 1883748
2004.0 1883748
2004.5 1883780
2006.5 1883780
2007.0 1883748
2007.5 1883748
2008.0 1883748
2010.7 1883748
2011.2 1883748
2011.7 1883748
2012.2 1883748
2012.7 1883748
2013.2 1883748
2019.1 1883716
2021.2 1883780
2021.7 1883780
2022.2 1883780
2022.7 1883780
2023.2 1883780
2023.7 1883780
2025.1 1883748
2027.0 1883748
2027.5 1883748
2029.1 1883748
2029.6 1883748
2030.1 1883748
2030.6 1883748
2031.1 1883780
2031.6 1883780
2035.0 1883748
2035.5 1883748
2036.0 1883748
2036.5 1883748
2038.6 1883748
2039.1 1883748
2039.6 1883748
2040.1 1883748
2040.6 1883748
2041.1 1883748
2044.4 1883716
2044.9 1883716
2045.4 1883780
2048.7 1883780
2049.2 1883780
2050.6 1883780
2051.1 1883780
2051.6 1883780
2054.3 1883748
2054.8 1883748
2056.8 1883748
2060.2 1883748
2062.0 1883748
2062.5 1883748
2063.8 1883780
2065.7 1883780
2068.2 1883780
2070.2 1883780
2070.7 1883780
2071.2 1883780
2071.7 1883780
2072.2 1883780
2072.7 1883748
2074.7 1883748
2075.2 1883748
2077.3 1883748
2077.8 1883780
2079.8 1883780
2080.3 1883780
2080.8 1883780
2081.3 1883748
2083.3 1883748
2083.8 1883748
2084.3 1883748
2087.5 1883748
2090.4 1883748
2090.9 1883748
2095.2 1883748
2101.2 1883780
2101.7 1883780
2102.2 1883780
2102.7 1883780
2103.5 1883780
2104.0 1883780
2104.5 1883780
2105.0 1883780
2106.0 1883748
2106.7 1883748
2107.2 1883748
2107.7 1883748
2108.2 1883748
2108.7 1883748
2110.6 1883780
2112.9 1883780
2114.8 1883748
2115.3 1883748
2115.9 1883748
2121.3 1883748
2121.8 1883748
2125.5 1883748
2126.0 1883748
2126.5 1883748
2127.0 1883716
2128.9 1883780
2130.7 1883780
2131.2 1883780
2134.8 1883780
2135.3 1883780
2135.8 1883780
2136.3 1883748
2138.2 1883748
2138.7 1883748
2139.2 1883748
2139.7 1883748
2140.3 1883748
2142.3 1883748
2142.8 1883780
2143.3 1883780
2143.8 1883748
2144.3 1883748
2144.8 1883748
2147.5 1883748
2149.3 1883748
2151.2 1883748
2154.8 1883748
2155.3 1883748
2155.8 1883748
2156.3 1883716
2156.8 1883716
2158.7 1883780
2159.2 1883780
2159.7 1883780
2161.6 1883780
2163.5 1883780
2165.4 1883748
2166.8 1883748
2167.3 1883748
2167.8 1883748
2168.3 1883748
2170.3 1883748
2170.8 1883748
2171.3 1883748
2171.8 1883748
2178.7 1883780
2179.2 1883780
2181.2 1883780
2182.1 1883780
2184.1 1883780
2188.1 1883780
2189.2 1883780
2189.7 1883780
2190.2 1883748
2192.2 1883748
2193.7 1883780
2195.9 1883780
2198.2 1883780
2198.7 1883780
2199.2 1883748
2201.2 1883748
2203.3 1883748
2203.9 1883748
2204.4 1883748
2204.9 1883748
2206.9 1883748
2208.8 1883748
2209.3 1883716
2211.0 1883780
2211.5 1883780
2212.1 1883780
2212.6 1883780
2216.9 1883780
2217.4 1883780
2217.9 1883780
2218.4 1883748
2218.9 1883748
2221.0 1883748
2221.5 1883748
2222.8 1883748
2223.3 1883748
2223.8 1883748
2224.3 1883780
2226.1 1883748
2229.9 1883748
2232.0 1883748
2233.8 1883748
2234.3 1883748
2236.2 1883748
2236.7 1883748
2239.8 1883748
2240.3 1883748
2240.8 1883748
2243.2 1883780
2245.1 1883780
2247.2 1883780
2247.7 1883780
2248.2 1883780
2248.8 1883780
2249.3 1883748
2249.8 1883748
2250.3 1883748
2250.8 1883748
2252.6 1883748
2254.5 1883748
2255.1 1883748
2255.6 1883748
2257.5 1883748
2259.4 1883748
2259.9 1883748
2261.7 1883748
2265.2 1883748
2271.6 1883748
2273.4 1883748
2273.9 1883748
2275.8 1883716
2276.3 1883716
2278.1 1883780
2279.9 1883780
2280.4 1883780
2282.3 1883780
2284.5 1883748
2285.0 1883748
2285.5 1883748
2289.1 1883748
2291.0 1883748
2291.5 1883748
2292.0 1883748
2292.5 1883748
2296.3 1883780
2299.4 1883780
2299.9 1883780
2300.4 1883780
2300.9 1883780
2303.2 1883780
2303.7 1883780
2304.2 1883780
2305.2 1883748
2306.4 1883748
2306.9 1883748
2307.4 1883748
2307.9 1883748
2308.4 1883748
2310.1 1883780
2310.8 1883780
2316.2 1883748
2316.7 1883748
2318.7 1883748
2320.8 1883748
2322.6 1883748
2324.5 1883748
2325.0 1883748
2325.6 1883748
2328.3 1883780
2328.8 1883780
2329.3 1883780
2329.8 1883780
2330.3 1883780
2330.9 1883780
2331.4 1883780
2331.9 1883780
2332.4 1883780
2334.3 1883748
2335.7 1883748
2336.2 1883748
2336.8 1883748
2337.6 1883748
2339.5 1883780
2341.3 1883780
2341.9 1883780
2342.4 1883780
2344.2 1883748
2346.5 1883748
2348.1 1883748
2348.6 1883748
2349.1 1883748
2350.8 1883748
2352.7 1883748
2353.2 1883748
2354.4 1883716
2356.3 1883780
2357.8 1883780
2358.3 1883780
2360.3 1883780
2362.2 1883780
2362.7 1883780
2363.2 1883748
2363.7 1883748
2365.5 1883748
2368.1 1883748
2368.6 1883748
2370.1 1883748
2371.9 1883780
2372.4 1883780
2374.3 1883748
2375.9 1883748
2376.4 1883748
2376.9 1883748
2382.5 1883748
2383.5 1883748
2384.0 1883748
2386.0 1883716
2387.9 1883716
2389.7 1883716
2391.0 1883780
2392.2 1883780
2392.7 1883780
2394.5 1883780
2395.0 1883780
2396.0 1883748
2396.5 1883748
2397.5 1883748
2399.4 1883748
2402.1 1883748
2403.9 1883748
2405.8 1883748
2406.7 1883748
2407.2 1883780
2407.7 1883780
2411.3 1883780
2411.8 1883780
2413.6 1883780
2415.5 1883780
2419.1 1883780
2421.0 1883748
2424.6 1883748
2425.1 1883748
2426.2 1883748
2426.7 1883748
2428.5 1883780
2429.5 1883780
2430.0 1883780
2431.8 1883748
2432.3 1883748
2436.0 1883748
2436.5 1883748
2438.7 1883748
2439.2 1883748
2441.0 1883748
2443.2 1883748
2443.7 1883780
2445.6 1883780
2446.1 1883780
2447.5 1883780
2448.3 1883780
2448.8 1883780
2449.3 1883780
2449.8 1883780
2450.3 1883748
2451.7 1883748
2453.5 1883748
2455.4 1883748
2455.9 1883748
2456.4 1883748
2458.2 1883780
2461.2 1883780
2461.7 1883748
2465.8 1883748
2466.3 1883748
2468.1 1883748
2468.9 1883748
2470.4 1883748
2470.9 1883748
2472.8 1883748
2475.8 1883716
2476.3 1883716
2478.2 1883780
2480.1 1883780
2481.4 1883780
2483.3 1883780
2486.3 1883780
2487.4 1883780
2489.2 1883748
2489.7 1883748
2490.2 1883748
2490.7 1883748
2491.2 1883748
2491.7 1883748
2492.2 1883748
2494.6 1883748
2495.1 1883748
2497.1 1883748
2498.5 1883748
2499.0 1883748
2499.5 1883748
2500.0 1883748
2501.0 1883748
2501.5 1883748
2502.0 1883748
2502.6 1883716
2503.1 1883716
2503.6 1883780
2504.1 1883780
2504.6 1883780
2506.7 1883780
2508.7 1883780
2509.2 1883780
2509.7 1883748
2510.2 1883748
2510.7 1883748
2516.2 1883748
2516.7 1883748
2517.8 1883748
2518.3 1883748
2520.1 1883780
2521.6 1883780
2522.1 1883780
2522.6 1883780
2523.1 1883780
2523.6 1883780
2525.6 1883780
2527.5 1883780
2528.4 1883780
2530.3 1883748
2530.8 1883748
2531.3 1883748
2533.2 1883748
2533.7 1883780
2537.3 1883780
2539.2 1883780
2539.7 1883748
2540.2 1883748
2541.2 1883748
2541.7 1883748
2543.5 1883748
2544.0 1883748
2545.9 1883748
2547.8 1883748
2549.3 1883748
2551.2 1883780
2551.7 1883780
2553.5 1883780
2555.4 1883780
2557.3 1883780
2559.2 1883780
2559.7 1883780
2560.4 1883748
2561.8 1883748
2562.3 1883748
2564.2 1883748
2566.0 1883748
2567.9 1883780
2569.7 1883780
2570.2 1883780
2570.7 1883780
2571.9 1883748
2572.4 1883748
2576.1 1883748
2577.1 1883748
2577.6 1883748
2578.1 1883748
2580.0 1883748
2583.6 1883716
2584.9 1883716
2585.4 1883780
2586.0 1883780
2586.5 1883780
2587.1 1883780
2587.6 1883780
2588.1 1883780
2588.6 1883780
2589.6 1883748
2592.2 1883748
2592.7 1883748
2595.1 1883748
2597.0 1883748
2598.8 1883748
2600.1 1883780
2600.6 1883748
2601.1 1883748
2602.1 1883748
2602.6 1883748
2603.1 1883748
2603.7 1883748
2604.2 1883748
2604.7 1883748
2605.2 1883748
2605.7 1883716
2606.4 1883716
2606.9 1883716
2607.4 1883716
2607.9 1883780
2608.4 1883780
2608.9 1883780
2609.4 1883780
2609.9 1883780
2610.4 1883780
2610.9 1883748
2611.6 1883748
2612.2 1883748
2612.7 1883748
2613.4 1883748
2613.9 1883748
2614.4 1883748
2615.0 1883748
2615.5 1883748
2616.0 1883780
2616.5 1883780
2618.3 1883780
2618.8 1883780
2619.3 1883780
2619.8 1883780
2621.7 1883780
2622.2 1883780
2624.2 1883748
2624.9 1883748
2625.4 1883748
2625.9 1883748
2626.7 1883748
2627.2 1883748
2627.7 1883780
2628.2 1883780
2628.7 1883780
2629.2 1883780
2629.7 1883748
2630.2 1883748
2630.7 1883748
2631.2 1883748
2631.8 1883748
2633.2 1883748
2633.7 1883748
2635.5 1883748
2636.0 1883716
2636.5 1883780
2637.8 1883780
2638.3 1883780
2638.8 1883780
2639.6 1883780
2640.2 1883780
2640.7 1883780
2642.2 1883780
2643.0 1883748
2643.8 1883748
2644.3 1883748
2645.7 1883748
2646.3 1883748
2646.8 1883748
2647.5 1883748
2648.7 1883780
2649.2 1883780
2649.7 1883780
2650.2 1883748
2650.8 1883748
2651.3 1883748
2651.8 1883748
2652.6 1883748
2653.1 1883748
2653.6 1883748
2655.3 1883748
2655.8 1883748
2656.3 1883716
2656.8 1883780
2657.8 1883780
2658.3 1883780
2658.8 1883780
2660.2 1883780
2662.5 1883780
2663.0 1883780
2663.5 1883780
2664.0 1883748
2664.5 1883748
2666.3 1883748
2666.8 1883748
2668.7 1883748
2670.4 1883780
2670.9 1883780
2671.4 1883780
2671.9 1883748
2672.9 1883748
2673.4 1883748
2673.9 1883748
2674.4 1883748
2674.9 1883748
2676.7 1883748
2678.6 1883748
2679.2 1883716
2680.0 1883716
2680.5 1883716
2681.0 1883780
2681.5 1883780
2683.8 1883780
2684.3 1883780
2684.8 1883780
2687.0 1883748
2687.7 1883748
2689.0 1883748
2689.9 1883748
2690.4 1883748
2690.9 1883748
2691.4 1883748
2691.9 1883748
2692.4 1883748
2692.9 1883748
2693.4 1883780
2693.9 1883780
2694.4 1883780
2694.9 1883780
2695.4 1883780
2697.3 1883780
2697.8 1883780
2699.3 1883780
2699.8 1883780
2700.3 1883748
2700.8 1883748
2701.3 1883748
2701.8 1883748
2702.3 1883780
2702.8 1883780
2703.3 1883780
2703.8 1883780
2704.3 1883748
2704.8 1883748
2705.3 1883748
2705.8 1883748
2706.3 1883748
2706.8 1883748
2708.9 1883748
2710.5 1883748
2711.0 1883748
2711.5 1883748
2712.0 1883748
2712.5 1883780
2713.0 1883780
2713.6 1883780
2715.4 1883780
2716.3 1883780
2716.8 1883780
2717.3 1883780
2719.8 1883748
2721.2 1883748
2721.7 1883748
2722.2 1883748
2724.0 1883748
2725.3 1883780
2726.0 1883780
2727.2 1883780
2728.4 1883748
2728.9 1883748
2729.4 1883748
2729.9 1883748
2730.4 1883748
2730.9 1883748
2731.4 1883748
2732.0 1883748
2735.7 1883748
2736.2 1883748
2737.6 1883716
2738.2 1883716
2740.1 1883780
2740.6 1883780
2741.1 1883780
2741.6 1883780
2743.8 1883780
2744.3 1883748
2744.8 1883748
2746.7 1883748
2747.2 1883748
2747.7 1883748
2751.4 1883748
2753.3 1883780
2755.1 1883780
2756.9 1883748
2757.4 1883748
2758.8 1883748
2759.7 1883748
2760.2 1883748
2760.7 1883748
2761.8 1883748
2762.3 1883748
2762.8 1883748
2763.3 1883716
2763.8 1883716
2764.3 1883716
2764.8 1883716
2765.6 1883780
2766.1 1883780
2766.6 1883780
2767.1 1883780
2768.2 1883748
2770.0 1883748
2771.9 1883748
2772.4 1883748
2772.9 1883748
2773.4 1883748
2775.5 1883748
2776.0 1883748
2776.5 1883812
2778.7 1883780
2780.6 1883780
2781.6 1883780
2783.7 1883780
2784.2 1883780
2786.1 1883780
2786.6 1883780
2788.5 1883748
2790.6 1883748
2791.1 1883748
2791.6 1883748
2793.5 1883748
2794.0 1883748
2797.8 1883780
2799.1 1883780
2799.6 1883780
2801.4 1883748
2801.9 1883748
2802.8 1883748
2804.6 1883748
2805.4 1883748
2805.9 1883748
2806.4 1883748
2806.9 1883748
2807.5 1883716
2808.0 1883780
2808.5 1883780
2809.0 1883780
2810.8 1883780
2812.4 1883780
2812.9 1883780
2813.4 1883780
2813.9 1883780
2814.9 1883748
2815.8 1883748
2816.3 1883748
2818.2 1883748
2818.7 1883748
2819.2 1883748
2820.6 1883780
2821.1 1883780
2821.6 1883748
2822.1 1883748
2822.6 1883748
2823.1 1883748
2823.6 1883748
2824.1 1883748
2825.0 1883748
2825.7 1883748
2827.5 1883748
2828.0 1883748
2829.9 1883716
2830.4 1883780
2831.2 1883780
2831.7 1883780
2832.2 1883780
2834.0 1883780
2834.5 1883780
2835.0 1883780
2835.7 1883748
2836.2 1883748
2836.7 1883748
2837.2 1883748
2837.7 1883748
2839.4 1883748
2839.9 1883748
2840.4 1883748
2840.9 1883780
2841.4 1883748
2845.0 1883748
2846.9 1883748
2847.4 1883748
2847.9 1883748
2848.4 1883748
2848.9 1883748
2849.6 1883748
2850.8 1883716
2851.3 1883716
2851.8 1883716
2852.3 1883716
2852.8 1883780
2854.7 1883780
2857.6 1883780
2858.1 1883780
2858.6 1883780
2859.1 1883748
2859.6 1883748
2861.4 1883748
2861.9 1883748
2862.6 1883748
2863.1 1883748
2863.6 1883748
2865.4 1883748
2865.9 1883780
2867.0 1883780
2868.8 1883780
2869.3 1883780
2869.8 1883780
2870.8 1883780
2871.7 1883780
2872.7 1883780
2876.3 1883748
2877.8 1883748
2878.3 1883748
2879.1 1883748
2881.0 1883748
2881.5 1883780
2882.0 1883780
2882.6 1883780
2883.7 1883780
2884.2 1883748
2884.7 1883748
2885.5 1883748
2887.3 1883748
2887.8 1883748
2888.3 1883748
2890.5 1883748
2892.8 1883748
2893.5 1883716
2894.0 1883780
2895.9 1883780
2896.4 1883780
2896.9 1883780
2898.3 1883780
2898.8 1883780
2900.6 1883780
2901.5 1883748
2902.0 1883748
2902.5 1883748
2904.3 1883748
2905.4 1883748
2905.9 1883748
2907.8 1883780
2908.3 1883780
2908.8 1883780
2909.3 1883748
2909.8 1883748
2910.3 1883748
2911.2 1883748
2911.9 1883748
2912.4 1883748
2913.0 1883748
2913.5 1883748
2914.0 1883748
2914.5 1883748
2916.3 1883716
2916.8 1883780
2917.3 1883780
2917.8 1883780
2919.6 1883780
2920.1 1883780
2920.6 1883780
2922.4 1883780
2924.2 1883748
2924.7 1883748
2926.8 1883748
2927.3 1883748
2929.2 1883748
2929.7 1883748
2930.2 1883748
2933.8 1883748
2934.3 1883748
2938.3 1883748
2942.0 1883748
2944.0 1883748
2944.8 1883748
2948.7 1883748
2950.6 1883716
2951.1 1883716
2953.0 1883716
2953.5 1883780
2955.3 1883780
2955.8 1883780
2956.5 1883780
2958.8 1883780
2959.3 1883748
2960.1 1883748
2961.9 1883748
2962.4 1883748
2962.9 1883748
2963.5 1883748
2964.0 1883748
2964.5 1883748
2965.0 1883748
2965.5 1883780
2966.0 1883780
2966.5 1883780
2967.0 1883780
2967.5 1883780
2968.0 1883780
2968.5 1883780
2969.0 1883780
2969.5 1883780
2970.0 1883780
2972.0 1883748
2974.3 1883748
2974.8 1883748
2976.7 1883780
2978.3 1883780
2978.8 1883780
2979.6 1883748
2980.1 1883748
2980.6 1883748
2981.1 1883748
2981.6 1883748
2982.1 1883748
2982.6 1883748
2983.2 1883748
2983.7 1883748
2984.4 1883748
2984.9 1883748
2986.4 1883780
2988.5 1883780
2989.0 1883780
2990.8 1883780
2992.6 1883780
2993.5 1883780
2994.0 1883780
2996.0 1883748
2996.5 1883748
2999.2 1883748
2999.7 1883748
3000.2 1883748
