0.5 1837180
1.0 1837180
1.5 1837180
2.0 1837180
2.5 1837180
3.0 1837180
3.5 1837180
4.0 1837180
4.5 1837212
5.0 1837212
5.5 1837212
6.0 1837212
6.5 1837212
7.0 1837212
7.5 1837212
8.8 1837212
9.3 1837212
12.9 1837180
14.7 1837180
16.5 1837212
17.8 1837212
19.7 1837212
23.2 1837212
27.0 1837180
28.2 1837180
29.5 1837180
30.0 1842476
30.5 1843804
31.0 1843944
31.5 1845536
32.0 1845480
32.5 1846012
33.0 1845512
33.5 1845448
34.0 1845164
34.5 1845180
35.0 1845836
35.5 1845552
36.0 1845504
36.5 1845220
37.0 1845376
37.5 1845504
38.0 1845300
38.5 1845172
39.0 1845424
39.5 1845632
40.0 1845428
40.5 1845688
41.0 1844884
41.5 1845012
42.0 1844964
42.5 1844584
43.0 1844776
43.5 1845012
44.0 1844900
44.5 1844664
45.0 1844724
45.5 1844788
46.0 1844912
46.5 1845544
47.0 1845576
47.5 1845448
48.0 1845480
48.5 1845352
49.0 1845528
49.5 1845512
50.0 1845572
50.5 1845572
51.0 1845664
51.5 1845380
52.0 1845144
52.5 1844972
53.0 1845508
53.5 1839448
54.0 1839480
56.2 1839480
57.9 1839480
58.4 1839480
62.1 1839448
63.9 1839448
69.4 1839448
69.9 1839448
70.4 1839448
70.9 1839448
71.9 1839448
72.4 1839448
74.5 1839480
75.0 1845412
75.5 1845444
76.0 1845044
76.5 1845200
77.0 1845596
77.5 1845200
78.0 1845624
78.5 1845484
79.0 1845404
79.5 1845656
80.0 1845304
80.5 1845448
81.0 1845668
81.5 1845368
82.0 1845272
82.5 1845116
83.0 1845584
83.5 1845612
84.0 1845644
84.5 1845376
85.0 1845404
85.5 1845516
86.0 1845864
86.5 1845468
87.0 1845232
87.5 1845516
88.0 1845200
88.5 1844868
89.0 1845420
89.5 1845420
90.0 1845744
90.5 1845648
91.0 1845476
91.5 1845256
92.0 1845476
92.5 1845064
93.0 1845036
93.5 1844500
94.0 1845160
94.5 1845524
95.0 1845280
95.5 1844856
96.0 1844764
96.5 1845284
97.0 1845028
97.5 1844984
98.0 1839292
98.5 1839292
100.5 1839292
101.0 1839292
101.5 1839292
102.0 1839292
102.5 1839292
103.0 1839324
103.5 1839324
104.1 1839324
104.6 1839324
106.5 1839324
108.5 1839324
109.0 1839324
109.5 1839324
110.0 1839324
110.5 1839324
111.0 1839292
111.5 1839292
112.0 1839292
112.5 1839292
113.0 1839324
113.5 1839324
114.0 1839324
114.5 1839324
115.0 1839292
117.8 1839292
118.3 1839292
118.8 1839292
119.3 1839292
119.8 1845568
120.3 1845676
120.8 1845268
121.3 1845440
121.8 1845376
122.3 1845676
122.8 1845408
123.3 1845820
123.8 1845260
124.3 1845496
124.8 1845460
125.3 1845240
125.8 1845412
126.3 1845588
126.8 1845556
127.3 1845508
127.8 1845288
128.3 1845224
128.8 1844800
129.3 1844988
129.8 1845116
130.3 1845432
130.8 1845400
131.3 1845528
131.8 1845416
132.3 1845116
132.8 1845132
133.3 1845432
133.8 1845780
134.3 1845592
134.8 1845412
135.3 1845160
135.8 1845532
136.3 1845292
136.8 1845500
137.3 1845076
137.8 1844948
138.3 1844976
138.8 1845356
139.3 1844980
139.8 1845256
140.3 1845020
140.8 1844544
141.3 1845444
141.8 1845396
142.3 1845284
142.8 1845412
143.3 1839400
143.8 1839400
144.3 1839400
144.8 1839400
148.4 1839360
149.1 1839360
149.6 1839360
151.6 1839360
152.1 1839360
152.6 1839360
153.3 1839360
155.6 1839360
156.8 1839328
157.3 1839392
157.8 1839392
158.3 1839392
158.8 1839392
159.3 1839392
161.8 1839392
162.3 1839392
162.8 1839360
163.3 1839360
163.8 1839360
164.3 1839360
164.8 1839360
165.3 1845688
165.8 1845468
166.3 1845680
166.8 1845412
167.3 1845380
167.8 1845364
168.3 1845048
168.8 1845428
169.3 1845836
169.8 1845520
170.3 1844936
170.8 1844904
171.3 1845140
171.8 1845708
172.3 1845328
172.8 1845344
173.3 1845692
173.8 1845328
174.3 1845580
174.8 1845328
175.3 1845116
175.8 1845480
176.3 1846096
176.8 1845528
177.3 1845732
177.8 1845732
178.3 1845624
178.8 1845464
179.3 1845464
179.8 1845212
180.3 1845156
180.8 1845708
181.3 1845424
181.8 1845548
182.3 1845344
182.8 1845300
183.3 1845392
183.8 1845708
184.3 1845456
184.8 1845440
185.3 1845300
185.8 1845176
186.3 1845084
186.8 1845080
187.3 1845332
187.8 1845096
188.3 1839236
188.8 1839236
189.3 1839236
189.8 1839236
190.3 1839236
190.8 1839204
191.3 1839268
191.8 1839268
192.3 1839268
192.8 1839268
193.3 1839268
193.8 1839268
194.3 1839268
194.8 1839268
196.8 1839236
197.3 1839236
197.8 1839236
198.3 1839236
198.8 1839236
199.3 1839236
199.8 1839268
200.3 1839268
200.8 1839268
201.3 1839268
201.8 1839236
202.3 1839236
202.8 1839236
203.3 1839236
203.8 1839236
204.3 1839236
204.8 1839236
205.3 1839236
205.8 1839204
206.3 1839204
206.8 1839204
207.3 1839268
207.8 1839268
208.5 1839268
209.1 1839268
209.6 1839268
210.1 1845968
210.6 1846244
211.1 1845812
211.6 1845660
212.1 1845784
212.6 1845544
213.1 1845232
213.6 1844900
214.1 1845168
214.6 1845436
215.1 1845112
215.6 1845744
216.1 1845536
216.6 1845396
217.1 1845348
217.6 1845476
218.1 1845696
218.6 1845300
219.1 1845476
219.6 1845252
220.1 1845532
220.6 1845544
221.1 1846176
221.6 1845484
222.1 1845232
222.6 1844980
223.1 1844868
223.6 1844916
224.1 1844788
224.6 1844836
225.1 1844988
225.6 1844928
226.1 1845196
226.6 1845372
227.1 1845320
227.6 1845416
228.1 1845432
228.6 1845368
229.1 1845544
229.6 1845620
230.1 1845628
230.6 1845660
231.1 1845580
231.6 1845612
232.1 1845548
232.6 1845028
233.1 1839460
233.6 1839460
235.5 1839460
237.3 1839456
241.0 1839456
246.4 1839456
248.2 1839424
250.1 1839488
251.8 1839488
253.7 1839488
254.5 1839488
255.0 1845372
255.5 1845260
256.0 1845452
256.5 1845372
257.0 1844812
257.5 1844892
258.0 1845412
258.5 1845380
259.0 1845348
259.5 1845348
260.0 1845264
260.5 1845200
261.0 1845344
261.5 1845172
262.0 1844792
262.5 1844716
263.0 1844872
263.5 1844948
264.0 1845188
264.5 1844888
265.0 1845156
265.5 1845328
266.0 1845392
266.5 1845220
267.0 1844964
267.5 1845440
268.0 1845660
268.5 1845328
269.0 1845612
269.5 1845580
270.0 1845556
270.5 1845620
271.0 1845780
271.5 1845668
272.0 1845192
272.5 1845288
273.0 1845384
273.5 1845480
274.0 1845368
274.5 1845384
275.0 1845780
275.5 1845400
276.0 1845256
276.5 1845256
277.0 1839432
277.5 1839432
281.4 1839432
282.4 1839400
282.9 1839400
283.4 1839400
283.9 1839400
284.4 1839400
284.9 1839400
285.4 1839400
286.4 1839400
287.3 1839400
289.3 1839432
289.8 1839432
290.3 1839432
290.8 1839432
291.3 1839432
291.8 1839432
292.9 1839432
293.4 1839432
293.9 1839432
294.4 1839400
294.9 1839400
295.4 1839400
295.9 1839400
296.4 1839400
296.9 1839400
297.4 1839432
299.2 1839432
299.7 1839432
300.2 1839400
300.7 1845576
301.2 1845556
301.7 1845476
302.2 1845240
302.7 1845272
303.2 1845320
303.7 1845304
304.2 1845320
304.7 1845368
305.2 1845132
305.7 1845256
306.2 1845336
306.7 1845588
307.2 1845652
307.7 1845288
308.2 1845304
308.7 1845400
309.2 1845448
309.7 1845352
310.2 1845416
310.7 1845684
311.2 1845668
311.7 1845352
312.2 1845724
312.7 1845220
313.2 1845108
313.7 1845076
314.2 1845328
314.7 1845456
315.2 1845660
315.7 1845472
316.2 1845692
316.7 1845312
317.2 1845312
317.7 1845472
318.2 1845644
318.7 1845392
319.2 1844496
319.7 1844368
320.2 1844448
320.7 1845032
321.2 1844772
321.7 1845340
322.2 1845252
322.7 1839340
323.2 1839340
324.0 1839340
325.2 1839404
327.1 1839404
327.6 1839404
328.1 1839404
328.6 1839404
332.5 1839372
333.0 1839372
333.5 1839372
338.8 1839372
342.4 1839372
343.6 1839372
344.1 1839436
344.6 1839404
345.1 1845588
345.6 1845464
346.1 1845400
346.6 1845352
347.1 1845304
347.6 1845336
348.1 1844944
348.6 1845228
349.1 1845180
349.6 1844972
350.1 1844960
350.6 1844912
351.1 1844784
351.6 1845024
352.1 1844660
352.6 1844564
353.1 1844800
353.6 1845020
354.1 1845464
354.6 1845684
355.1 1845668
355.6 1845588
356.1 1845400
356.6 1845368
357.1 1845352
357.6 1845400
358.1 1845336
358.6 1845240
359.1 1845304
359.6 1845256
360.1 1845040
360.6 1845808
361.1 1845572
361.6 1845416
362.1 1845304
362.6 1845668
363.1 1845304
363.6 1845492
364.1 1845432
364.6 1845052
365.1 1845444
365.6 1845476
366.1 1845352
366.6 1845320
367.1 1839420
367.6 1839388
368.1 1839388
369.9 1839388
373.4 1839388
373.9 1839388
375.7 1839388
377.5 1839388
381.0 1839356
381.5 1839356
383.3 1839356
385.1 1839420
388.5 1839420
389.5 1839420
390.0 1839420
390.5 1845484
391.0 1845612
391.5 1845612
392.0 1845376
392.5 1845328
393.0 1845328
393.5 1845564
394.0 1845532
394.5 1845612
395.0 1845516
395.5 1845644
396.0 1845660
396.5 1845488
397.0 1845328
397.5 1845612
398.0 1845360
398.5 1845532
399.0 1845812
399.5 1845416
400.0 1845480
400.5 1845272
401.0 1845240
401.5 1845384
402.0 1845384
402.5 1845416
403.0 1845352
403.5 1845180
404.0 1845480
404.5 1845560
405.0 1845400
405.5 1845352
406.0 1845556
406.5 1845620
407.0 1845748
407.5 1845572
408.0 1845288
408.5 1845508
409.0 1845444
409.5 1845556
410.0 1845416
410.5 1845228
411.0 1845224
411.5 1844988
412.0 1845416
412.5 1839840
413.0 1839736
413.5 1839736
415.3 1839704
415.8 1839704
416.3 1839704
418.1 1839768
420.1 1839768
420.6 1839768
421.1 1839768
423.3 1839768
425.7 1839736
426.2 1839736
428.0 1839736
428.5 1839736
429.0 1839736
429.5 1839736
433.0 1839768
434.5 1839768
435.0 1845760
435.5 1845564
436.0 1845524
436.5 1845632
437.0 1845336
437.5 1845288
438.0 1845432
438.5 1845352
439.0 1845384
439.5 1845588
440.0 1845348
440.5 1845380
441.0 1845412
441.5 1845568
442.0 1845632
442.5 1845632
443.0 1845584
443.5 1845696
444.0 1845332
444.5 1845552
445.0 1845264
445.5 1845752
446.0 1845028
446.5 1845456
447.0 1845360
447.5 1845312
448.0 1845392
448.5 1846024
449.0 1845580
449.5 1845564
450.0 1845892
450.5 1845576
451.0 1845592
451.5 1844976
452.0 1845528
452.5 1845340
453.0 1845276
453.5 1845324
454.0 1845308
454.5 1845084
455.0 1845052
455.5 1845148
456.0 1845400
456.5 1845384
457.0 1839532
457.5 1839532
458.0 1839532
458.5 1839532
460.0 1839564
460.6 1839560
462.1 1839560
462.6 1839560
463.1 1839560
467.0 1839560
467.5 1839560
468.9 1839528
469.4 1839528
469.9 1839528
470.4 1839528
470.9 1839528
472.3 1839560
472.8 1839560
473.5 1839560
474.2 1839560
474.7 1839560
475.8 1839528
476.3 1839528
477.0 1839528
478.9 1839528
479.5 1839528
480.0 1845004
480.5 1844876
481.0 1845096
481.5 1845208
482.0 1845224
482.5 1845348
483.0 1845324
483.5 1845388
484.0 1845436
484.5 1845224
485.0 1844924
485.5 1845724
486.0 1845564
486.5 1845264
487.0 1845376
487.5 1845756
488.0 1845564
488.5 1845484
489.0 1845468
489.5 1845628
490.0 1845388
490.5 1845476
491.0 1845548
491.5 1844980
492.0 1845280
492.5 1845072
493.0 1845024
493.5 1845296
494.0 1845420
494.5 1845436
495.0 1845652
495.5 1845684
496.0 1845636
496.5 1845636
497.0 1845464
497.5 1845540
498.0 1845416
498.5 1845320
499.0 1845432
499.5 1845320
500.0 1845096
500.5 1845236
501.0 1845128
501.5 1845600
502.0 1839524
503.2 1839524
503.7 1839524
504.2 1839524
504.7 1839524
505.2 1839524
506.7 1839488
507.2 1839488
507.7 1839488
508.2 1839488
508.7 1839488
509.3 1839488
510.6 1839488
511.4 1839520
512.8 1839520
513.3 1839520
513.8 1839488
514.3 1839488
515.5 1839488
517.1 1839488
518.7 1839488
519.5 1839488
521.0 1839488
522.8 1839456
524.5 1839456
525.0 1845100
525.5 1845400
526.0 1845540
526.5 1845668
527.0 1845272
527.5 1845668
528.0 1845636
528.5 1845572
529.0 1845728
529.5 1845472
530.0 1845632
530.5 1845504
531.0 1845552
531.5 1845632
532.0 1845096
532.5 1845616
533.0 1845664
533.5 1845220
534.0 1845080
534.5 1845032
535.0 1845092
535.5 1845108
536.0 1845452
536.5 1845184
537.0 1845360
537.5 1845264
538.0 1845296
538.5 1845140
539.0 1845876
539.5 1845988
540.0 1845624
540.5 1844992
541.0 1845260
541.5 1845324
542.0 1845356
542.5 1845592
543.0 1845544
543.5 1845292
544.0 1845656
544.5 1845464
545.0 1845100
545.5 1845304
546.0 1845572
546.5 1845396
547.0 1839560
547.5 1839560
548.0 1839560
548.5 1839560
549.0 1839560
549.5 1839560
550.2 1839556
550.7 1839556
551.5 1839524
552.2 1839524
552.7 1839524
553.2 1839524
553.7 1839524
554.3 1839524
555.2 1839556
555.9 1839556
556.5 1839556
557.3 1839524
557.8 1839524
558.3 1839524
558.8 1839524
560.4 1839524
560.9 1839524
561.4 1839524
562.1 1839524
562.6 1839492
563.1 1839492
564.9 1839492
565.4 1839556
566.3 1839556
567.2 1839556
567.7 1839556
568.2 1839556
568.7 1839556
569.5 1839524
570.0 1845176
570.5 1845252
571.0 1845112
571.5 1845804
572.0 1845488
572.5 1845464
573.0 1845464
573.5 1845576
574.0 1845688
574.5 1845244
575.0 1845824
575.5 1845636
576.0 1845208
576.5 1845576
577.0 1846104
577.5 1846424
578.0 1844952
578.5 1845288
579.0 1845368
579.5 1845540
580.0 1845632
580.5 1845664
581.0 1845488
581.5 1845488
582.0 1845600
582.5 1845472
583.0 1845520
583.5 1845080
584.0 1845456
584.5 1845316
585.0 1845280
585.5 1845548
586.0 1845596
586.5 1845692
587.0 1845248
587.5 1845376
588.0 1845784
588.5 1845628
589.0 1845216
589.5 1845312
590.0 1845076
590.5 1845344
591.0 1845136
591.5 1844932
592.0 1844272
592.5 1839352
593.0 1839320
594.4 1839384
594.9 1839380
595.6 1839380
596.3 1839380
596.8 1839380
597.3 1839380
597.8 1839380
598.9 1839380
599.4 1839348
599.9 1839348
600.4 1839348
601.2 1839348
602.5 1839348
604.5 1839348
605.0 1839380
605.5 1839380
606.0 1839380
607.3 1839348
607.8 1839348
608.3 1839348
610.4 1839348
610.9 1839348
611.4 1839348
611.9 1839348
612.4 1839348
612.9 1839316
613.4 1839316
613.9 1839316
614.4 1839316
614.9 1845172
615.4 1845220
615.9 1845104
616.4 1845812
616.9 1845212
617.4 1845468
617.9 1845232
618.4 1845388
618.9 1845244
619.4 1845308
619.9 1845304
620.4 1845084
620.9 1845208
621.4 1845604
621.9 1845620
622.4 1845652
622.9 1845540
623.4 1845508
623.9 1845192
624.4 1845604
624.9 1845728
625.4 1846092
625.9 1845600
626.4 1845632
626.9 1845996
627.4 1845616
627.9 1845504
628.4 1845536
628.9 1845456
629.4 1845472
629.9 1845844
630.4 1845440
630.9 1844840
631.4 1844840
631.9 1845220
632.4 1845156
632.9 1845312
633.4 1845676
633.9 1845548
634.4 1845596
634.9 1845592
635.4 1844928
635.9 1844768
636.4 1845040
636.9 1845072
637.4 1838940
637.9 1839004
641.1 1839000
642.1 1839000
642.6 1839000
644.5 1839000
645.0 1839000
645.7 1838968
647.5 1838968
648.3 1838968
648.8 1838968
650.6 1838968
651.1 1838968
652.9 1838968
653.8 1839032
655.6 1839000
657.4 1839000
659.2 1839000
659.7 1839000
660.2 1845180
660.7 1844996
661.2 1844900
661.7 1845012
662.2 1844648
662.7 1845044
663.2 1844604
663.7 1845044
664.2 1845184
664.7 1845344
665.2 1845260
665.7 1845196
666.2 1845608
666.7 1845544
667.2 1845672
667.7 1845480
668.2 1845608
668.7 1845464
669.2 1845512
669.7 1845672
670.2 1845428
670.7 1845412
671.2 1845460
671.7 1845492
672.2 1845540
672.7 1845476
673.2 1845396
673.7 1845444
674.2 1845460
674.7 1845524
675.2 1845740
675.7 1845552
676.2 1845536
676.7 1845268
677.2 1845188
677.7 1845076
678.2 1845392
678.7 1845456
679.2 1845600
679.7 1845092
680.2 1845092
680.7 1845056
681.2 1845372
681.7 1845452
682.2 1839828
682.7 1839828
684.5 1839828
686.3 1839824
688.1 1839824
688.6 1839824
693.9 1839856
695.7 1839856
697.7 1839856
699.5 1839856
700.0 1839856
703.5 1839856
704.5 1839856
705.0 1845552
705.5 1845616
706.0 1845520
706.5 1845316
707.0 1845552
707.5 1845552
708.0 1845696
708.5 1845584
709.0 1845488
709.5 1845408
710.0 1845516
710.5 1845344
711.0 1845516
711.5 1845436
712.0 1846116
712.5 1845264
713.0 1845220
713.5 1845392
714.0 1845248
714.5 1845028
715.0 1845388
715.5 1845196
716.0 1845732
716.5 1845244
717.0 1845276
717.5 1845356
718.0 1845308
718.5 1845544
719.0 1845512
719.5 1845608
720.0 1845272
720.5 1845444
721.0 1845508
721.5 1845492
722.0 1845412
722.5 1845604
723.0 1845380
723.5 1845444
724.0 1845508
724.5 1845368
725.0 1845316
725.5 1845568
726.0 1845648
726.5 1845504
727.0 1839740
728.6 1839740
729.1 1839740
730.9 1839704
732.8 1839704
736.3 1839704
736.8 1839704
738.7 1839736
742.4 1839736
746.6 1839736
748.4 1839704
749.5 1839704
750.0 1845392
750.5 1845200
751.0 1845596
751.5 1845388
752.0 1845532
752.5 1845564
753.0 1845356
753.5 1845232
754.0 1845056
754.5 1845264
755.0 1844976
755.5 1844952
756.0 1845156
756.5 1845392
757.0 1845504
757.5 1845320
758.0 1845140
758.5 1844968
759.0 1844840
759.5 1845360
760.0 1845544
760.5 1845556
761.0 1845664
761.5 1845428
762.0 1845320
762.5 1845160
763.0 1845664
763.5 1845240
764.0 1844908
764.5 1845096
765.0 1845088
765.5 1845912
766.0 1845420
766.5 1845532
767.0 1845484
767.5 1844700
768.0 1845500
768.5 1845420
769.0 1845452
769.5 1845612
770.0 1845760
770.5 1845508
771.0 1845508
771.5 1845920
772.0 1839560
772.5 1839560
773.0 1839560
773.5 1839560
774.0 1839560
775.8 1839556
779.5 1839556
781.4 1839588
786.7 1839588
787.2 1839588
787.7 1839588
788.2 1839588
788.7 1839588
789.2 1839588
790.0 1839588
791.0 1839556
791.7 1839556
792.2 1839556
792.7 1839556
793.2 1839556
794.5 1839588
795.0 1845600
795.5 1845552
796.0 1845536
796.5 1845568
797.0 1845376
797.5 1845220
798.0 1845504
798.5 1845400
799.0 1845188
799.5 1845300
800.0 1845200
800.5 1845768
801.0 1845576
801.5 1845420
802.0 1845800
802.5 1845468
803.0 1845644
803.5 1845468
804.0 1844980
804.5 1844916
805.0 1845544
805.5 1845684
806.0 1845528
806.5 1845324
807.0 1845228
807.5 1845212
808.0 1845496
808.5 1845416
809.0 1845544
809.5 1845512
810.0 1845508
810.5 1845508
811.0 1845540
811.5 1845524
812.0 1845240
812.5 1845776
813.0 1845556
813.5 1845304
814.0 1845664
814.5 1845400
815.0 1845692
815.5 1845424
816.0 1845312
816.5 1845440
817.0 1839420
817.5 1839420
818.0 1839420
818.5 1839420
820.3 1839420
821.3 1839480
821.8 1839448
823.0 1839448
823.5 1839448
824.7 1839448
825.3 1839448
825.8 1839448
826.3 1839448
827.9 1839448
828.8 1839416
830.5 1839416
831.0 1839416
831.5 1839416
832.4 1839448
834.3 1839448
834.8 1839448
835.3 1839448
835.8 1839448
838.8 1839416
839.3 1839416
839.8 1839416
840.3 1845388
840.8 1845468
841.3 1845436
841.8 1844976
842.3 1845324
842.8 1845404
843.3 1845292
843.8 1845228
844.3 1845340
844.8 1844812
845.3 1845844
845.8 1845824
846.3 1846940
846.8 1845228
847.3 1845716
847.8 1845608
848.3 1845528
848.8 1845464
849.3 1845400
849.8 1845464
850.3 1845580
850.8 1845676
851.3 1845456
851.8 1845284
852.3 1845236
852.8 1845252
853.3 1845300
853.8 1845828
854.3 1845968
854.8 1845676
855.3 1845540
855.8 1845556
856.3 1845428
856.8 1845144
857.3 1844720
857.8 1844924
858.3 1845572
858.8 1845648
859.3 1845600
859.8 1845588
860.3 1845196
860.8 1845544
861.3 1845432
861.8 1845384
862.3 1839460
862.8 1839460
863.4 1839460
863.9 1839460
864.4 1839460
864.9 1839460
865.4 1839460
865.9 1839456
866.4 1839424
867.1 1839424
867.6 1839488
868.4 1839488
868.9 1839488
869.4 1839488
869.9 1839488
870.4 1839488
871.0 1839488
871.5 1839456
872.0 1839456
875.6 1839456
877.2 1839456
877.7 1839456
879.5 1839456
880.0 1839456
881.8 1839520
884.5 1839488
885.0 1846324
885.5 1845388
886.0 1845528
886.5 1845500
887.0 1845452
887.5 1845736
888.0 1845752
888.5 1845436
889.0 1845388
889.5 1845860
890.0 1845552
890.5 1845476
891.0 1845460
891.5 1845208
892.0 1845460
892.5 1845696
893.0 1845664
893.5 1845640
894.0 1845356
894.5 1844708
895.0 1845096
895.5 1845600
896.0 1846184
896.5 1845680
897.0 1845412
897.5 1845712
898.0 1845756
898.5 1845712
899.0 1845412
899.5 1845600
900.0 1845328
900.5 1845440
901.0 1845296
901.5 1845344
902.0 1845504
902.5 1845376
903.0 1845124
903.5 1845660
904.0 1845708
904.5 1845360
905.0 1845356
905.5 1845308
906.0 1845404
906.5 1845720
907.0 1839248
907.5 1839216
909.3 1839216
909.8 1839216
910.3 1839212
915.8 1839212
917.7 1839212
919.5 1839276
920.0 1839244
921.9 1839244
922.4 1839244
924.2 1839244
927.9 1839244
929.5 1839244
930.0 1845456
930.5 1845344
931.0 1845504
931.5 1845548
932.0 1844904
932.5 1845424
933.0 1845328
933.5 1845676
934.0 1845612
934.5 1845440
935.0 1845592
935.5 1845560
936.0 1845512
936.5 1845624
937.0 1845404
937.5 1845452
938.0 1845168
938.5 1845404
939.0 1845576
939.5 1845420
940.0 1845416
940.5 1845336
941.0 1845716
941.5 1845684
942.0 1845764
942.5 1845352
943.0 1844832
943.5 1844832
944.0 1844912
944.5 1844912
945.0 1845652
945.5 1845568
946.0 1845128
946.5 1845476
947.0 1845792
947.5 1845380
948.0 1845396
948.5 1845396
949.0 1845476
949.5 1845348
950.0 1845660
950.5 1845376
951.0 1845376
951.5 1845092
952.0 1838920
952.5 1838952
953.2 1838952
961.9 1838912
962.6 1838912
963.1 1838912
963.6 1838912
967.6 1838912
968.1 1838912
968.6 1838912
969.1 1838912
969.6 1838912
970.1 1838912
970.6 1838944
971.1 1838944
971.6 1838944
974.5 1838944
975.0 1845148
975.5 1845164
976.0 1845068
976.5 1842724
977.0 1842732
977.5 1843096
978.0 1843232
978.5 1843572
979.0 1844496
979.5 1846456
980.0 1846268
980.5 1846036
981.0 1846108
981.5 1846312
982.0 1846448
982.5 1846572
983.0 1847756
983.5 1848988
984.0 1850484
984.5 1851148
985.0 1851524
985.5 1852000
986.0 1854480
986.5 1854676
987.0 1855144
987.5 1855452
988.0 1856024
988.5 1857652
989.0 1857768
989.5 1858644
990.0 1859148
990.5 1860384
991.0 1860420
991.5 1860968
992.0 1861712
992.5 1863168
993.0 1862996
993.5 1863356
994.0 1864004
994.5 1864360
995.0 1864044
995.5 1865676
996.0 1865692
996.5 1859316
997.0 1861664
997.5 1862600
998.0 1863660
998.5 1863132
999.0 1865484
999.5 1863508
1000.0 1863412
1000.5 1863620
1001.0 1862264
1001.5 1862144
1002.0 1862144
1002.5 1862184
1003.0 1862152
1003.5 1862184
1004.0 1862204
1004.5 1862204
1005.0 1862204
1005.5 1862220
1006.0 1862064
1006.5 1859964
1007.0 1848836
1007.5 1848448
1008.0 1848788
1008.5 1854860
1009.0 1854672
1009.5 1854300
1010.0 1854476
1010.5 1854064
1011.0 1854116
1011.5 1854912
1012.0 1848120
1012.5 1848068
1013.0 1847728
1013.5 1847600
1014.0 1847584
1014.5 1847632
1015.0 1847284
1015.5 1847284
1016.0 1847300
1016.5 1847680
1017.0 1847428
1017.5 1847664
1018.0 1847364
1018.5 1841844
1019.0 1841844
1019.5 1841844
1020.0 1847692
1020.5 1847428
1021.0 1847616
1021.5 1847780
1022.0 1847600
1022.5 1847444
1023.0 1847568
1023.5 1847476
1024.0 1847712
1024.5 1847316
1025.0 1847648
1025.5 1847412
1026.0 1847568
1026.5 1847664
1027.0 1847444
1027.5 1847680
1028.0 1847300
1028.5 1847220
1029.0 1847584
1029.5 1847568
1030.0 1847520
1030.5 1847520
1031.0 1847520
1031.5 1847552
1032.0 1847636
1032.5 1847620
1033.0 1847652
1033.5 1847400
1034.0 1847668
1034.5 1847240
1035.0 1847400
1035.5 1847288
1036.0 1847256
1036.5 1847656
1037.0 1847064
1037.5 1847208
1038.0 1847728
1038.5 1847472
1039.0 1847412
1039.5 1847632
1040.0 1847568
1040.5 1847520
1041.0 1846812
1041.5 1847000
1042.0 1840920
1042.5 1840920
1046.1 1840920
1046.6 1840888
1048.5 1840888
1050.3 1840952
1054.0 1840952
1055.8 1840952
1056.3 1840952
1056.8 1840952
1060.6 1840952
1062.4 1840920
1064.3 1840920
1064.8 1847856
1065.3 1847256
1065.8 1847636
1066.3 1847556
1066.8 1847588
1067.3 1847320
1067.8 1846864
1068.3 1848032
1068.8 1847508
1069.3 1847652
1069.8 1847300
1070.3 1847536
1070.8 1847396
1071.3 1847648
1071.8 1847884
1072.3 1847348
1072.8 1847552
1073.3 1847664
1073.8 1847348
1074.3 1847172
1074.8 1847120
1075.3 1847452
1075.8 1847816
1076.3 1847672
1076.8 1847452
1077.3 1847704
1077.8 1847436
1078.3 1847136
1078.8 1847136
1079.3 1847168
1079.8 1847872
1080.3 1847908
1080.8 1847780
1081.3 1847876
1081.8 1847324
1082.3 1847356
1082.8 1847276
1083.3 1847388
1083.8 1847340
1084.3 1847404
1084.8 1848156
1085.3 1847416
1085.8 1847572
1086.3 1847400
1086.8 1844240
1087.3 1841592
1089.2 1841340
1089.7 1841340
1090.2 1841340
1093.8 1841368
1094.3 1841368
1094.8 1841368
1095.3 1841368
1098.8 1841336
1106.0 1841336
1109.5 1841336
1110.0 1847380
1110.5 1847616
1111.0 1847664
1111.5 1847520
1112.0 1847316
1112.5 1847220
1113.0 1847472
1113.5 1847456
1114.0 1847568
1114.5 1847600
1115.0 1847504
1115.5 1847236
1116.0 1847712
1116.5 1847460
1117.0 1847744
1117.5 1847428
1118.0 1847460
1118.5 1847176
1119.0 1847144
1119.5 1846656
1120.0 1846756
1120.5 1846740
1121.0 1846932
1121.5 1846976
1122.0 1846680
1122.5 1846616
1123.0 1846472
1123.5 1847008
1124.0 1847056
1124.5 1847168
1125.0 1846848
1125.5 1846816
1126.0 1846816
1126.5 1846784
1127.0 1847196
1127.5 1847588
1128.0 1847684
1128.5 1847132
1129.0 1846880
1129.5 1846532
1130.0 1846896
1130.5 1846372
1131.0 1847020
1131.5 1847448
1132.0 1847336
1132.5 1847428
1133.0 1841968
1133.5 1841456
1138.8 1841456
1142.4 1841456
1146.0 1841424
1147.9 1841424
1148.4 1841424
1150.2 1841424
1154.5 1841424
1155.0 1847264
1155.5 1847328
1156.0 1847184
1156.5 1847516
1157.0 1847184
1157.5 1847328
1158.0 1847200
1158.5 1847232
1159.0 1847232
1159.5 1847060
1160.0 1847040
1160.5 1846912
1161.0 1847104
1161.5 1847120
1162.0 1847040
1162.5 1847024
1163.0 1847024
1163.5 1847104
1164.0 1847040
1164.5 1847104
1165.0 1847100
1165.5 1847148
1166.0 1847416
1166.5 1847352
1167.0 1847476
1167.5 1847244
1168.0 1847416
1168.5 1847556
1169.0 1847540
1169.5 1847748
1170.0 1847448
1170.5 1847572
1171.0 1847208
1171.5 1846784
1172.0 1846720
1172.5 1846784
1173.0 1846972
1173.5 1847368
1174.0 1847652
1174.5 1847604
1175.0 1847604
1175.5 1847432
1176.0 1847224
1176.5 1847004
1177.0 1847368
1177.5 1847416
1178.0 1841376
1178.5 1841408
1179.0 1841376
1180.5 1841372
1181.0 1841372
1181.5 1841372
1183.3 1841372
1187.0 1841372
1187.5 1841372
1188.0 1841372
1191.6 1841340
1195.2 1841340
1199.5 1841404
1200.0 1847624
1200.5 1847576
1201.0 1847528
1201.5 1847624
1202.0 1847592
1202.5 1847608
1203.0 1847056
1203.5 1847184
1204.0 1847104
1204.5 1847328
1205.0 1847148
1205.5 1847132
1206.0 1847588
1206.5 1847556
1207.0 1847748
1207.5 1847604
1208.0 1847588
1208.5 1847100
1209.0 1847052
1209.5 1847036
1210.0 1846880
1210.5 1846912
1211.0 1847052
1211.5 1847448
1212.0 1847840
1212.5 1847636
1213.0 1847524
1213.5 1847700
1214.0 1847700
1214.5 1847764
1215.0 1847456
1215.5 1847476
1216.0 1847652
1216.5 1847604
1217.0 1847572
1217.5 1847020
1218.0 1847480
1218.5 1847464
1219.0 1847400
1219.5 1847224
1220.0 1847648
1220.5 1847444
1221.0 1847080
1221.5 1847632
1222.0 1847332
1222.5 1847596
1223.0 1841296
1223.5 1841296
1224.0 1841296
1225.9 1841260
1229.5 1841260
1231.4 1841324
1235.3 1841324
1236.1 1841324
1237.9 1841324
1239.8 1841324
1240.3 1841292
1242.1 1841292
1244.5 1841292
1245.0 1847852
1245.5 1847404
1246.0 1847264
1246.5 1847484
1247.0 1847280
1247.5 1847140
1248.0 1846996
1248.5 1846852
1249.0 1847168
1249.5 1847200
1250.0 1847256
1250.5 1847112
1251.0 1847256
1251.5 1847256
1252.0 1846956
1252.5 1847588
1253.0 1847584
1253.5 1847884
1254.0 1847156
1254.5 1846820
1255.0 1847588
1255.5 1847404
1256.0 1847388
1256.5 1847324
1257.0 1847528
1257.5 1847324
1258.0 1847372
1258.5 1847592
1259.0 1846960
1259.5 1847136
1260.0 1846864
1260.5 1847120
1261.0 1847184
1261.5 1847040
1262.0 1847620
1262.5 1847544
1263.0 1847432
1263.5 1847268
1264.0 1847496
1264.5 1847260
1265.0 1847492
1265.5 1847588
1266.0 1847404
1266.5 1847280
1267.0 1847012
1267.5 1846884
1268.0 1845648
1268.5 1841244
1269.5 1841244
1271.3 1841212
1278.7 1841276
1282.4 1841276
1282.9 1841276
1288.3 1841276
1288.8 1841276
1289.5 1841244
1290.0 1847580
1290.5 1847832
1291.0 1847120
1291.5 1847168
1292.0 1847516
1292.5 1847500
1293.0 1847736
1293.5 1847556
1294.0 1847236
1294.5 1847584
1295.0 1847368
1295.5 1846768
1296.0 1847020
1296.5 1846924
1297.0 1847052
1297.5 1847084
1298.0 1847128
1298.5 1847052
1299.0 1847480
1299.5 1847460
1300.0 1847256
1300.5 1847208
1301.0 1847604
1301.5 1847476
1302.0 1847572
1302.5 1847428
1303.0 1847396
1303.5 1847412
1304.0 1846940
1304.5 1847352
1305.0 1846896
1305.5 1846688
1306.0 1846452
1306.5 1847052
1307.0 1846972
1307.5 1847112
1308.0 1847288
1308.5 1847176
1309.0 1847476
1309.5 1847320
1310.0 1847368
1310.5 1847160
1311.0 1847668
1311.5 1847492
1312.0 1847288
1312.5 1847160
1313.0 1841348
1314.9 1841348
1317.4 1841348
1324.7 1841380
1325.2 1841380
1327.0 1841380
1329.2 1841380
1329.7 1841348
1332.4 1841348
1334.5 1841348
1335.0 1846956
1335.5 1847068
1336.0 1847508
1336.5 1847540
1337.0 1847556
1337.5 1847556
1338.0 1847492
1338.5 1847508
1339.0 1846988
1339.5 1847184
1340.0 1847264
1340.5 1847596
1341.0 1847148
1341.5 1847084
1342.0 1846944
1342.5 1846452
1343.0 1846484
1343.5 1846564
1344.0 1846452
1344.5 1846452
1345.0 1846624
1345.5 1846864
1346.0 1846676
1346.5 1846688
1347.0 1847100
1347.5 1847336
1348.0 1847352
1348.5 1847272
1349.0 1847272
1349.5 1847272
1350.0 1847368
1350.5 1847224
1351.0 1847336
1351.5 1847508
1352.0 1847652
1352.5 1847508
1353.0 1847368
1353.5 1847748
1354.0 1847240
1354.5 1847192
1355.0 1847004
1355.5 1847936
1356.0 1847288
1356.5 1847364
1357.0 1847732
1357.5 1847588
1358.0 1847384
1358.5 1841324
1359.0 1841324
1359.5 1841324
1361.3 1841324
1361.8 1841324
1363.7 1841292
1366.4 1841292
1366.9 1841292
1367.5 1841292
1369.3 1841324
1369.8 1841324
1370.3 1841324
1370.8 1841324
1371.3 1841324
1371.8 1841292
1375.3 1841292
1375.8 1841292
1376.3 1841292
1376.8 1841292
1378.8 1841292
1379.3 1841292
1379.8 1847532
1380.3 1847168
1380.8 1847452
1381.3 1847644
1381.8 1847264
1382.3 1847708
1382.8 1847500
1383.3 1847248
1383.8 1846776
1384.3 1846556
1384.8 1846792
1385.3 1846680
1385.8 1846600
1386.3 1846460
1386.8 1846652
1387.3 1846396
1387.8 1846396
1388.3 1846476
1388.8 1846728
1389.3 1846760
1389.8 1846948
1390.3 1847656
1390.8 1847484
1391.3 1847508
1391.8 1847508
1392.3 1847272
1392.8 1847400
1393.3 1847224
1393.8 1846924
1394.3 1847192
1394.8 1847240
1395.3 1847304
1395.8 1847460
1396.3 1846988
1396.8 1846388
1397.3 1846736
1397.8 1846612
1398.3 1847036
1398.8 1847336
1399.3 1847400
1399.8 1846880
1400.3 1846872
1400.8 1846556
1401.3 1846856
1401.8 1846744
1402.3 1846824
1402.8 1847328
1403.3 1840832
1403.8 1840832
1404.5 1840832
1405.0 1840832
1406.0 1840832
1407.7 1840832
1410.5 1840832
1411.0 1840800
1412.2 1840800
1412.7 1840800
1414.6 1840800
1415.1 1840800
1416.6 1840832
1417.9 1840832
1418.4 1840832
1418.9 1840800
1419.4 1840800
1419.9 1840800
1422.1 1840800
1422.6 1840800
1423.4 1840800
1424.5 1840800
1425.0 1847272
1425.5 1847380
1426.0 1847176
1426.5 1847336
1427.0 1847192
1427.5 1847144
1428.0 1846752
1428.5 1846784
1429.0 1846752
1429.5 1847052
1430.0 1847208
1430.5 1847036
1431.0 1846864
1431.5 1846940
1432.0 1847164
1432.5 1847224
1433.0 1846972
1433.5 1847272
1434.0 1847176
1434.5 1847144
1435.0 1846940
1435.5 1847384
1436.0 1847224
1436.5 1847412
1437.0 1847352
1437.5 1847256
1438.0 1847368
1438.5 1847304
1439.0 1847492
1439.5 1847336
1440.0 1847476
1440.5 1846956
1441.0 1847224
1441.5 1847052
1442.0 1847304
1442.5 1847752
1443.0 1847192
1443.5 1847476
1444.0 1847020
1444.5 1846688
1445.0 1847128
1445.5 1847572
1446.0 1847476
1446.5 1847524
1447.0 1847652
1447.5 1847320
1448.0 1844904
1448.5 1841600
1449.0 1841600
1449.5 1841600
1451.0 1841568
1453.0 1841568
1453.5 1841568
1454.0 1841600
1457.4 1841600
1458.5 1841600
1460.4 1841600
1460.9 1841568
1461.4 1841568
1463.5 1841568
1464.2 1841568
1464.7 1841568
1466.9 1841568
1467.4 1841568
1469.5 1841568
1470.0 1847216
1470.5 1846996
1471.0 1847012
1471.5 1847044
1472.0 1847408
1472.5 1847028
1473.0 1846712
1473.5 1847092
1474.0 1847092
1474.5 1846240
1475.0 1847028
1475.5 1847376
1476.0 1847596
1476.5 1847280
1477.0 1847612
1477.5 1847296
1478.0 1847280
1478.5 1847564
1479.0 1847344
1479.5 1847532
1480.0 1847408
1480.5 1847440
1481.0 1847500
1481.5 1847376
1482.0 1847328
1482.5 1847424
1483.0 1847628
1483.5 1847344
1484.0 1847296
1484.5 1847596
1485.0 1847280
1485.5 1847436
1486.0 1847564
1486.5 1847468
1487.0 1847564
1487.5 1847736
1488.0 1847644
1488.5 1847532
1489.0 1847424
1489.5 1847328
1490.0 1847044
1490.5 1846948
1491.0 1847344
1491.5 1846824
1492.0 1846808
1492.5 1840660
1493.3 1840628
1495.0 1840692
1496.1 1840692
1496.6 1840692
1498.6 1840692
1499.1 1840692
1499.6 1840692
1500.1 1840692
1503.1 1840660
1504.5 1840660
1506.0 1840660
1506.5 1840660
1509.3 1840660
1509.8 1840660
1510.5 1840692
1511.0 1840692
1511.5 1840692
1512.0 1840660
1512.5 1840660
1514.5 1840660
1515.0 1846664
1515.5 1847200
1516.0 1847120
1516.5 1847420
1517.0 1847216
1517.5 1847532
1518.0 1847248
1518.5 1847264
1519.0 1847816
1519.5 1847304
1520.0 1847588
1520.5 1847116
1521.0 1847444
1521.5 1847132
1522.0 1847192
1522.5 1847208
1523.0 1847572
1523.5 1847540
1524.0 1847556
1524.5 1847444
1525.0 1847492
1525.5 1847116
1526.0 1847144
1526.5 1846484
1527.0 1846800
1527.5 1846796
1528.0 1846704
1528.5 1846688
1529.0 1846388
1529.5 1846800
1530.0 1846976
1530.5 1847624
1531.0 1847576
1531.5 1848084
1532.0 1847660
1532.5 1847168
1533.0 1847264
1533.5 1847168
1534.0 1846900
1534.5 1847152
1535.0 1847280
1535.5 1847296
1536.0 1847248
1536.5 1847200
1537.0 1841076
1537.5 1841108
1538.9 1841108
1539.4 1841108
1540.6 1841108
1541.1 1841108
1541.6 1841108
1543.4 1841076
1543.9 1841076
1545.1 1841076
1545.8 1841076
1546.3 1841076
1547.5 1841076
1548.2 1841076
1549.1 1841076
1549.6 1841076
1550.8 1841108
1551.5 1841108
1552.3 1841108
1554.5 1841108
1555.0 1841108
1555.5 1841108
1557.6 1841108
1559.1 1841076
1559.6 1844452
1560.1 1847296
1560.6 1846932
1561.1 1846948
1561.6 1846900
1562.1 1846948
1562.6 1847232
1563.1 1847216
1563.6 1847248
1564.1 1847344
1564.6 1847076
1565.1 1847044
1565.6 1847076
1566.1 1846792
1566.6 1847200
1567.1 1847012
1567.6 1847124
1568.1 1846996
1568.6 1847104
1569.1 1847768
1569.6 1847516
1570.1 1847296
1570.6 1847816
1571.1 1847392
1571.6 1847412
1572.1 1847084
1572.6 1847128
1573.1 1847068
1573.6 1846972
1574.1 1847460
1574.6 1847208
1575.1 1847712
1575.6 1847492
1576.1 1847412
1576.6 1847304
1577.1 1847144
1577.6 1846832
1578.1 1846768
1578.6 1846876
1579.1 1847224
1579.6 1847272
1580.1 1847600
1580.6 1846632
1581.1 1847172
1581.6 1847488
1582.1 1841288
1583.1 1841256
1583.6 1841256
1584.1 1841256
1584.6 1841256
1586.5 1841252
1587.5 1841252
1588.0 1841252
1590.0 1841252
1593.2 1841220
1595.8 1841220
1596.3 1841284
1597.4 1841284
1598.1 1841284
1598.6 1841284
1599.1 1841284
1600.8 1841284
1601.3 1841284
1601.9 1841284
1602.6 1841284
1604.5 1841252
1605.0 1847200
1605.5 1846980
1606.0 1846916
1606.5 1847076
1607.0 1847012
1607.5 1847056
1608.0 1847232
1608.5 1847532
1609.0 1847040
1609.5 1847376
1610.0 1846928
1610.5 1846944
1611.0 1847212
1611.5 1847228
1612.0 1847244
1612.5 1847388
1613.0 1847464
1613.5 1847608
1614.0 1847544
1614.5 1847384
1615.0 1847456
1615.5 1847408
1616.0 1847140
1616.5 1847016
1617.0 1846840
1617.5 1847284
1618.0 1847520
1618.5 1847204
1619.0 1847344
1619.5 1847328
1620.0 1847564
1620.5 1847340
1621.0 1847532
1621.5 1847404
1622.0 1847816
1622.5 1847264
1623.0 1847120
1623.5 1847452
1624.0 1847184
1624.5 1846856
1625.0 1846784
1625.5 1846672
1626.0 1846656
1626.5 1847304
1627.0 1841276
1628.0 1841276
1633.0 1841272
1633.6 1841304
1634.6 1841304
1636.2 1841304
1638.8 1841304
1641.1 1841272
1641.6 1841272
1642.1 1841272
1642.7 1841272
1643.5 1841272
1646.0 1841272
1646.5 1841272
1648.4 1841272
1649.5 1841304
1650.0 1847040
1650.5 1846548
1651.0 1846960
1651.5 1846520
1652.0 1846692
1652.5 1846896
1653.0 1846928
1653.5 1846944
1654.0 1846572
1654.5 1847000
1655.0 1846884
1655.5 1847280
1656.0 1847436
1656.5 1846900
1657.0 1847120
1657.5 1847152
1658.0 1847500
1658.5 1847516
1659.0 1847012
1659.5 1846996
1660.0 1846896
1660.5 1846456
1661.0 1846692
1661.5 1846596
1662.0 1846992
1662.5 1847656
1663.0 1847464
1663.5 1847560
1664.0 1847288
1664.5 1847384
1665.0 1847488
1665.5 1847360
1666.0 1846716
1666.5 1846920
1667.0 1846924
1667.5 1847124
1668.0 1847456
1668.5 1847440
1669.0 1847600
1669.5 1847348
1670.0 1847372
1670.5 1847436
1671.0 1846724
1671.5 1847184
1672.0 1840912
1672.8 1840880
1674.5 1840880
1676.3 1840876
1676.8 1840876
1677.3 1840876
1677.8 1840876
1681.2 1840876
1683.4 1840876
1684.5 1840908
1686.7 1840908
1687.2 1840908
1687.7 1840908
1689.0 1840908
1689.5 1840908
1690.5 1840908
1693.3 1840908
1694.5 1840876
1695.0 1846992
1695.5 1847408
1696.0 1847536
1696.5 1847440
1697.0 1847344
1697.5 1847656
1698.0 1847336
1698.5 1847356
1699.0 1847324
1699.5 1847356
1700.0 1846680
1700.5 1846952
1701.0 1846936
1701.5 1847012
1702.0 1847364
1702.5 1847172
1703.0 1847396
1703.5 1847680
1704.0 1847520
1704.5 1847172
1705.0 1847388
1705.5 1847532
1706.0 1847484
1706.5 1847532
1707.0 1847436
1707.5 1847484
1708.0 1847328
1708.5 1847532
1709.0 1846964
1709.5 1846884
1710.0 1846848
1710.5 1847180
1711.0 1846724
1711.5 1846564
1712.0 1847008
1712.5 1846596
1713.0 1846992
1713.5 1847512
1714.0 1847432
1714.5 1847180
1715.0 1847776
1715.5 1847600
1716.0 1847508
1716.5 1847300
1717.0 1841560
1717.5 1841560
1719.1 1841528
1720.0 1841528
1720.9 1841524
1722.3 1841524
1722.8 1841524
1724.5 1841524
1725.6 1841524
1726.1 1841524
1727.8 1841524
1729.2 1841492
1731.0 1841556
1731.5 1841556
1732.0 1841556
1732.5 1841556
1733.8 1841556
1735.3 1841556
1735.8 1841556
1737.7 1841524
1738.5 1841524
1739.3 1841524
1739.8 1848128
1740.3 1847468
1740.8 1847180
1741.3 1846644
1741.8 1846644
1742.3 1846832
1742.8 1846832
1743.3 1846848
1743.8 1847024
1744.3 1847132
1744.8 1846972
1745.3 1847348
1745.8 1847380
1746.3 1847348
1746.8 1847572
1747.3 1847160
1747.8 1847208
1748.3 1847096
1748.8 1847476
1749.3 1847916
1749.8 1847432
1750.3 1847056
1750.8 1846768
1751.3 1847036
1751.8 1847448
1752.3 1847496
1752.8 1847132
1753.3 1847212
1753.8 1847432
1754.3 1847068
1754.8 1847160
1755.3 1847492
1755.8 1847680
1756.3 1847332
1756.8 1847444
1757.3 1847380
1757.8 1847808
1758.3 1847556
1758.8 1847460
1759.3 1847412
1759.8 1847136
1760.3 1847028
1760.8 1847012
1761.3 1846932
1761.8 1846884
1762.3 1841228
1763.5 1841228
1764.0 1841228
1764.6 1841228
1765.1 1841228
1767.2 1841224
1767.7 1841224
1768.2 1841224
1768.8 1841192
1769.7 1841192
1770.2 1841192
1773.0 1841256
1774.7 1841256
1775.7 1841256
1777.4 1841256
1778.5 1841256
1780.6 1841224
1782.3 1841224
1783.1 1841224
1784.5 1841224
1785.0 1846684
1785.5 1846936
1786.0 1847016
1786.5 1847332
1787.0 1847504
1787.5 1847244
1788.0 1847140
1788.5 1847312
1789.0 1847376
1789.5 1847612
1790.0 1847452
1790.5 1847088
1791.0 1847656
1791.5 1847340
1792.0 1846664
1792.5 1846492
1793.0 1846784
1793.5 1847220
1794.0 1846708
1794.5 1847128
1795.0 1847116
1795.5 1847180
1796.0 1847276
1796.5 1847180
1797.0 1847352
1797.5 1846800
1798.0 1846736
1798.5 1847052
1799.0 1846928
1799.5 1846752
1800.0 1846648
1800.5 1846696
1801.0 1847472
1801.5 1847628
1802.0 1847200
1802.5 1847436
1803.0 1847184
1803.5 1847088
1804.0 1847088
1804.5 1847356
1805.0 1847448
1805.5 1847288
1806.0 1847748
1806.5 1847228
1810.0 1841212
1810.5 1841212
1812.2 1841180
1814.0 1841244
1814.8 1841244
1816.8 1841244
1818.6 1841244
1819.1 1841244
1820.7 1841244
1822.6 1841244
1823.1 1841244
1824.5 1841212
1825.0 1841212
1827.0 1841212
1829.1 1841212
1829.6 1843396
1830.1 1847224
1830.6 1847412
1831.1 1847064
1831.6 1847412
1832.1 1846832
1832.6 1847304
1833.1 1847444
1833.6 1847428
1834.1 1847476
1834.6 1847400
1835.1 1847344
1835.6 1847628
1836.1 1847188
1836.6 1847440
1837.1 1847328
1837.6 1847280
1838.1 1847204
1838.6 1847344
1839.1 1847440
1839.6 1847640
1840.1 1847320
1840.6 1847272
1841.1 1847400
1841.6 1847416
1842.1 1847116
1842.6 1847320
1843.1 1847336
1843.6 1847148
1844.1 1846848
1844.6 1847084
1845.1 1847120
1845.6 1847088
1846.1 1847372
1846.6 1847104
1847.1 1847152
1847.6 1847136
1848.1 1847420
1848.6 1847288
1849.1 1847364
1849.6 1847300
1850.1 1847188
1850.6 1847756
1851.1 1847988
1851.6 1847856
1852.1 1841348
1852.9 1841348
1854.9 1841376
1856.0 1841376
1856.5 1841376
1857.1 1841344
1857.6 1841344
1858.2 1841344
1860.4 1841344
1862.7 1841344
1863.2 1841344
1863.7 1841344
1865.5 1841344
1866.0 1841344
1866.5 1841344
1867.0 1841344
1867.5 1841376
1869.6 1841376
1871.8 1841376
1874.5 1841376
1875.0 1847288
1875.5 1847508
1876.0 1847588
1876.5 1847664
1877.0 1847348
1877.5 1847524
1878.0 1847364
1878.5 1847144
1879.0 1846720
1879.5 1847512
1880.0 1847368
1880.5 1847100
1881.0 1847100
1881.5 1847416
1882.0 1847400
1882.5 1847344
1883.0 1847724
1883.5 1847424
1884.0 1847044
1884.5 1847344
1885.0 1847712
1885.5 1847728
1886.0 1847776
1886.5 1847252
1887.0 1847176
1887.5 1847412
1888.0 1847272
1888.5 1847380
1889.0 1847284
1889.5 1848136
1890.0 1847424
1890.5 1847576
1891.0 1847104
1891.5 1847352
1892.0 1847464
1892.5 1847416
1893.0 1847432
1893.5 1847132
1894.0 1847304
1894.5 1846912
1895.0 1847300
1895.5 1847600
1896.0 1847032
1896.5 1847208
1897.0 1841588
1897.5 1841588
1898.5 1841588
1899.0 1841588
1899.9 1841588
1900.4 1841580
1901.0 1841580
1901.5 1841548
1902.0 1841612
1903.9 1841612
1904.5 1841612
1906.3 1841612
1908.7 1841612
1910.1 1841612
1910.6 1841612
1911.1 1841580
1912.1 1841580
1913.9 1841580
1914.4 1841580
1915.6 1841580
1916.3 1841580
1917.0 1841612
1917.5 1841612
1919.5 1841612
1920.0 1847404
1920.5 1846600
1921.0 1846536
1921.5 1846884
1922.0 1846916
1922.5 1847244
1923.0 1847404
1923.5 1847324
1924.0 1847072
1924.5 1847120
1925.0 1847364
1925.5 1847460
1926.0 1847064
1926.5 1847160
1927.0 1847048
1927.5 1846984
1928.0 1846828
1928.5 1847300
1929.0 1847252
1929.5 1847236
1930.0 1847280
1930.5 1847136
1931.0 1847280
1931.5 1847596
1932.0 1847216
1932.5 1847580
1933.0 1847612
1933.5 1847044
1934.0 1847060
1934.5 1847344
1935.0 1847100
1935.5 1847088
1936.0 1846976
1936.5 1847196
1937.0 1847168
1937.5 1846820
1938.0 1847184
1938.5 1847152
1939.0 1847372
1939.5 1847448
1940.0 1847620
1940.5 1847700
1941.0 1847668
1941.5 1847208
1942.0 1841260
1943.6 1841260
1944.9 1841228
1945.5 1841220
1946.5 1841220
1947.4 1841220
1949.0 1841220
1950.2 1841220
1951.7 1841220
1952.2 1841220
1952.7 1841220
1953.2 1841220
1955.3 1841252
1957.2 1841252
1957.7 1841252
1958.3 1841252
1958.8 1841252
1960.5 1841252
1961.0 1841252
1962.8 1841252
1963.5 1841220
1964.5 1841220
1965.0 1847440
1965.5 1847140
1966.0 1847528
1966.5 1847376
1967.0 1846788
1967.5 1847324
1968.0 1847692
1968.5 1847392
1969.0 1847516
1969.5 1847280
1970.0 1847168
1970.5 1846852
1971.0 1846884
1971.5 1846884
1972.0 1847388
1972.5 1847248
1973.0 1847828
1973.5 1847464
1974.0 1847356
1974.5 1847388
1975.0 1847288
1975.5 1846972
1976.0 1847320
1976.5 1847432
1977.0 1847272
1977.5 1847272
1978.0 1847336
1978.5 1847004
1979.0 1847352
1979.5 1847304
1980.0 1848576
1980.5 1848044
1981.0 1847388
1981.5 1847608
1982.0 1847452
1982.5 1847260
1983.0 1847448
1983.5 1847448
1984.0 1847656
1984.5 1847420
1985.0 1847240
1985.5 1847352
1986.0 1847304
1986.5 1847116
1987.0 1841444
1987.5 1841444
1988.0 1841444
1989.6 1841444
1990.1 1841444
1990.6 1841444
1991.7 1841476
1993.0 1841444
1994.4 1841444
1995.3 1841444
1995.8 1841444
1997.2 1841444
1998.7 1841444
1999.2 1841444
1999.7 1841444
2000.2 1841444
2000.7 1841412
2003.7 1841476
2005.0 1841476
2005.8 1841476
2006.3 1841476
2006.9 1841476
2007.4 1841476
2008.5 1841444
2009.3 1841444
2009.8 1841444
2010.3 1841444
2010.8 1841608
2011.3 1843808
2011.8 1843872
2012.3 1845420
2012.8 1848180
2013.3 1847496
2013.8 1848852
2014.3 1848100
2014.8 1848332
2015.3 1847320
2015.8 1847368
2016.3 1847396
2016.8 1847212
2017.3 1847696
2017.8 1847964
2018.3 1849196
2018.8 1848040
2019.3 1847616
2019.8 1847428
2020.3 1847364
2020.8 1847648
2021.3 1847632
2021.8 1847552
2022.3 1847380
2022.8 1847520
2023.3 1847364
2023.8 1847268
2024.3 1847204
2024.8 1847536
2025.3 1848104
2025.8 1847268
2026.3 1847848
2026.8 1848460
2027.3 1847580
2027.8 1847516
2028.3 1847628
2028.8 1847596
2029.3 1847868
2029.8 1847784
2030.3 1848048
2030.8 1846928
2031.3 1847420
2031.8 1847292
2032.3 1847480
2032.8 1847508
2033.3 1847624
2033.8 1847276
2034.3 1847468
2034.8 1847212
2035.3 1841280
2035.8 1841280
2037.8 1841276
2040.2 1841276
2040.7 1841276
2041.5 1841276
2042.3 1841244
2043.6 1841244
2044.1 1841244
2044.6 1841244
2046.9 1841276
2049.2 1841276
2049.7 1841244
2051.0 1841244
2052.8 1841244
2054.2 1841244
2054.7 1847804
2055.2 1848708
2055.7 1848816
2056.2 1849020
2056.7 1848664
2057.2 1848340
2057.7 1848652
2058.2 1847456
2058.7 1847376
2059.2 1847516
2059.7 1847216
2060.2 1847564
2060.7 1846980
2061.2 1846884
2061.7 1847424
2062.2 1847764
2062.7 1847500
2063.2 1847532
2063.7 1847784
2064.2 1847484
2064.7 1847720
2065.2 1847544
2065.7 1847640
2066.2 1847592
2066.7 1847276
2067.2 1847228
2067.7 1847656
2068.2 1846852
2068.7 1847356
2069.2 1847276
2069.7 1847460
2070.2 1847336
2070.7 1847368
2071.2 1847336
2071.7 1847288
2072.2 1847384
2072.7 1847868
2073.2 1847492
2073.7 1847620
2074.2 1847096
2074.7 1847232
2075.2 1847412
2075.7 1847048
2076.2 1846764
2076.7 1847016
2077.2 1841384
2077.7 1841448
2078.2 1841448
2080.0 1841444
2080.5 1841444
2083.9 1841444
2085.8 1841412
2087.3 1841412
2089.5 1841412
2091.3 1841412
2091.8 1841412
2092.5 1841412
2093.0 1841412
2094.5 1841476
2095.0 1841476
2096.2 1841444
2098.3 1841444
2098.8 1841444
2099.5 1841444
2100.0 1847408
2100.5 1847140
2101.0 1847200
2101.5 1847424
2102.0 1847832
2102.5 1847904
2103.0 1847540
2103.5 1847192
2104.0 1847240
2104.5 1847412
2105.0 1848168
2105.5 1847428
2106.0 1847272
2106.5 1847620
2107.0 1847572
2107.5 1847240
2108.0 1847224
2108.5 1847352
2109.0 1847240
2109.5 1847208
2110.0 1847536
2110.5 1847536
2111.0 1848436
2111.5 1847284
2112.0 1847396
2112.5 1847632
2113.0 1847664
2113.5 1847488
2114.0 1847124
2114.5 1847584
2115.0 1847300
2115.5 1847688
2116.0 1847148
2116.5 1847324
2117.0 1847148
2117.5 1847196
2118.0 1847260
2118.5 1847120
2119.0 1847180
2119.5 1847036
2120.0 1847212
2120.5 1847228
2121.0 1847368
2121.5 1847368
2122.0 1847544
2122.5 1847640
2123.0 1847480
2123.5 1841264
2125.1 1841260
2125.6 1841260
2126.3 1841228
2128.1 1841228
2130.0 1841228
2130.5 1841228
2132.1 1841228
2132.6 1841228
2133.7 1841228
2135.5 1841228
2136.0 1841228
2137.4 1841228
2139.3 1841260
2140.4 1841260
2140.9 1841260
2141.4 1841260
2141.9 1841260
2142.4 1841260
2142.9 1841260
2143.4 1841228
2143.9 1841228
2144.4 1841228
2144.9 1847140
2145.4 1847216
2145.9 1847360
2146.4 1847264
2146.9 1847152
2147.4 1847412
2147.9 1847440
2148.4 1846916
2148.9 1847028
2149.4 1847092
2149.9 1847340
2150.4 1847148
2150.9 1847624
2151.4 1847084
2151.9 1847640
2152.4 1847228
2152.9 1847276
2153.4 1847512
2153.9 1847560
2154.4 1847212
2154.9 1848564
2155.4 1847588
2155.9 1847492
2156.4 1847524
2156.9 1847476
2157.4 1847652
2157.9 1847208
2158.4 1847240
2158.9 1847320
2159.4 1847192
2159.9 1847864
2160.4 1847536
2160.9 1847284
2161.4 1847504
2161.9 1847632
2162.4 1847504
2162.9 1847424
2163.4 1847348
2163.9 1847504
2164.4 1848104
2164.9 1847768
2165.4 1848348
2165.9 1847868
2166.4 1847236
2166.9 1847284
2167.4 1847284
2167.9 1847632
2168.4 1841368
2168.9 1841368
2169.4 1841368
2169.9 1841368
2170.4 1841364
2170.9 1841364
2171.4 1841364
2171.9 1841396
2172.4 1841396
2172.9 1841396
2173.4 1841396
2173.9 1841396
2174.4 1841396
2174.9 1841396
2175.4 1841396
2175.9 1841364
2176.4 1841364
2176.9 1841364
2177.4 1841364
2177.9 1841396
2178.4 1841396
2178.9 1841396
2179.4 1841364
2179.9 1841364
2180.4 1841364
2180.9 1841364
2181.4 1841364
2181.9 1841364
2182.4 1841364
2182.9 1841364
2183.4 1841364
2183.9 1841364
2184.4 1841364
2185.0 1841364
2185.5 1841364
2186.0 1841396
2186.5 1841396
2187.0 1841396
2187.5 1841396
2188.0 1841396
2188.5 1841396
2189.0 1841396
2189.5 1841396
2190.0 1847420
2190.5 1847604
2191.0 1847524
2191.5 1847460
2192.0 1847080
2192.5 1847288
2193.0 1847224
2193.5 1847304
2194.0 1847476
2194.5 1847700
2195.0 1847524
2195.5 1847092
2196.0 1847256
2196.5 1846800
2197.0 1846720
2197.5 1846452
2198.0 1846864
2198.5 1846656
2199.0 1847036
2199.5 1847460
2200.0 1847428
2200.5 1847520
2201.0 1847488
2201.5 1847536
2202.0 1847268
2202.5 1847348
2203.0 1847836
2203.5 1847236
2204.0 1847268
2204.5 1847788
2205.0 1847532
2205.5 1847440
2206.0 1847484
2206.5 1847660
2207.0 1847612
2207.5 1847580
2208.0 1847468
2208.5 1847736
2209.0 1847532
2209.5 1847580
2210.0 1847468
2210.5 1847152
2211.0 1847200
2211.5 1846852
2212.0 1847200
2212.5 1847264
2213.0 1840992
2213.5 1840992
2214.0 1840992
2214.5 1840992
2215.0 1840992
2215.5 1840988
2216.0 1840988
2216.5 1840988
2217.0 1840988
2217.5 1840956
2218.0 1841020
2218.5 1841020
2219.0 1841020
2219.5 1841020
2220.0 1841020
2220.5 1841020
2221.0 1841020
2221.5 1841020
2222.0 1840988
2222.5 1840988
2223.0 1840988
2223.5 1840988
2224.0 1840988
2224.5 1840988
2225.0 1841020
2225.5 1841020
2226.0 1841020
2226.5 1840988
2227.0 1840988
2227.5 1840988
2228.0 1840988
2228.5 1840988
2229.0 1840988
2229.5 1840988
2230.0 1840988
2230.5 1840988
2231.0 1840988
2231.5 1840956
2232.0 1840956
2232.5 1841020
2233.0 1841020
2233.5 1841020
2234.0 1841020
2234.5 1841020
2235.0 1846968
2235.5 1847032
2236.0 1846888
2236.5 1847316
2237.0 1847440
2237.5 1847488
2238.0 1846820
2238.5 1847248
2239.0 1848196
2239.5 1847332
2240.0 1847216
2240.5 1847232
2241.0 1847120
2241.5 1847168
2242.0 1847372
2242.5 1847452
2243.0 1847516
2243.5 1847940
2244.0 1847736
2244.5 1847436
2245.0 1847416
2245.5 1847336
2246.0 1847496
2246.5 1847464
2247.0 1847448
2247.5 1847512
2248.0 1846912
2248.5 1847484
2249.0 1847244
2249.5 1847228
2250.0 1847216
2250.5 1847452
2251.0 1847752
2251.5 1847436
2252.0 1847468
2252.5 1847484
2253.0 1847344
2253.5 1846948
2254.0 1847028
2254.5 1846980
2255.0 1847356
2255.5 1847180
2256.0 1847036
2256.5 1847228
2257.0 1847292
2257.5 1847528
2258.0 1841476
2258.5 1841508
2259.0 1841508
2259.5 1841508
2260.0 1841476
2260.5 1841476
2261.0 1841476
2261.5 1841476
2262.0 1841476
2262.5 1841476
2263.1 1841476
2263.7 1841476
2264.2 1841476
2264.7 1841476
2265.2 1841476
2265.7 1841444
2266.2 1841508
2266.7 1841508
2267.2 1841508
2267.7 1841508
2268.2 1841508
2268.7 1841508
2269.2 1841476
2269.7 1841476
2270.2 1841476
2270.7 1841476
2271.2 1841476
2271.7 1841476
2272.2 1841476
2272.8 1841476
2273.2 1841540
2273.8 1841508
2274.2 1841508
2274.8 1841508
2275.2 1841508
2275.8 1841508
2276.3 1841508
2276.8 1841508
2277.3 1841508
2277.8 1841508
2278.3 1841508
2278.8 1841508
2279.3 1841508
2279.8 1847008
2280.3 1846724
2280.8 1846788
2281.3 1846488
2281.8 1846456
2282.3 1846788
2282.8 1847088
2283.3 1846788
2283.8 1847116
2284.3 1847592
2284.8 1847432
2285.3 1847228
2285.8 1847164
2286.3 1847644
2286.8 1847108
2287.3 1847868
2287.8 1847488
2288.3 1847552
2288.8 1847392
2289.3 1847472
2289.8 1847536
2290.3 1847268
2290.8 1847616
2291.3 1847552
2291.8 1847724
2292.3 1847348
2292.8 1847440
2293.3 1847204
2293.8 1847536
2294.3 1847472
2294.8 1847148
2295.3 1847456
2295.8 1847424
2296.3 1847756
2296.8 1847316
2297.3 1846952
2297.8 1847032
2298.3 1847000
2298.8 1847268
2299.3 1847188
2299.8 1847236
2300.3 1847552
2300.8 1847472
2301.3 1847408
2301.8 1847568
2302.3 1847552
2302.8 1847616
2303.3 1841348
2303.8 1841348
2304.3 1841348
2304.8 1841348
2305.3 1841348
2305.8 1841096
2306.3 1841096
2306.8 1841064
2307.3 1841064
2307.8 1841064
2308.3 1841064
2308.8 1841064
2309.3 1841064
2309.8 1841096
2310.3 1841096
2310.8 1841096
2311.3 1841064
2311.8 1841064
2312.3 1841064
2312.8 1841064
2313.3 1841064
2313.8 1841064
2314.3 1841064
2314.9 1841064
2315.4 1841064
2315.9 1841064
2316.4 1841032
2316.9 1841096
2317.4 1841096
2317.9 1841096
2318.4 1841096
2318.9 1841096
2319.4 1841096
2319.9 1841096
2320.4 1841096
2320.9 1841064
2321.4 1841064
2321.9 1841064
2322.4 1841064
2322.9 1841064
2323.4 1841064
2323.9 1841064
2324.4 1841096
2324.9 1847892
2325.4 1847396
2325.9 1847392
2326.4 1847376
2326.9 1847156
2327.4 1847188
2327.9 1847092
2328.4 1847252
2328.9 1847172
2329.4 1847504
2329.9 1847440
2330.4 1846952
2330.9 1847520
2331.4 1847440
2331.9 1847536
2332.4 1847472
2332.9 1847584
2333.4 1847424
2333.9 1847568
2334.4 1847236
2334.9 1847260
2335.4 1847356
2335.9 1847496
2336.4 1847360
2336.9 1847788
2337.4 1847456
2337.9 1847568
2338.4 1846988
2338.9 1847000
2339.4 1846732
2339.9 1846700
2340.4 1846844
2340.9 1847396
2341.4 1847316
2341.9 1847092
2342.4 1847408
2342.9 1847440
2343.4 1847584
2343.9 1847772
2344.4 1847456
2344.9 1847456
2345.4 1847584
2345.9 1847564
2346.4 1846760
2346.9 1843120
2347.4 1841184
2347.9 1841152
2348.4 1841152
2348.9 1841152
2349.4 1841152
2350.0 1841152
2350.5 1841152
2351.0 1841152
2351.5 1841152
2352.0 1841152
2352.5 1841152
2353.0 1841120
2353.5 1841120
2354.0 1841184
2354.5 1841184
2355.0 1841184
2355.5 1841184
2356.0 1841184
2356.5 1841184
2357.0 1841152
2357.5 1841152
2358.0 1841152
2358.5 1841152
2359.0 1841152
2359.5 1841152
2360.0 1841152
2360.5 1841152
2361.0 1841216
2361.5 1841216
2362.0 1841184
2362.5 1841184
2363.0 1841184
2363.5 1841184
2364.0 1841184
2364.5 1841184
2365.0 1841184
2365.6 1841184
2366.1 1841184
2366.6 1841152
2367.1 1841152
2367.6 1841152
2368.1 1841152
2368.6 1841184
2369.1 1841184
2369.6 1841184
2370.1 1847252
2370.6 1847252
2371.1 1847280
2371.6 1847312
2372.1 1847440
2372.6 1847504
2373.1 1847220
2373.6 1847260
2374.1 1847040
2374.6 1846896
2375.1 1847480
2375.6 1847404
2376.1 1847604
2376.6 1847496
2377.1 1848000
2377.6 1847764
2378.1 1847196
2378.6 1847512
2379.1 1847196
2379.6 1847324
2380.1 1847284
2380.6 1847992
2381.1 1846620
2381.6 1846572
2382.1 1847128
2382.6 1847300
2383.1 1847332
2383.6 1847188
2384.1 1847584
2384.6 1846888
2385.1 1847220
2385.6 1847484
2386.1 1847852
2386.6 1847584
2387.1 1847868
2387.6 1847788
2388.1 1847756
2388.6 1847536
2389.1 1847252
2389.6 1846996
2390.1 1847332
2390.6 1846260
2391.1 1846448
2391.6 1846828
2392.1 1840916
2392.6 1840916
2393.1 1840916
2393.6 1840948
2394.1 1840948
2394.6 1840916
2395.1 1840916
2395.6 1840916
2396.1 1840916
2396.6 1840916
2397.1 1840916
2397.6 1840916
2398.1 1840916
2398.6 1840916
2399.1 1840884
2399.6 1840948
2400.1 1840948
2400.6 1840948
2401.1 1840948
2401.6 1840948
2402.1 1840948
2402.6 1840948
2403.1 1840948
2403.6 1840916
2404.1 1840916
2404.6 1840916
2405.1 1840916
2405.6 1840916
2406.1 1840916
2406.6 1840916
2407.1 1840948
2407.6 1840948
2408.1 1840948
2408.6 1840916
2409.1 1840916
2409.6 1840916
2410.1 1840916
2410.6 1840916
2411.1 1840916
2411.6 1840916
2412.1 1840916
2412.6 1840916
2413.1 1840884
2413.6 1840884
2414.1 1840884
2414.6 1840948
2415.1 1847104
2415.6 1847212
2416.1 1847324
2416.6 1847116
2417.1 1847292
2417.6 1847276
2418.1 1847148
2418.6 1847244
2419.1 1847164
2419.6 1847796
2420.1 1847488
2420.6 1847028
2421.1 1847032
2421.6 1847204
2422.1 1847364
2422.6 1847396
2423.1 1847316
2423.6 1847236
2424.1 1847236
2424.6 1847456
2425.1 1848112
2425.6 1848128
2426.1 1847684
2426.6 1847544
2427.1 1847560
2427.6 1847480
2428.1 1847464
2428.6 1847544
2429.1 1847592
2429.6 1847464
2430.1 1847268
2430.6 1847424
2431.1 1847172
2431.6 1847160
2432.1 1847172
2432.6 1846936
2433.1 1847060
2433.6 1847252
2434.1 1847016
2434.6 1846984
2435.1 1847404
2435.6 1847280
2436.1 1847552
2436.6 1846780
2437.1 1841188
2437.6 1841188
2438.1 1841188
2438.6 1841188
2439.1 1841188
2439.6 1841188
2440.1 1841188
2440.6 1841188
2441.1 1841188
2441.6 1841156
2442.1 1841220
2442.6 1841220
2443.1 1841220
2443.6 1841220
2444.1 1841220
2444.6 1841220
2445.1 1841220
2445.7 1841220
2446.2 1841188
2446.7 1841188
2447.2 1841188
2447.7 1841188
2448.2 1841188
2448.7 1841188
2449.2 1841220
2449.7 1841220
2450.2 1841220
2450.7 1841220
2451.2 1841220
2451.7 1841188
2452.2 1841188
2452.7 1841188
2453.2 1841188
2453.7 1841188
2454.2 1841188
2454.7 1841188
2455.2 1841188
2455.8 1841156
2456.3 1841156
2456.8 1841220
2457.3 1841220
2457.8 1841220
2458.3 1841220
2458.8 1841220
2459.3 1841220
2459.8 1848052
2460.3 1847536
2460.8 1847408
2461.3 1847140
2461.8 1847392
2462.3 1847188
2462.8 1847440
2463.3 1847536
2463.8 1847536
2464.3 1847284
2464.8 1847376
2465.3 1847408
2465.8 1847108
2466.3 1846764
2466.8 1846888
2467.3 1846808
2467.8 1846872
2468.3 1846920
2468.8 1847000
2469.3 1847064
2469.8 1847824
2470.3 1847212
2470.8 1847196
2471.3 1847260
2471.8 1847212
2472.3 1847228
2472.8 1846628
2473.3 1847288
2473.8 1847576
2474.3 1847304
2474.8 1847304
2475.3 1847352
2475.8 1847132
2476.3 1847116
2476.8 1847560
2477.3 1847164
2477.8 1847308
2478.3 1847164
2478.8 1847132
2479.3 1847148
2479.8 1847048
2480.3 1847240
2480.8 1847272
2481.3 1846956
2481.8 1846408
2482.3 1841220
2482.8 1841220
2483.3 1841220
2483.8 1841188
2484.3 1841188
2484.8 1841188
2485.3 1841188
2485.8 1841184
2486.3 1841184
2486.8 1841184
2487.3 1841152
2487.8 1841152
2488.3 1841152
2488.8 1841152
2489.3 1841152
2489.8 1841152
2490.3 1841216
2490.8 1841216
2491.3 1841216
2491.8 1841184
2492.3 1841184
2492.8 1841184
2493.3 1841184
2493.8 1841184
2494.3 1841184
2494.8 1841184
2495.3 1841184
2495.8 1841184
2496.3 1841248
2496.8 1841216
2497.3 1841216
2497.8 1841216
2498.3 1841216
2498.8 1841216
2499.3 1841216
2499.8 1841216
2500.3 1841216
2500.8 1841216
2501.3 1841216
2501.8 1841184
2502.3 1841184
2502.8 1841184
2503.3 1841216
2503.8 1841216
2504.3 1841216
2504.8 1847452
2505.3 1847140
2505.8 1847392
2506.3 1847408
2506.8 1847512
2507.3 1847432
2507.8 1847260
2508.3 1847368
2508.8 1846768
2509.3 1847324
2509.8 1847432
2510.3 1847512
2510.8 1847416
2511.3 1847084
2511.8 1847448
2512.3 1847164
2512.8 1847496
2513.3 1846864
2513.8 1847700
2514.3 1848252
2514.8 1848044
2515.3 1847888
2515.8 1847404
2516.3 1846896
2516.8 1847416
2517.3 1847212
2517.8 1847292
2518.3 1847340
2518.8 1847308
2519.3 1847260
2519.8 1847016
2520.3 1847588
2520.8 1847380
2521.3 1846972
2521.8 1847428
2522.3 1848184
2522.8 1847652
2523.3 1847192
2523.8 1847492
2524.3 1847304
2524.8 1847220
2525.3 1847520
2525.8 1847520
2526.3 1847488
2526.8 1841216
2527.3 1841216
2527.9 1841184
2528.4 1841184
2528.9 1841184
2529.4 1841184
2529.9 1841184
2530.4 1841180
2530.9 1841180
2531.4 1841180
2531.9 1841180
2532.4 1841148
2532.9 1841212
2533.4 1841212
2533.9 1841212
2534.4 1841212
2534.9 1841212
2535.4 1841212
2535.9 1841212
2536.4 1841212
2536.9 1841212
2537.4 1841212
2537.9 1841180
2538.4 1841180
2538.9 1841180
2539.4 1841180
2540.0 1841180
2540.5 1841212
2541.0 1841212
2541.5 1841212
2542.0 1841180
2542.5 1841180
2543.0 1841180
2543.5 1841180
2544.0 1841180
2544.5 1841180
2545.0 1841180
2545.5 1841180
2546.0 1841180
2546.5 1841148
2547.0 1841148
2547.5 1841148
2548.0 1841212
2548.5 1841212
2549.0 1841212
2549.5 1841212
2550.0 1847120
2550.5 1846868
2551.0 1847168
2551.5 1846632
2552.0 1846412
2552.5 1847020
2553.0 1846468
2553.5 1846592
2554.0 1847408
2554.5 1847280
2555.0 1847544
2555.5 1847700
2556.0 1847180
2556.5 1847212
2557.0 1847352
2557.5 1847100
2558.0 1847384
2558.5 1847844
2559.0 1847384
2559.5 1847180
2560.0 1847380
2560.5 1847272
2561.0 1847208
2561.5 1847492
2562.0 1847648
2562.5 1847256
2563.0 1847492
2563.5 1847364
2564.0 1847208
2564.5 1847208
2565.0 1847260
2565.5 1847276
2566.0 1848016
2566.5 1847384
2567.0 1847456
2567.5 1847260
2568.0 1847196
2568.5 1847192
2569.0 1847368
2569.5 1847132
2570.0 1847476
2570.5 1847144
2571.0 1847096
2571.5 1847208
2572.0 1847460
2572.5 1841140
2573.0 1841140
2573.5 1841140
2574.0 1841140
2574.5 1841140
2575.0 1841108
2575.5 1841108
2576.0 1841104
2576.5 1841104
2577.0 1841104
2577.5 1841104
2578.0 1841104
2578.5 1841104
2579.0 1841168
2579.5 1841136
2580.0 1841136
2580.5 1841136
2581.0 1841136
2581.5 1841136
2582.0 1841136
2582.5 1841136
2583.0 1841136
2583.5 1841136
2584.0 1841104
2584.5 1841104
2585.0 1841104
2585.5 1841104
2586.0 1841104
2586.6 1841136
2587.1 1841136
2587.6 1841136
2588.1 1841136
2588.6 1841136
2589.1 1841104
2589.6 1841104
2590.1 1841104
2590.6 1841104
2591.1 1841104
2591.6 1841104
2592.1 1841104
2592.6 1841104
2593.1 1841104
2593.6 1841136
2594.1 1841136
2594.6 1841136
2595.1 1847116
2595.6 1847116
2596.1 1847740
2596.6 1847324
2597.1 1847576
2597.6 1846960
2598.1 1847308
2598.6 1846960
2599.1 1846816
2599.6 1847308
2600.1 1847688
2600.6 1846836
2601.1 1847104
2601.6 1846932
2602.1 1846900
2602.6 1846728
2603.1 1846648
2603.6 1846696
2604.1 1846648
2604.6 1846332
2605.1 1846668
2605.6 1846856
2606.1 1847596
2606.6 1847440
2607.1 1847408
2607.6 1847488
2608.1 1847724
2608.6 1847408
2609.1 1847396
2609.6 1847440
2610.1 1847468
2610.6 1847672
2611.1 1847500
2611.6 1847688
2612.1 1847688
2612.6 1847720
2613.1 1847388
2613.6 1847200
2614.1 1847280
2614.6 1847376
2615.1 1847204
2615.6 1847268
2616.1 1847064
2616.6 1847032
2617.1 1847188
2617.6 1841436
2618.1 1841468
2618.6 1841468
2619.1 1841468
2619.6 1841468
2620.1 1841468
2620.6 1841468
2621.1 1841432
2621.6 1841432
2622.1 1841432
2622.6 1841432
2623.1 1841432
2623.6 1841432
2624.1 1841432
2624.6 1841432
2625.1 1841400
2625.6 1841464
2626.1 1841464
2626.6 1841464
2627.1 1841464
2627.6 1841464
2628.1 1841464
2628.6 1841464
2629.1 1841464
2629.6 1841432
2630.1 1841432
2630.6 1841432
2631.1 1841432
2631.6 1841432
2632.1 1841432
2632.6 1841432
2633.1 1841464
2633.6 1841464
2634.1 1841464
2634.6 1841464
2635.1 1841432
2635.6 1841432
2636.1 1841432
2636.6 1841432
2637.1 1841432
2637.6 1841432
2638.1 1841432
2638.6 1841432
2639.1 1841400
2639.6 1841400
2640.1 1847428
2640.6 1847396
2641.1 1847348
2641.6 1847304
2642.1 1847192
2642.6 1846892
2643.1 1847436
2643.6 1847104
2644.1 1847388
2644.6 1847484
2645.1 1847348
2645.6 1846980
2646.1 1847468
2646.6 1847120
2647.1 1847152
2647.6 1847340
2648.1 1847216
2648.6 1847120
2649.1 1847308
2649.6 1847576
2650.1 1847472
2650.6 1847472
2651.1 1847436
2651.6 1847344
2652.1 1847264
2652.6 1847360
2653.1 1847408
2653.6 1847676
2654.1 1847676
2654.6 1847408
2655.1 1847240
2655.6 1847208
2656.1 1848008
2656.6 1846956
2657.1 1847332
2657.6 1847632
2658.1 1847300
2658.6 1847144
2659.1 1847476
2659.6 1847128
2660.1 1846980
2660.6 1847044
2661.1 1847028
2661.6 1847060
2662.1 1841308
2662.6 1841308
2663.1 1841308
2663.6 1841308
2664.1 1841308
2664.6 1841308
2665.1 1841308
2665.6 1841308
2666.1 1841272
2666.6 1841272
2667.1 1841336
2667.9 1841336
2668.4 1841336
2668.9 1841336
2669.4 1841336
2669.9 1841336
2670.4 1841336
2670.9 1841336
2671.4 1841304
2671.9 1841304
2672.4 1841304
2672.9 1841304
2673.4 1841304
2673.9 1841336
2674.4 1841336
2674.9 1841336
2675.4 1841336
2675.9 1841304
2676.4 1841304
2676.9 1841304
2677.4 1841304
2677.9 1841304
2678.4 1841304
2678.9 1841304
2679.4 1841304
2679.9 1841304
2680.5 1841272
2681.0 1841272
2681.5 1841336
2682.0 1841336
2682.5 1841336
2683.0 1841336
2683.5 1841336
2684.0 1841336
2684.5 1841336
2685.0 1847356
2685.5 1846520
2686.0 1846664
2686.5 1846488
2687.0 1846836
2687.5 1847040
2688.0 1847200
2688.5 1847088
2689.0 1847104
2689.5 1847136
2690.0 1847032
2690.5 1847428
2691.0 1847412
2691.5 1847492
2692.0 1847396
2692.5 1847332
2693.0 1847680
2693.5 1847552
2694.0 1847568
2694.5 1847712
2695.0 1847060
2695.5 1846840
2696.0 1846872
2696.5 1846776
2697.0 1846872
2697.5 1847392
2698.0 1847140
2698.5 1847408
2699.0 1847440
2699.5 1847248
2700.0 1847828
2700.5 1847496
2701.0 1847760
2701.5 1847476
2702.0 1847760
2702.5 1847364
2703.0 1847428
2703.5 1847272
2704.0 1847284
2704.5 1847428
2705.0 1847360
2705.5 1847456
2706.0 1847456
2706.5 1847708
2707.0 1841340
2707.5 1841340
2708.0 1841340
2708.5 1841340
2709.0 1841340
2709.5 1841340
2710.0 1841340
2710.5 1841332
2711.1 1841364
2711.6 1841332
2712.1 1841332
2712.6 1841332
2713.1 1841332
2713.6 1841332
2714.1 1841332
2714.6 1841332
2715.1 1841332
2715.6 1841332
2716.1 1841332
2716.6 1841332
2717.1 1841300
2717.6 1841300
2718.1 1841364
2718.6 1841364
2719.1 1841364
2719.6 1841364
2720.1 1841364
2720.6 1841364
2721.1 1841332
2721.6 1841332
2722.1 1841332
2722.6 1841332
2723.1 1841332
2723.6 1841332
2724.1 1841332
2724.6 1841332
2725.1 1841332
2725.6 1841364
2726.1 1841364
2726.6 1841364
2727.1 1841364
2727.6 1841364
2728.1 1841364
2728.6 1841364
2729.1 1841364
2729.6 1841364
2730.1 1847304
2730.6 1847432
2731.1 1847384
2731.6 1847384
2732.1 1848324
2732.6 1847948
2733.1 1847116
2733.6 1847368
2734.1 1847368
2734.6 1847272
2735.1 1847324
2735.6 1847548
2736.1 1847580
2736.6 1847328
2737.1 1847708
2737.6 1847548
2738.1 1847156
2738.6 1847312
2739.1 1847296
2739.6 1847232
2740.1 1847552
2740.6 1847916
2741.1 1847428
2741.6 1847712
2742.1 1847616
2742.6 1846908
2743.1 1846828
2743.6 1847096
2744.1 1847160
2744.6 1847176
2745.1 1847116
2745.6 1847228
2746.1 1846832
2746.6 1846500
2747.1 1846564
2747.6 1846676
2748.1 1847260
2748.6 1847276
2749.1 1847292
2749.6 1847400
2750.1 1847428
2750.6 1847096
2751.1 1847380
2751.6 1847300
2752.1 1847160
2752.6 1841612
2753.1 1841612
2753.6 1841612
2754.1 1841612
2754.6 1841644
2755.1 1841640
2755.6 1841640
2756.1 1841608
2756.6 1841608
2757.1 1841608
2757.6 1841608
2758.1 1841608
2758.6 1841608
2759.1 1841608
2759.6 1841608
2760.1 1841608
2760.6 1841576
2761.1 1841576
2761.6 1841576
2762.1 1841576
2762.6 1841640
2763.1 1841640
2763.6 1841640
2764.2 1841640
2764.7 1841640
2765.2 1841640
2765.7 1841640
2766.2 1841640
2766.7 1841608
2767.2 1841608
2767.7 1841608
2768.2 1841608
2768.7 1841608
2769.2 1841640
2769.7 1841640
2770.2 1841640
2770.7 1841608
2771.2 1841608
2771.7 1841608
2772.2 1841608
2772.7 1841608
2773.2 1841608
2773.7 1841608
2774.2 1841608
2774.7 1845492
2775.2 1847888
2775.7 1847812
2776.2 1847572
2776.7 1847368
2777.2 1847256
2777.7 1847700
2778.2 1847500
2778.7 1847440
2779.2 1847140
2779.7 1847040
2780.2 1847132
2780.7 1847512
2781.2 1847652
2781.7 1847716
2782.2 1847668
2782.7 1847684
2783.2 1847948
2783.7 1847748
2784.2 1847336
2784.7 1847112
2785.2 1847276
2785.7 1847260
2786.2 1847340
2786.7 1847556
2787.2 1846860
2787.7 1847048
2788.2 1847552
2788.7 1847884
2789.2 1847316
2789.7 1847476
2790.2 1847512
2790.7 1847304
2791.2 1847240
2791.7 1847336
2792.2 1847400
2792.7 1847336
2793.2 1847352
2793.7 1847224
2794.2 1847004
2794.7 1846772
2795.2 1846944
2795.7 1847152
2796.2 1847420
2796.7 1847436
2797.2 1841280
2797.7 1841280
2798.2 1841280
2798.7 1841248
2799.2 1841248
2799.7 1841248
2800.2 1841248
2800.7 1841240
2801.2 1841240
2801.7 1841240
2802.2 1841240
2802.7 1841240
2803.2 1841304
2803.7 1841272
2804.2 1841272
2804.7 1841272
2805.2 1841272
2805.8 1841272
2806.3 1841272
2806.8 1841272
2807.3 1841272
2807.8 1841272
2808.3 1841272
2808.8 1841240
2809.3 1841240
2809.8 1841240
2810.3 1841240
2810.8 1841272
2811.3 1841272
2811.8 1841272
2812.3 1841272
2812.8 1841240
2813.3 1841240
2813.8 1841240
2814.3 1841240
2814.8 1841240
2815.3 1841240
2815.8 1841240
2816.3 1841240
2816.8 1841240
2817.3 1841240
2817.8 1841240
2818.3 1841240
2818.8 1841272
2819.3 1841272
2819.8 1847300
2820.3 1847128
2820.8 1846952
2821.3 1846480
2821.8 1846592
2822.3 1847056
2822.8 1847308
2823.3 1848336
2823.8 1847548
2824.3 1847196
2824.8 1847352
2825.3 1847240
2825.8 1847400
2826.3 1847620
2826.8 1847604
2827.3 1847272
2827.8 1847052
2828.3 1847384
2828.8 1847840
2829.3 1847052
2829.8 1847268
2830.3 1847332
2830.8 1847240
2831.3 1846700
2831.8 1847820
2832.3 1847648
2832.8 1847836
2833.3 1847504
2833.8 1847856
2834.3 1847640
2834.8 1847368
2835.3 1847464
2835.8 1847588
2836.3 1846800
2836.8 1847336
2837.3 1847572
2837.8 1847116
2838.3 1847556
2838.8 1847488
2839.3 1846952
2839.8 1847556
2840.3 1847148
2840.8 1846976
2841.3 1846724
2841.8 1846464
2842.3 1840992
2842.8 1840992
2843.3 1840992
2843.8 1840992
2844.3 1840992
2844.8 1840992
2845.3 1840992
2845.8 1840988
2846.3 1841052
2846.8 1841020
2847.3 1841020
2847.8 1841020
2848.3 1841020
2848.8 1841020
2849.3 1841020
2849.8 1841020
2850.3 1841020
2850.8 1841020
2851.3 1841020
2851.8 1840988
2852.3 1840988
2852.8 1840988
2853.3 1840988
2853.8 1841020
2854.3 1841020
2854.8 1841020
2855.3 1841020
2855.8 1841020
2856.3 1840988
2856.8 1840988
2857.4 1840988
2857.9 1840988
2858.4 1840988
2858.9 1840988
2859.4 1840988
2859.9 1840988
2860.4 1840988
2860.9 1841020
2861.4 1841020
2861.9 1841020
2862.4 1841020
2862.9 1841020
2863.4 1841020
2863.9 1841020
2864.4 1841020
2864.9 1847144
2865.4 1846780
2865.9 1847016
2866.4 1846572
2866.9 1846716
2867.4 1847080
2867.9 1847324
2868.4 1847388
2868.9 1847464
2869.4 1847468
2869.9 1847468
2870.4 1847580
2870.9 1847280
2871.4 1846948
2871.9 1846996
2872.4 1847676
2872.9 1847352
2873.4 1847020
2873.9 1846956
2874.4 1847288
2874.9 1847628
2875.4 1847500
2875.9 1846920
2876.4 1847028
2876.9 1846932
2877.4 1847864
2877.9 1847532
2878.4 1847452
2878.9 1847532
2879.4 1847848
2879.9 1847608
2880.4 1847608
2880.9 1847608
2881.4 1847512
2881.9 1847592
2882.4 1847244
2882.9 1847512
2883.4 1847260
2883.9 1847308
2884.4 1847356
2884.9 1847700
2885.4 1846848
2885.9 1846484
2886.4 1846468
2886.9 1841016
2887.4 1841048
2887.9 1841048
2888.4 1841016
2888.9 1841016
2889.4 1841016
2889.9 1841016
2890.4 1841016
2890.9 1841012
2891.4 1841012
2891.9 1841012
2892.4 1841012
2892.9 1840980
2893.4 1840980
2894.0 1840980
2894.5 1840980
2895.0 1840980
2895.5 1840980
2896.0 1841044
2896.5 1841044
2897.0 1841044
2897.5 1841044
2898.0 1841012
2898.5 1841012
2899.0 1841012
2899.5 1841012
2900.1 1841012
2900.6 1841012
2901.1 1841012
2901.6 1841012
2902.1 1841012
2902.6 1841044
2903.1 1841044
2903.6 1841044
2904.1 1841044
2904.6 1841044
2905.1 1841044
2905.6 1841044
2906.1 1841044
2906.6 1841044
2907.1 1841012
2907.6 1841012
2908.1 1841012
2908.6 1841012
2909.1 1841012
2909.6 1841012
2910.1 1847228
2910.6 1847560
2911.1 1847640
2911.6 1847152
2912.1 1847416
2912.6 1847324
2913.1 1847576
2913.6 1847432
2914.1 1847496
2914.6 1847088
2915.1 1847396
2915.6 1847472
2916.1 1847236
2916.6 1847332
2917.1 1847520
2917.6 1847552
2918.1 1847408
2918.6 1847284
2919.1 1847600
2919.6 1847660
2920.1 1847000
2920.6 1847504
2921.1 1847536
2921.6 1847284
2922.1 1847472
2922.6 1847392
2923.1 1847836
2923.6 1847412
2924.1 1847520
2924.6 1847220
2925.1 1846648
2925.6 1847404
2926.1 1846980
2926.6 1847216
2927.1 1847420
2927.6 1847328
2928.1 1847500
2928.6 1847532
2929.1 1847452
2929.6 1846524
2930.1 1846596
2930.6 1846692
2931.1 1846740
2931.6 1846704
2932.1 1840908
2932.6 1840908
2933.1 1840940
2933.6 1840940
2934.1 1840940
2934.6 1840940
2935.1 1840940
2935.6 1840936
2936.1 1840904
2936.6 1840904
2937.1 1840904
2937.6 1840904
2938.1 1840904
2938.6 1840904
2939.1 1840904
2939.6 1840904
2940.2 1840872
2940.7 1840936
2941.2 1840936
2941.7 1840936
2942.2 1840936
2942.7 1840936
2943.2 1840936
2943.7 1840936
2944.2 1840936
2944.7 1840904
2945.2 1840904
2945.7 1840904
2946.2 1840904
2946.7 1840904
2947.2 1840904
2947.7 1840904
2948.2 1840904
2948.7 1840936
2949.2 1840936
2949.7 1840904
2950.2 1840904
2950.7 1840904
2951.2 1840904
2951.7 1840904
2952.2 1840904
2952.7 1840904
2953.2 1840904
2953.7 1840904
2954.2 1840872
2954.7 1844036
2955.2 1847352
2955.7 1847828
2956.2 1847476
2956.7 1847256
2957.2 1847100
2957.7 1847288
2958.2 1846816
2958.7 1847448
2959.2 1847412
2959.7 1847280
2960.2 1847484
2960.7 1847708
2961.2 1847120
2961.7 1847516
2962.2 1847280
2962.7 1847168
2963.2 1847248
2963.7 1847136
2964.2 1847232
2964.7 1847464
2965.2 1847464
2965.7 1847388
2966.2 1847560
2966.7 1847400
2967.2 1847608
2967.7 1847640
2968.2 1847356
2968.7 1847480
2969.2 1847672
2969.7 1847524
2970.2 1847524
2970.7 1847556
2971.2 1847476
2971.7 1847572
2972.2 1847524
2972.7 1847304
2973.2 1847524
2973.7 1847400
2974.2 1847620
2974.7 1847492
2975.2 1847412
2975.7 1846812
2976.2 1847424
2976.7 1847316
2977.2 1841580
2977.7 1841580
2978.2 1841548
2978.7 1841548
2979.2 1841548
2979.7 1841548
2980.3 1841540
2980.8 1841540
2981.3 1841540
2981.8 1841540
2982.3 1841540
2982.8 1841540
2983.3 1841572
2983.8 1841572
2984.3 1841572
2984.8 1841572
2985.3 1841572
2985.8 1841572
2986.3 1841572
2986.8 1841572
2987.3 1841540
2987.8 1841540
2988.3 1841540
2988.8 1841540
2989.3 1841540
2989.8 1841572
2990.3 1841572
2990.8 1841572
2991.3 1841572
2991.8 1841572
2992.3 1841540
2992.8 1841540
2993.3 1841540
2993.8 1841540
2994.3 1841540
2994.8 1841540
2995.3 1841540
2995.8 1841540
2996.3 1841540
2996.8 1841540
2997.3 1841572
2997.8 1841572
2998.3 1841572
2998.8 1841572
2999.3 1841572
2999.8 1848192
3000.3 1847188
