1.6 1810664
2.0 1810664
2.5 1810664
4.2 1810664
5.9 1810664
6.4 1810664
6.9 1810664
7.4 1810664
7.9 1810664
9.7 1810696
10.2 1810696
12.0 1810696
13.8 1810696
14.3 1810696
16.0 1810696
16.5 1810696
18.2 1810664
20.1 1810664
20.6 1810664
21.1 1810664
22.9 1810696
23.4 1810696
25.6 1810696
26.1 1810696
27.0 1810664
27.5 1810664
28.0 1810664
28.5 1810664
29.0 1810664
29.5 1810664
30.0 1810664
30.5 1810664
31.0 1810632
31.5 1813232
32.7 1813240
33.2 1813208
33.7 1813112
34.2 1813224
34.7 1813800
35.2 1814700
35.7 1816336
36.2 1817076
36.7 1816664
37.2 1817740
37.7 1817596
38.2 1818172
38.7 1819112
39.2 1819144
39.7 1819568
40.2 1819660
40.7 1819496
41.2 1818860
41.7 1819116
42.2 1819096
42.7 1820024
43.2 1819776
43.7 1819524
44.2 1818880
44.7 1818612
45.2 1818912
45.7 1818848
46.2 1819668
46.7 1820052
47.2 1819264
47.7 1819612
48.2 1818680
48.7 1819280
49.2 1818904
49.7 1818728
50.2 1818680
50.7 1819240
51.2 1818924
51.7 1818948
52.2 1819408
52.7 1819740
53.2 1819232
53.7 1818604
54.2 1818528
54.7 1818668
55.2 1818872
55.7 1818668
56.2 1819308
56.7 1818824
57.2 1818476
57.7 1818824
58.2 1818712
58.7 1818540
59.2 1819204
59.7 1818604
60.2 1818504
60.7 1818824
61.2 1819000
61.7 1812908
63.7 1812876
64.4 1812876
64.9 1812876
65.4 1812876
67.9 1812876
71.2 1812876
71.7 1812876
72.2 1812940
72.7 1812908
74.1 1812908
74.6 1812908
75.1 1819704
75.6 1819656
76.1 1818552
76.6 1818968
77.1 1818492
77.6 1818652
78.1 1818760
78.6 1818840
79.1 1818728
79.6 1818492
80.1 1819296
80.6 1819156
81.1 1818720
81.6 1818516
82.1 1818768
82.6 1819932
83.1 1819792
83.6 1819196
84.1 1818864
84.6 1818816
85.1 1818744
85.6 1818572
86.1 1819248
86.6 1819408
87.1 1818760
87.6 1818772
88.1 1819156
88.6 1818872
89.1 1818652
89.6 1818632
90.1 1818824
90.6 1818776
91.1 1818508
91.6 1818412
92.1 1818928
92.6 1819088
93.1 1818524
93.6 1818460
94.1 1818808
94.6 1818508
95.1 1818456
95.6 1818280
96.1 1818092
96.6 1818392
97.1 1812740
97.6 1812740
98.3 1812740
98.8 1812740
99.5 1812740
100.5 1812708
101.0 1812708
102.8 1812708
103.6 1812708
104.1 1812708
104.6 1812740
105.7 1812740
106.2 1812740
107.8 1812708
108.3 1812708
108.8 1812708
110.1 1812708
113.2 1812708
113.7 1812708
114.8 1812708
115.4 1812708
116.7 1812708
118.3 1812676
118.9 1812676
119.5 1812740
120.0 1818832
120.5 1818768
121.0 1818848
121.5 1818988
122.0 1819164
122.5 1819052
123.0 1819036
123.5 1818736
124.0 1818564
124.5 1818704
125.0 1818468
125.5 1818612
126.0 1818548
126.5 1818532
127.0 1818848
127.5 1818820
128.0 1818920
128.5 1818808
129.0 1818524
129.5 1818784
130.0 1818736
130.5 1818800
131.0 1818644
131.5 1818752
132.0 1818736
132.5 1818532
133.0 1818484
133.5 1818408
134.0 1818516
134.5 1818500
135.0 1818752
135.5 1818848
136.0 1818724
136.5 1818768
137.0 1818832
137.5 1818640
138.0 1818704
138.5 1818816
139.0 1818532
139.5 1818784
140.0 1818752
140.5 1818436
141.0 1818484
141.5 1818404
142.0 1812724
142.5 1812724
143.0 1812724
145.4 1812692
147.4 1812692
148.3 1812692
148.8 1812692
149.4 1812692
149.9 1812692
150.4 1812692
151.9 1812756
152.4 1812724
152.9 1812724
153.4 1812724
153.9 1812724
155.6 1812724
157.3 1812724
157.8 1812724
158.3 1812724
160.2 1812692
162.4 1812692
162.9 1812692
163.6 1812692
164.1 1812692
164.6 1812724
165.1 1820088
165.6 1819576
166.1 1818872
166.6 1818412
167.1 1819076
167.6 1818776
168.1 1818696
168.6 1819252
169.1 1818920
169.6 1818524
170.1 1818760
170.6 1818872
171.1 1818864
171.6 1818784
172.1 1818752
172.6 1819476
173.1 1818784
173.6 1818768
174.1 1818816
174.6 1818832
175.1 1818848
175.6 1818864
176.1 1818560
176.6 1818992
177.1 1818612
177.6 1818436
178.1 1818768
178.6 1818500
179.1 1817948
179.6 1817996
180.1 1818456
180.6 1818392
181.1 1818028
181.6 1818172
182.1 1817900
182.6 1818816
183.1 1818752
183.6 1818848
184.1 1818500
184.6 1818420
185.1 1818076
185.6 1817964
186.1 1818200
186.6 1818152
187.5 1812180
188.0 1812180
188.5 1812180
189.3 1812180
189.8 1812180
190.3 1812180
191.2 1812180
192.3 1812180
192.8 1812148
193.3 1812148
193.8 1812148
195.3 1812148
195.9 1812148
196.7 1812148
197.2 1812148
197.7 1812180
199.1 1812180
199.6 1812148
200.1 1812148
201.8 1812148
202.3 1812148
202.8 1812148
203.3 1812148
203.8 1812148
204.3 1812148
204.9 1812148
205.5 1812148
206.0 1812116
206.5 1812116
207.0 1812180
207.5 1812180
208.3 1812180
209.6 1812180
210.1 1819204
210.6 1818200
211.1 1818580
211.6 1818644
212.1 1818500
212.6 1818876
213.1 1818640
213.6 1818516
214.1 1818388
214.6 1818736
215.1 1818612
215.6 1818800
216.1 1818120
216.6 1818484
217.1 1818372
217.6 1818264
218.1 1818484
218.6 1818784
219.1 1818312
219.6 1818864
220.1 1818736
220.6 1818752
221.1 1818752
221.6 1818784
222.1 1818656
222.6 1818688
223.1 1818892
223.6 1818608
224.1 1818720
224.6 1818988
225.1 1819116
225.6 1818908
226.1 1818720
226.6 1818468
227.1 1818388
227.6 1818912
228.1 1818848
228.6 1818800
229.1 1818264
229.6 1817868
230.1 1817932
230.6 1818312
231.1 1817884
231.6 1818012
232.1 1817900
232.6 1817664
233.1 1818092
234.2 1812244
234.7 1812244
236.0 1812244
236.6 1812244
237.1 1812276
237.6 1812276
238.4 1812276
238.9 1812276
239.4 1812276
240.4 1812276
240.9 1812276
242.1 1812276
243.8 1812244
244.3 1812244
246.2 1812244
247.5 1812244
248.4 1812244
249.0 1812276
249.5 1812276
250.2 1812276
252.1 1812244
252.6 1812244
254.0 1812244
254.5 1812244
255.0 1818140
255.5 1818192
256.0 1819296
256.5 1818712
257.0 1818524
257.5 1818556
258.0 1818492
258.5 1818856
259.0 1818636
259.5 1818004
260.0 1818692
260.5 1818700
261.0 1818684
261.5 1818508
262.0 1818336
262.5 1818352
263.0 1818304
263.5 1818680
264.0 1818760
264.5 1818492
265.0 1818696
265.5 1819116
266.0 1819296
266.5 1818652
267.0 1818556
267.5 1818888
268.0 1818492
268.5 1818348
269.0 1818996
269.5 1818904
270.0 1818620
270.5 1819032
271.0 1819044
271.5 1818508
272.0 1818272
272.5 1818604
273.0 1817972
273.5 1818148
274.0 1818256
274.5 1818524
275.0 1818620
275.5 1818620
276.0 1818336
276.5 1818700
277.0 1818192
277.5 1818540
278.0 1818044
278.5 1812548
279.9 1812516
280.4 1812516
282.6 1812580
283.2 1812580
283.7 1812580
284.4 1812580
285.6 1812580
286.2 1812580
286.7 1812580
287.5 1812548
288.0 1812548
288.5 1812548
289.5 1812548
291.7 1812548
292.2 1812548
292.7 1812548
293.2 1812612
293.7 1812580
294.3 1812580
295.2 1812580
295.7 1812580
296.9 1812580
297.4 1812580
297.9 1812580
299.5 1812580
300.0 1819568
300.5 1818848
301.0 1818848
301.5 1818484
302.0 1818816
302.5 1818824
303.0 1818556
303.5 1818444
304.0 1818176
304.5 1818304
305.0 1818708
305.5 1818516
306.0 1818436
306.5 1818880
307.0 1818596
307.5 1818244
308.0 1818896
308.5 1818832
309.0 1819084
309.5 1818956
310.0 1818736
310.5 1818720
311.0 1818500
311.5 1818532
312.0 1818752
312.5 1818548
313.0 1818564
313.5 1818420
314.0 1818164
314.5 1819256
315.0 1818548
315.5 1818612
316.0 1818736
316.5 1818404
317.0 1819004
317.5 1818656
318.0 1818784
318.5 1818580
319.0 1818816
319.5 1818844
320.0 1819212
320.5 1818704
321.0 1819004
321.5 1818736
322.0 1818768
322.5 1818640
323.0 1812764
323.5 1812796
325.3 1812796
326.4 1812796
326.9 1812796
327.4 1812796
329.9 1812764
332.0 1812764
332.5 1812764
333.0 1812764
333.5 1812764
334.0 1812764
334.5 1812764
336.8 1812764
337.3 1812796
338.7 1812796
341.8 1812796
343.5 1812796
344.0 1812796
344.6 1812796
345.1 1818564
345.6 1818508
346.1 1818620
346.6 1818524
347.1 1818476
347.6 1818556
348.1 1818824
348.6 1818508
349.1 1818364
349.6 1818760
350.1 1818664
350.6 1818808
351.1 1818428
351.6 1818396
352.1 1818680
352.6 1818696
353.1 1818524
353.6 1818712
354.1 1818904
354.6 1818872
355.1 1818840
355.6 1818980
356.1 1818460
356.6 1818460
357.1 1819296
357.6 1818728
358.1 1818856
358.6 1818460
359.1 1818256
359.6 1818156
360.1 1818272
360.6 1818524
361.1 1818492
361.6 1818364
362.1 1818588
362.6 1818412
363.1 1818176
363.6 1818364
364.1 1818588
364.6 1818696
365.1 1818744
365.6 1818696
366.1 1818808
366.6 1818840
367.1 1818792
367.6 1818824
368.1 1812868
368.6 1812868
369.1 1812868
370.9 1812868
371.4 1812868
371.9 1812868
372.4 1812836
374.1 1812836
375.9 1812836
377.7 1812836
378.7 1812836
379.4 1812836
379.9 1812836
381.6 1812900
383.9 1812868
384.7 1812868
385.2 1812868
385.7 1812868
386.2 1812868
386.7 1812868
388.6 1812868
389.5 1812868
390.0 1818968
390.5 1818068
391.0 1818468
391.5 1818688
392.0 1818656
392.5 1818816
393.0 1818452
393.5 1818532
394.0 1818500
394.5 1818624
395.0 1818704
395.5 1818672
396.0 1818816
396.5 1818736
397.0 1818768
397.5 1818624
398.0 1818972
398.5 1818736
399.0 1818608
399.5 1818500
400.0 1818560
400.5 1818092
401.0 1818172
401.5 1818484
402.0 1818468
402.5 1818296
403.0 1818184
403.5 1818548
404.0 1818580
404.5 1818076
405.0 1818672
405.5 1818304
406.0 1818540
406.5 1818412
407.0 1818256
407.5 1818336
408.0 1818444
408.5 1818652
409.0 1818996
409.5 1818920
410.0 1818636
410.5 1818760
411.0 1818712
411.5 1818920
412.0 1818888
412.5 1818712
413.0 1812600
413.5 1812600
414.0 1812600
414.5 1812600
415.1 1812600
417.3 1812600
420.7 1812632
422.3 1812600
422.8 1812600
423.3 1812600
423.8 1812600
425.8 1812608
426.3 1812608
426.8 1813120
427.5 1813128
428.0 1813128
428.5 1813096
429.0 1812828
429.5 1812820
430.7 1812900
431.2 1812900
431.7 1812900
432.2 1812900
432.7 1812900
434.5 1812900
435.0 1818516
435.5 1818612
436.0 1818468
436.5 1818980
437.0 1819044
437.5 1818696
438.0 1818824
438.5 1818728
439.0 1818824
439.5 1819092
440.0 1818944
440.5 1819976
441.0 1819060
441.5 1818904
442.0 1818820
442.5 1819060
443.0 1818808
443.5 1818776
444.0 1818524
444.5 1818932
445.0 1818788
445.5 1819024
446.0 1819024
446.5 1818992
447.0 1818740
447.5 1818884
448.0 1818932
448.5 1819024
449.0 1819024
449.5 1818740
450.0 1818804
450.5 1818852
451.0 1818660
451.5 1818504
452.0 1819072
452.5 1818960
453.0 1819404
453.5 1818928
454.0 1818820
454.5 1818424
455.0 1819132
455.5 1819240
456.0 1819020
456.5 1819288
457.0 1819144
457.5 1819148
458.0 1813160
458.5 1813128
460.3 1813128
462.0 1813128
462.5 1813128
464.4 1813128
464.9 1813128
465.4 1813128
468.7 1813128
471.5 1813160
473.7 1813160
475.5 1813160
476.7 1813160
477.2 1813160
479.0 1813160
479.5 1813160
480.0 1818900
480.5 1819092
481.0 1818964
481.5 1818948
482.0 1819456
482.5 1818636
483.0 1818792
483.5 1818916
484.0 1818980
484.5 1819012
485.0 1819152
485.5 1818932
486.0 1819140
486.5 1818820
487.0 1818948
487.5 1818884
488.0 1818900
488.5 1819140
489.0 1819060
489.5 1818840
490.0 1818728
490.5 1818872
491.0 1818744
491.5 1818744
492.0 1818824
492.5 1818728
493.0 1819492
493.5 1819900
494.0 1819276
494.5 1819284
495.0 1819268
495.5 1818984
496.0 1818872
496.5 1818492
497.0 1817940
497.5 1818272
498.0 1818460
498.5 1818444
499.0 1818508
499.5 1818300
500.0 1818980
500.5 1819280
501.0 1819156
501.5 1819092
502.0 1819044
502.5 1818728
503.0 1812896
503.6 1812864
506.2 1812864
508.0 1812864
508.5 1812896
509.0 1812896
509.5 1812896
511.2 1812896
511.7 1812896
512.2 1812896
513.0 1812864
515.6 1812864
516.1 1812864
519.5 1812864
523.0 1812864
524.5 1812864
525.0 1819004
525.5 1819288
526.0 1819336
526.5 1818624
527.0 1819132
527.5 1819020
528.0 1818752
528.5 1819132
529.0 1818768
529.5 1818264
530.0 1818736
530.5 1819068
531.0 1818672
531.5 1819288
532.0 1819036
532.5 1819208
533.0 1818956
533.5 1818656
534.0 1819052
534.5 1818768
535.0 1819572
535.5 1818816
536.0 1818720
536.5 1818784
537.0 1818264
537.5 1818044
538.0 1818500
538.5 1818720
539.0 1818452
539.5 1818468
540.0 1819052
540.5 1819020
541.0 1819180
541.5 1818956
542.0 1819036
542.5 1818940
543.0 1819164
543.5 1819144
544.0 1819020
544.5 1819040
545.0 1818296
545.5 1818092
546.0 1818216
546.5 1818044
547.0 1817980
547.5 1817996
548.0 1812672
548.5 1812640
550.3 1812640
550.8 1812640
551.5 1812640
552.0 1812640
552.5 1812640
553.0 1812640
553.5 1812640
555.2 1812640
556.9 1812608
557.4 1812608
557.9 1812608
559.7 1812672
560.9 1812672
562.9 1812672
563.4 1812672
563.9 1812672
567.3 1812640
569.1 1812640
569.6 1812640
570.1 1818724
570.6 1819524
571.1 1818564
571.6 1818660
572.1 1818880
572.6 1818752
573.1 1818864
573.6 1818532
574.1 1818864
574.6 1818232
575.1 1818076
575.6 1818864
576.1 1818872
576.6 1818972
577.1 1819020
577.6 1819036
578.1 1818784
578.6 1819180
579.1 1819036
579.6 1819132
580.1 1819180
580.6 1818880
581.1 1819352
581.6 1819132
582.1 1818956
582.6 1819036
583.1 1819036
583.6 1818848
584.1 1819396
584.6 1819308
585.1 1818596
585.6 1818768
586.1 1819068
586.6 1818832
587.1 1819068
587.6 1819116
588.1 1819132
588.6 1819084
589.1 1818928
589.6 1818784
590.1 1819052
590.6 1818484
591.1 1818744
591.6 1818888
592.1 1818920
592.6 1818980
593.1 1812920
593.6 1812888
594.1 1812888
594.7 1812888
595.7 1812888
596.2 1812888
596.7 1812888
597.4 1812888
597.9 1812888
598.4 1812888
598.9 1812856
599.4 1812856
600.4 1812856
600.9 1812920
601.9 1812920
602.4 1812920
602.9 1812920
603.4 1812920
603.9 1812920
604.4 1812920
604.9 1812888
605.4 1812888
605.9 1812888
606.4 1812888
606.9 1812888
607.4 1812888
607.9 1812888
608.4 1812888
608.9 1812920
609.4 1812920
610.7 1812920
611.2 1812920
612.0 1812920
612.5 1812920
613.7 1812920
614.5 1812920
615.0 1818916
615.5 1818696
616.0 1819248
616.5 1818964
617.0 1819012
617.5 1818700
618.0 1818288
618.5 1818556
619.0 1818792
619.5 1819076
620.0 1818792
620.5 1818884
621.0 1818792
621.5 1818520
622.0 1819376
622.5 1818932
623.0 1818932
623.5 1819076
624.0 1819028
624.5 1819012
625.0 1818948
625.5 1818948
626.0 1818900
626.5 1819012
627.0 1818964
627.5 1819232
628.0 1818492
628.5 1818540
629.0 1819044
629.5 1819108
630.0 1818728
630.5 1818884
631.0 1818980
631.5 1818808
632.0 1818932
632.5 1818980
633.0 1818964
633.5 1818840
634.0 1818696
634.5 1818728
635.0 1818648
635.5 1818728
636.0 1818776
636.5 1819124
637.0 1818776
637.5 1818696
638.0 1813264
638.5 1813200
639.1 1813168
640.9 1813168
642.0 1813168
642.5 1813168
644.3 1813200
646.2 1813200
648.0 1813200
649.8 1813200
651.5 1813168
652.0 1813168
652.6 1813168
654.4 1813168
654.9 1813168
659.5 1813168
660.0 1819188
660.5 1819092
661.0 1818604
661.5 1818756
662.0 1819228
662.5 1819068
663.0 1818704
663.5 1818816
664.0 1819416
664.5 1818752
665.0 1818660
665.5 1818540
666.0 1819260
666.5 1818596
667.0 1818452
667.5 1818092
668.0 1818408
668.5 1817948
669.0 1818440
669.5 1818436
670.0 1818216
670.5 1818532
671.0 1818940
671.5 1818764
672.0 1818864
672.5 1818228
673.0 1819268
673.5 1819244
674.0 1819036
674.5 1819164
675.0 1818784
675.5 1818704
676.0 1818896
676.5 1818832
677.0 1819148
677.5 1819084
678.0 1819116
678.5 1819132
679.0 1819272
679.5 1819100
680.0 1818924
680.5 1819004
681.0 1818816
681.5 1818940
682.0 1813064
682.5 1813064
683.0 1813064
683.5 1813064
684.0 1813064
685.7 1813032
686.2 1813032
686.7 1813032
687.2 1813032
687.7 1813032
688.2 1813064
688.7 1813064
689.2 1813064
689.7 1813064
690.5 1813032
691.0 1813032
691.5 1813032
692.0 1813032
692.5 1813032
693.0 1813032
693.5 1813032
694.3 1813032
695.3 1813032
695.8 1813032
697.2 1813064
698.3 1813064
698.8 1813064
699.3 1813064
699.9 1813064
700.4 1813064
700.9 1813064
701.4 1813064
701.9 1813064
703.0 1813032
703.5 1813032
704.0 1813032
704.5 1813032
705.0 1819052
705.5 1818988
706.0 1818768
706.5 1818908
707.0 1819384
707.5 1818908
708.0 1818988
708.5 1818832
709.0 1818576
709.5 1819052
710.0 1819068
710.5 1818784
711.0 1818800
711.5 1818800
712.0 1818752
712.5 1818720
713.0 1818988
713.5 1818972
714.0 1818924
714.5 1819068
715.0 1820172
715.5 1819484
716.0 1818824
716.5 1819408
717.0 1818936
717.5 1818856
718.0 1819220
718.5 1818980
719.0 1818948
719.5 1818904
720.0 1818996
720.5 1818712
721.0 1818948
721.5 1818868
722.0 1818728
722.5 1819204
723.0 1818728
723.5 1818728
724.0 1818824
724.5 1818792
725.0 1819316
725.5 1818948
726.0 1819124
726.5 1819264
727.0 1812916
727.5 1812916
728.0 1812916
728.5 1812916
729.0 1812884
729.5 1812884
730.0 1812884
730.5 1812884
731.0 1812884
731.5 1812884
732.0 1812884
732.5 1812884
733.0 1812884
733.5 1812916
734.0 1812884
734.5 1812884
735.1 1812884
735.6 1812884
736.1 1812884
736.6 1812884
737.1 1812884
737.6 1812884
738.1 1812884
738.6 1812884
739.1 1812884
739.6 1812852
740.1 1812916
740.7 1812916
741.2 1812916
741.7 1812916
742.2 1812916
742.7 1812916
743.2 1812884
743.7 1812884
744.2 1812884
744.7 1812884
745.2 1812884
745.7 1812884
746.3 1812884
746.8 1812884
747.3 1812884
747.8 1812884
748.3 1812916
748.8 1812916
749.3 1812916
749.8 1820000
750.3 1818776
750.8 1819028
751.3 1819216
751.8 1819312
752.3 1819280
752.8 1818900
753.3 1819248
753.8 1818916
754.3 1819060
754.8 1818892
755.3 1819068
755.8 1818468
756.3 1818312
756.8 1818452
757.3 1819004
757.8 1818880
758.3 1818940
758.8 1818908
759.3 1819148
759.8 1818580
760.3 1818428
760.8 1818208
761.3 1818256
761.8 1818428
762.3 1819140
762.8 1818996
763.3 1819264
763.8 1819060
764.3 1819044
764.8 1818828
765.3 1819336
765.8 1819304
766.3 1819224
766.8 1819100
767.3 1818876
767.8 1818892
768.3 1818924
768.8 1819128
769.3 1818908
769.8 1819132
770.3 1819604
770.8 1819132
771.3 1819100
771.8 1818896
772.3 1812788
772.8 1812788
773.3 1812852
773.8 1812852
774.3 1812852
774.9 1812852
775.4 1812852
775.9 1812852
776.4 1812820
776.9 1812820
777.4 1812820
777.9 1812820
778.4 1812820
778.9 1812820
779.4 1812820
779.9 1812820
780.4 1812820
780.9 1812820
781.4 1812852
781.9 1812852
782.4 1812852
782.9 1812852
783.5 1812852
784.0 1812852
784.5 1812852
785.0 1812852
785.5 1812820
786.0 1812820
786.5 1812820
787.0 1812820
787.5 1812852
788.0 1812852
788.6 1812852
789.1 1812852
789.6 1812852
790.1 1812852
790.6 1812820
791.1 1812820
791.6 1812820
792.1 1812820
792.6 1812820
793.1 1812820
793.6 1812820
794.2 1812820
794.7 1812788
795.2 1818776
795.7 1818872
796.2 1819068
796.7 1819100
797.2 1819052
797.7 1818768
798.2 1819132
798.7 1818768
799.2 1818848
799.7 1818940
800.2 1819036
800.7 1818720
801.2 1818560
801.7 1819444
802.2 1818940
802.7 1819208
803.2 1819020
803.7 1818940
804.2 1819020
804.7 1818940
805.2 1818880
805.7 1819160
806.2 1819208
806.7 1818924
807.2 1818956
807.7 1818988
808.2 1818688
808.7 1819380
809.2 1818704
809.7 1818596
810.2 1818452
810.7 1818376
811.2 1818500
811.7 1818548
812.2 1818168
812.7 1818468
813.2 1818580
813.7 1818800
814.2 1818120
814.7 1818028
815.2 1818216
815.7 1818532
816.2 1818500
816.7 1818988
817.2 1813048
817.7 1813048
818.2 1813048
818.7 1813016
819.2 1813016
819.7 1813016
820.2 1813016
820.7 1813016
821.2 1813016
821.7 1813016
822.2 1813016
822.7 1812984
823.3 1812984
823.8 1812984
824.3 1812984
824.8 1813048
825.3 1813048
825.8 1813048
826.3 1813048
826.8 1813048
827.3 1813016
827.8 1813016
828.3 1813016
828.8 1813016
829.3 1813016
829.8 1813016
830.3 1813016
830.8 1813016
831.3 1813016
831.8 1813016
832.3 1813016
832.8 1813048
833.3 1813048
833.8 1813048
834.3 1813048
834.8 1813048
835.3 1813048
835.8 1813048
836.3 1813048
836.8 1813016
837.3 1813016
837.8 1813016
838.3 1813016
838.9 1813016
839.4 1813048
839.9 1813048
840.4 1819460
840.9 1819132
841.4 1819036
841.9 1819020
842.4 1818624
842.9 1818768
843.4 1818800
843.9 1818392
844.4 1818580
844.9 1818500
845.4 1818848
845.9 1818596
846.4 1818372
846.9 1818452
847.4 1818564
847.9 1818500
848.4 1819052
848.9 1819240
849.4 1819004
849.9 1818912
850.4 1819148
850.9 1819052
851.4 1818880
851.9 1818688
852.4 1818848
852.9 1818360
853.4 1817948
853.9 1818012
854.4 1818124
854.9 1818012
855.4 1817932
855.9 1818140
856.4 1818028
856.9 1817760
857.4 1818216
857.9 1818864
858.4 1818848
858.9 1818500
859.4 1818788
859.9 1818248
860.4 1818960
860.9 1818800
861.4 1818596
861.9 1818516
862.4 1818516
862.9 1818816
863.4 1818768
863.9 1812780
864.4 1812780
864.9 1812780
865.4 1812780
865.9 1812748
866.4 1812748
866.9 1812748
867.4 1812748
867.9 1812748
868.4 1812748
868.9 1812748
869.4 1812748
869.9 1812716
870.4 1812780
870.9 1812780
871.4 1812780
871.9 1812780
872.4 1812780
872.9 1812780
873.4 1812780
873.9 1812780
874.4 1812780
874.9 1812748
875.5 1812748
876.1 1812748
876.6 1812748
877.2 1812748
877.7 1812748
878.2 1812780
878.7 1812780
879.2 1812748
879.7 1812748
880.2 1812748
880.7 1812748
881.2 1812748
881.7 1812748
882.2 1812748
882.7 1812748
883.2 1812748
883.7 1812748
884.2 1812748
884.7 1812748
885.2 1818548
885.7 1818832
886.2 1818736
886.7 1819148
887.2 1819004
887.7 1819448
888.2 1819036
888.7 1819052
889.2 1819132
889.7 1818696
890.2 1818620
890.7 1818508
891.2 1818476
891.7 1818508
892.2 1818460
892.7 1818556
893.2 1818744
893.7 1818820
894.2 1819012
894.7 1819060
895.2 1819140
895.7 1818824
896.2 1818808
896.7 1819204
897.2 1818952
897.7 1818856
898.2 1818808
898.7 1818904
899.2 1818272
899.7 1818208
900.2 1819700
900.7 1819208
901.2 1818876
901.7 1819084
902.2 1819224
902.7 1818720
903.2 1818596
903.7 1818468
904.2 1818360
904.7 1818388
905.2 1818044
905.7 1818124
906.2 1818756
906.7 1818564
907.3 1812764
907.8 1812764
908.3 1812764
908.8 1812764
909.3 1812796
909.8 1812796
910.3 1812796
910.8 1812796
911.3 1812796
911.8 1812796
912.3 1812796
912.8 1812796
913.3 1812764
913.8 1812764
914.3 1812764
914.8 1812764
915.3 1812764
915.8 1812764
916.3 1812764
916.9 1812764
917.4 1812796
917.9 1812764
918.4 1812764
918.9 1812764
919.4 1812764
919.9 1812764
920.4 1812764
920.9 1812764
921.4 1812764
921.9 1812764
922.4 1812764
922.9 1812764
923.4 1812732
923.9 1812796
924.4 1812796
924.9 1812796
925.4 1812796
925.9 1812796
926.4 1812796
926.9 1812796
927.4 1812764
927.9 1812764
928.4 1812764
928.9 1812764
929.4 1812764
929.9 1818404
930.4 1818768
930.9 1819224
931.4 1818908
931.9 1818780
932.4 1818876
932.9 1819128
933.4 1818988
933.9 1819036
934.4 1819052
934.9 1818832
935.4 1819020
935.9 1818848
936.4 1818184
936.9 1817884
937.4 1818768
937.9 1818880
938.4 1818324
938.9 1817964
939.4 1818848
939.9 1818728
940.4 1818792
940.9 1819060
941.4 1818856
941.9 1818964
942.4 1819108
942.9 1819108
943.4 1819076
943.9 1818888
944.4 1818776
944.9 1818368
945.4 1818604
945.9 1818588
946.4 1818644
946.9 1819016
947.4 1819048
947.9 1819064
948.4 1819048
948.9 1819360
949.4 1819460
949.9 1818952
950.4 1818244
950.9 1818324
951.4 1818148
951.9 1818116
952.4 1812132
952.9 1812132
953.4 1812132
954.0 1812132
954.5 1812132
955.0 1812132
955.5 1812100
956.0 1812100
956.5 1812100
957.0 1812096
957.5 1812096
958.0 1812096
958.5 1812096
959.0 1812128
959.5 1812128
960.0 1812096
960.5 1812096
961.0 1812096
961.7 1812096
962.4 1812096
962.9 1812096
963.5 1812096
964.0 1812096
964.5 1812096
965.0 1812064
965.5 1812064
966.0 1812128
966.5 1812128
967.0 1812128
967.5 1812128
968.0 1812128
968.5 1812128
969.0 1812128
969.5 1812128
970.0 1812096
970.5 1812096
971.0 1812096
971.5 1812096
972.1 1812096
972.6 1812096
973.1 1812096
973.6 1812096
974.1 1812128
974.6 1814344
975.1 1818796
975.6 1818496
976.1 1818080
976.6 1817968
977.1 1818252
977.6 1818364
978.1 1818252
978.6 1818428
979.1 1818048
979.6 1818532
980.1 1818724
980.6 1818720
981.1 1818972
981.6 1819084
982.1 1819004
982.6 1818988
983.1 1818972
983.6 1819244
984.1 1818832
984.6 1819068
985.1 1819252
985.6 1819316
986.1 1819048
986.6 1819032
987.1 1818528
987.6 1818576
988.1 1818292
988.6 1818340
989.1 1818448
989.6 1818072
990.1 1818240
990.6 1818416
991.1 1819124
991.6 1819108
992.1 1818888
992.6 1818856
993.1 1818460
993.6 1818444
994.1 1818524
994.6 1818808
995.1 1819484
995.6 1819520
996.1 1819040
996.6 1819292
997.1 1813164
997.6 1813132
998.1 1813132
998.6 1813132
999.1 1813132
999.6 1813164
1000.1 1813160
1000.6 1813160
1001.1 1813160
1001.6 1813160
1002.1 1813160
1002.6 1813160
1003.2 1813160
1003.7 1813128
1004.2 1813128
1004.7 1813128
1005.2 1813128
1005.7 1813128
1006.2 1813128
1006.7 1813128
1007.2 1813160
1007.7 1813160
1008.2 1813160
1008.7 1813160
1009.3 1813160
1009.8 1813160
1010.3 1813160
1010.8 1813160
1011.3 1813128
1011.8 1813128
1012.3 1813128
1012.8 1813128
1013.3 1813128
1013.8 1813128
1014.3 1813160
1014.8 1813160
1015.6 1813160
1016.1 1813128
1016.6 1813128
1017.1 1813128
1017.7 1813128
1018.2 1813128
1018.7 1813128
1019.2 1813128
1019.7 1813128
1020.2 1819460
1020.7 1819192
1021.2 1819100
1021.7 1819208
1022.2 1818904
1022.7 1819512
1023.2 1819376
1023.7 1818652
1024.2 1818508
1024.7 1818760
1025.2 1818392
1025.7 1818660
1026.2 1818740
1026.7 1818660
1027.2 1819180
1027.7 1819544
1028.2 1819732
1028.7 1820564
1029.2 1818992
1029.7 1818896
1030.2 1818924
1030.7 1818624
1031.2 1818736
1031.7 1818832
1032.2 1818800
1032.7 1818848
1033.2 1818720
1033.7 1819272
1034.2 1819100
1034.7 1820308
1035.2 1819468
1035.7 1819392
1036.2 1818900
1036.7 1819400
1037.2 1819908
1037.7 1818772
1038.2 1819136
1038.7 1819724
1039.2 1819324
1039.7 1819180
1040.2 1818712
1040.7 1818760
1041.2 1818776
1041.7 1818476
1042.3 1812496
1042.8 1812496
1043.3 1812496
1043.8 1812496
1044.3 1812496
1044.8 1812496
1045.3 1812528
1045.8 1812528
1046.3 1812528
1046.9 1812528
1047.4 1812496
1047.9 1812496
1048.4 1812496
1048.9 1812496
1049.5 1812496
1050.0 1812496
1050.5 1812496
1051.2 1812496
1051.7 1812496
1052.2 1812496
1052.7 1812528
1053.2 1812528
1053.7 1812528
1054.2 1812528
1054.9 1812528
1055.4 1812528
1055.9 1812528
1056.4 1812496
1056.9 1812496
1057.4 1812496
1057.9 1812496
1058.4 1812496
1058.9 1812496
1059.4 1812496
1059.9 1812496
1060.4 1812528
1060.9 1812528
1061.4 1812496
1061.9 1812496
1062.4 1812496
1062.9 1812496
1063.4 1812496
1064.1 1812496
1064.6 1812496
1065.1 1818832
1065.6 1819684
1066.1 1818996
1066.6 1818996
1067.1 1819012
1067.6 1819108
1068.1 1818760
1068.6 1819108
1069.1 1819156
1069.6 1818996
1070.1 1819012
1070.6 1819076
1071.1 1818396
1071.6 1818476
1072.1 1818412
1072.6 1818728
1073.1 1818336
1073.6 1818224
1074.1 1818148
1074.6 1818336
1075.1 1818908
1075.6 1818736
1076.1 1818848
1076.6 1818988
1077.1 1818576
1077.6 1818800
1078.1 1818484
1078.6 1818800
1079.1 1819320
1079.6 1819116
1080.1 1818784
1080.6 1819084
1081.1 1818972
1081.6 1818720
1082.1 1819052
1082.6 1818168
1083.1 1818436
1083.6 1818564
1084.1 1818472
1084.6 1818344
1085.1 1818128
1085.6 1818456
1086.1 1818696
1086.6 1818652
1087.1 1812708
1087.6 1812708
1088.2 1812708
1088.7 1812708
1089.2 1812708
1089.7 1812676
1090.2 1812740
1090.7 1812740
1091.2 1812740
1091.9 1812740
1092.4 1812740
1093.1 1812740
1093.6 1812740
1094.1 1812740
1094.6 1812708
1095.1 1812708
1095.6 1812708
1096.1 1812708
1096.6 1812708
1097.2 1812708
1097.7 1812708
1098.2 1812708
1098.7 1812772
1099.2 1812740
1099.7 1812740
1100.2 1812740
1100.7 1812740
1101.2 1812740
1101.9 1812740
1102.4 1812740
1102.9 1812740
1103.4 1812740
1104.0 1812708
1104.5 1812708
1105.3 1812708
1105.8 1812708
1106.3 1812708
1106.8 1812740
1107.3 1812740
1107.8 1812740
1108.3 1812740
1108.8 1812740
1109.3 1812740
1109.8 1816820
1110.3 1818988
1110.8 1819364
1111.3 1818624
1111.8 1819108
1112.3 1818672
1112.8 1818452
1113.3 1818624
1113.8 1818956
1114.3 1818940
1114.8 1818336
1115.3 1818672
1115.8 1818844
1116.3 1818860
1116.8 1818972
1117.3 1818848
1117.8 1818612
1118.3 1817948
1118.8 1817836
1119.3 1818120
1119.8 1817984
1120.3 1818352
1120.8 1818416
1121.3 1818712
1121.8 1818160
1122.3 1818380
1122.8 1818412
1123.3 1818744
1123.8 1819156
1124.3 1818696
1124.8 1818984
1125.3 1819612
1125.8 1818900
1126.3 1818964
1126.8 1818760
1127.3 1819076
1127.8 1819172
1128.3 1819012
1128.8 1819216
1129.3 1819136
1129.8 1819184
1130.3 1819216
1130.8 1818904
1131.3 1818916
1131.8 1818868
1132.3 1812864
1132.8 1812864
1133.3 1812864
1133.8 1812864
1134.3 1812864
1134.8 1812864
1135.3 1812864
1135.8 1812864
1136.3 1812864
1136.8 1812896
1137.3 1812896
1137.8 1812896
1138.3 1812896
1138.8 1812896
1139.3 1812896
1139.8 1812896
1140.3 1812896
1140.8 1812896
1141.3 1812896
1141.8 1812864
1142.3 1812864
1142.8 1812864
1143.3 1812864
1143.8 1812864
1144.3 1812864
1144.8 1812896
1145.3 1812896
1145.8 1812864
1146.3 1812864
1146.8 1812864
1147.3 1812864
1147.8 1812864
1148.3 1812864
1148.8 1812864
1149.3 1812864
1149.8 1812864
1150.3 1812864
1150.8 1812832
1151.3 1812832
1151.8 1812896
1152.3 1812896
1152.8 1812896
1153.3 1812896
1153.8 1812896
1154.3 1812896
1154.8 1819872
1155.3 1819368
1155.8 1819424
1156.3 1818916
1156.8 1819084
1157.3 1818704
1157.8 1818436
1158.3 1818312
1158.8 1818232
1159.3 1818072
1159.8 1818272
1160.3 1818460
1160.8 1818224
1161.3 1818256
1161.8 1818444
1162.3 1818412
1162.8 1818508
1163.3 1818444
1163.8 1818128
1164.3 1818428
1164.8 1818628
1165.3 1819020
1165.8 1819220
1166.3 1818960
1166.8 1818964
1167.3 1818500
1167.8 1819116
1168.3 1819384
1168.8 1819084
1169.3 1819096
1169.8 1818784
1170.3 1818784
1170.8 1818564
1171.3 1818624
1171.8 1818484
1172.3 1819020
1172.8 1818800
1173.3 1819052
1173.8 1819900
1174.3 1819164
1174.8 1818832
1175.3 1818424
1175.8 1818216
1176.3 1818360
1176.8 1812140
1177.3 1812140
1177.8 1812108
1178.3 1812108
1178.8 1812108
1179.3 1812108
1179.8 1812108
1180.3 1812108
1180.8 1812104
1181.3 1812104
1181.8 1812104
1182.3 1812072
1182.8 1812072
1183.3 1812072
1183.8 1812136
1184.3 1812136
1184.8 1812136
1185.3 1812136
1185.8 1812136
1186.3 1812136
1186.8 1812104
1187.3 1812104
1187.8 1812104
1188.3 1812104
1188.8 1812104
1189.3 1812104
1189.8 1812104
1190.3 1812104
1190.8 1812168
1191.3 1812168
1191.8 1812136
1192.3 1812136
1192.8 1812136
1193.3 1812136
1193.8 1812136
1194.3 1812136
1194.8 1812136
1195.3 1812136
1195.8 1812136
1196.3 1812136
1196.8 1812104
1197.3 1812104
1197.8 1812104
1198.3 1812136
1198.8 1812136
1199.3 1812136
1199.8 1817952
1200.3 1817824
1200.8 1817904
1201.3 1817652
1201.8 1817952
1202.3 1817952
1202.8 1817676
1203.3 1818408
1203.8 1818756
1204.3 1818300
1204.8 1818232
1205.3 1818168
1205.8 1818456
1206.3 1818516
1206.8 1818184
1207.3 1818500
1207.8 1818372
1208.3 1818640
1208.8 1818784
1209.3 1818784
1209.8 1818532
1210.3 1818484
1210.8 1818956
1211.3 1819396
1211.8 1819288
1212.3 1818524
1212.8 1818224
1213.3 1818556
1213.8 1818792
1214.3 1818980
1214.8 1819088
1215.3 1818896
1215.8 1819212
1216.3 1819340
1216.8 1818772
1217.3 1818976
1217.8 1819056
1218.3 1818788
1218.8 1818740
1219.3 1818912
1219.8 1818484
1220.3 1818720
1220.8 1818688
1221.3 1818320
1221.8 1818552
1222.3 1812860
1222.8 1812860
1223.3 1812860
1223.8 1812860
1224.3 1812860
1224.8 1812860
1225.3 1812828
1225.8 1812828
1226.3 1812828
1226.8 1812828
1227.3 1812828
1227.8 1812828
1228.7 1812828
1229.2 1812860
1229.7 1812860
1230.2 1812860
1230.7 1812860
1231.2 1812860
1231.7 1812860
1232.2 1812860
1232.7 1812860
1233.2 1812860
1233.7 1812860
1234.2 1812828
1234.7 1812828
1235.2 1812828
1235.7 1812828
1236.3 1812828
1236.8 1812828
1237.3 1812860
1237.8 1812860
1238.3 1812860
1238.8 1812860
1239.3 1812828
1239.8 1812828
1240.5 1812828
1241.0 1812828
1241.5 1812828
1242.0 1812828
1242.5 1812828
1243.0 1812828
1243.5 1812828
1244.0 1812860
1244.5 1812860
1245.0 1818744
1245.5 1818932
1246.0 1818772
1246.5 1818852
1247.0 1818612
1247.5 1818412
1248.0 1818332
1248.5 1818744
1249.0 1818712
1249.5 1818600
1250.0 1818964
1250.5 1818728
1251.0 1818744
1251.5 1818836
1252.0 1818776
1252.5 1818616
1253.0 1818664
1253.5 1818868
1254.0 1818916
1254.5 1819104
1255.0 1819076
1255.5 1818916
1256.0 1818760
1256.5 1818632
1257.0 1818712
1257.5 1818964
1258.0 1818964
1258.5 1818996
1259.0 1818712
1259.5 1818868
1260.0 1818680
1260.5 1818728
1261.0 1818964
1261.5 1819140
1262.0 1818444
1262.5 1818648
1263.0 1818776
1263.5 1818916
1264.0 1818884
1264.5 1819264
1265.0 1818696
1265.5 1818648
1266.0 1818852
1266.5 1819012
1267.0 1818600
1267.5 1818948
1268.0 1815640
1268.5 1813040
1269.0 1813040
1269.5 1813040
1270.0 1813040
1270.5 1813040
1271.0 1813040
1271.5 1813008
1272.0 1813008
1272.5 1813008
1273.0 1813008
1273.5 1813008
1274.0 1813008
1274.5 1813008
1275.0 1813040
1275.5 1813040
1276.0 1813040
1276.5 1813040
1277.0 1813040
1277.5 1813008
1278.0 1813008
1278.5 1813008
1279.0 1813008
1279.5 1813008
1280.0 1813008
1280.5 1813008
1281.0 1813008
1281.5 1812976
1282.0 1812976
1282.5 1813040
1283.0 1813040
1283.5 1813040
1284.0 1813040
1284.5 1813040
1285.0 1813040
1285.5 1813008
1286.0 1813008
1286.5 1813008
1287.0 1813008
1287.5 1813008
1288.0 1813008
1288.5 1813008
1289.0 1813008
1289.5 1813072
1290.0 1818452
1290.5 1818200
1291.0 1818136
1291.5 1818104
1292.0 1818672
1292.5 1818800
1293.0 1818656
1293.5 1818988
1294.0 1818544
1294.5 1818828
1295.0 1818640
1295.5 1818736
1296.0 1818592
1296.5 1818624
1297.0 1818608
1297.5 1819036
1298.0 1819040
1298.5 1818556
1299.0 1818884
1299.5 1818664
1300.0 1818916
1300.5 1818852
1301.0 1818776
1301.5 1818540
1302.0 1818760
1302.5 1818808
1303.0 1818760
1303.5 1818696
1304.0 1819064
1304.5 1818860
1305.0 1818832
1305.5 1818972
1306.0 1818844
1306.5 1819020
1307.0 1818956
1307.5 1818956
1308.0 1819192
1308.5 1819052
1309.0 1818244
1309.5 1818216
1310.0 1818264
1310.5 1818500
1311.0 1818436
1311.5 1818736
1312.0 1818608
1312.5 1819148
1313.0 1818028
1313.5 1813072
1314.0 1813072
1314.5 1813072
1315.0 1813072
1315.5 1813072
1316.0 1813072
1316.5 1813072
1317.0 1813072
1317.5 1813072
1318.0 1813072
1318.5 1813072
1319.0 1813072
1319.5 1813040
1320.0 1813104
1320.5 1813104
1321.0 1813104
1321.5 1813104
1322.1 1813104
1322.6 1813104
1323.1 1813072
1323.6 1813072
1324.1 1813072
1324.6 1813072
1325.1 1813072
1325.6 1813072
1326.1 1813072
1326.6 1813072
1327.1 1813072
1327.6 1813072
1328.1 1813104
1328.6 1813104
1329.1 1813104
1329.6 1813104
1330.1 1813104
1330.6 1813104
1331.1 1813104
1331.6 1813104
1332.1 1813104
1332.6 1813104
1333.1 1813104
1333.6 1813072
1334.1 1813072
1334.6 1813072
1335.1 1818996
1335.6 1818980
1336.1 1819216
1336.6 1818760
1337.1 1819012
1337.6 1818996
1338.1 1818996
1338.6 1819044
1339.1 1818776
1339.6 1818964
1340.1 1818760
1340.6 1818792
1341.1 1818948
1341.6 1819012
1342.1 1818584
1342.6 1818728
1343.1 1818932
1343.6 1818980
1344.1 1818996
1344.6 1818632
1345.1 1819012
1345.6 1818968
1346.1 1818664
1346.6 1818664
1347.1 1818916
1347.6 1818948
1348.1 1819532
1348.6 1819296
1349.1 1819236
1349.6 1819060
1350.1 1819628
1350.6 1819944
1351.1 1818752
1351.6 1818784
1352.1 1819004
1352.6 1819240
1353.1 1818608
1353.6 1818628
1354.1 1818784
1354.6 1818704
1355.1 1818832
1355.6 1818876
1356.1 1818956
1356.6 1818452
1357.1 1818752
1357.6 1818640
1358.1 1815024
1358.7 1812532
1359.2 1812532
1359.7 1812564
1360.2 1812564
1360.7 1812564
1361.2 1812564
1361.7 1812564
1362.2 1812564
1362.7 1812564
1363.2 1812564
1363.7 1812564
1364.2 1812564
1364.7 1812532
1365.2 1812532
1365.7 1812532
1366.2 1812532
1366.7 1812532
1367.2 1812564
1367.8 1812564
1368.3 1812564
1368.9 1812564
1369.4 1812564
1369.9 1812532
1370.4 1812532
1370.9 1812532
1371.4 1812532
1371.9 1812532
1372.4 1812532
1372.9 1812532
1373.4 1812532
1373.9 1812532
1374.4 1812500
1375.0 1812564
1375.5 1812564
1376.0 1812564
1376.5 1812564
1377.0 1812564
1377.5 1812564
1378.0 1812564
1378.5 1812532
1379.0 1812532
1379.5 1812532
1380.0 1819144
1380.5 1818848
1381.0 1818640
1381.5 1818736
1382.0 1818656
1382.5 1818832
1383.0 1818736
1383.5 1818800
1384.0 1818720
1384.5 1818592
1385.0 1818824
1385.5 1818980
1386.0 1818664
1386.5 1818728
1387.0 1819028
1387.5 1819108
1388.0 1818664
1388.5 1818808
1389.0 1818696
1389.5 1818856
1390.0 1818744
1390.5 1818696
1391.0 1818508
1391.5 1818760
1392.0 1818588
1392.5 1818064
1393.0 1818396
1393.5 1818460
1394.0 1818412
1394.5 1818204
1395.0 1819048
1395.5 1818908
1396.0 1818768
1396.5 1819068
1397.0 1818912
1397.5 1819036
1398.0 1818576
1398.5 1818580
1399.0 1818452
1399.5 1818560
1400.0 1818680
1400.5 1818648
1401.0 1818760
1401.5 1818696
1402.0 1818712
1402.5 1819012
1403.0 1812756
1403.5 1812756
1404.0 1812756
1404.5 1812756
1405.0 1812756
1405.5 1812756
1406.0 1812724
1406.5 1812788
1407.0 1812788
1407.8 1812788
1408.3 1812788
1408.8 1812788
1409.3 1812788
1409.8 1812756
1410.3 1812756
1410.8 1812756
1411.3 1812756
1411.8 1812756
1412.3 1812756
1412.8 1812756
1413.3 1812756
1413.8 1812820
1414.3 1812820
1414.8 1812788
1415.3 1812788
1415.8 1812788
1416.3 1812788
1416.8 1812788
1417.3 1812788
1417.8 1812788
1418.3 1812788
1418.8 1812788
1419.3 1812788
1419.9 1812756
1420.4 1812756
1420.9 1812756
1421.4 1812756
1421.9 1812788
1422.4 1812788
1422.9 1812788
1423.4 1812788
1423.9 1812788
1424.5 1812756
1425.0 1818984
1425.5 1819012
1426.0 1819028
1426.5 1818748
1427.0 1819024
1427.5 1818272
1428.0 1818224
1428.5 1818808
1429.0 1818788
1429.5 1818980
1430.0 1818808
1430.5 1818696
1431.0 1818744
1431.5 1818744
1432.0 1818696
1432.5 1819312
1433.0 1818884
1433.5 1818868
1434.0 1818868
1434.5 1818664
1435.0 1818824
1435.5 1818712
1436.0 1818728
1436.5 1818696
1437.0 1818996
1437.5 1818996
1438.0 1818964
1438.5 1818948
1439.0 1819140
1439.5 1819028
1440.0 1819172
1440.5 1818712
1441.0 1818712
1441.5 1819156
1442.0 1819060
1442.5 1818996
1443.0 1818872
1443.5 1818840
1444.0 1819028
1444.5 1818728
1445.0 1818760
1445.5 1819012
1446.0 1818744
1446.5 1819108
1447.0 1819076
1447.5 1818916
1448.0 1818216
1448.5 1812864
1449.0 1812864
1449.5 1812864
1450.0 1812864
1450.5 1812864
1451.0 1812864
1451.5 1812864
1452.1 1812864
1452.6 1812832
1453.1 1812832
1453.6 1812832
1454.1 1812832
1454.6 1812832
1455.1 1812832
1455.6 1812864
1456.1 1812864
1456.6 1812864
1457.1 1812864
1457.6 1812864
1458.2 1812832
1458.7 1812832
1459.2 1812832
1459.7 1812832
1460.2 1812832
1460.7 1812832
1461.2 1812832
1461.7 1812800
1462.2 1812800
1462.7 1812800
1463.2 1812800
1463.7 1812864
1464.2 1812864
1464.7 1812864
1465.2 1812864
1465.7 1812864
1466.2 1812864
1466.7 1812832
1467.2 1812832
1467.7 1812832
1468.2 1812832
1468.7 1812832
1469.2 1812832
1469.7 1819804
1470.2 1818428
1470.7 1818492
1471.2 1818380
1471.7 1818412
1472.2 1818744
1472.7 1818712
1473.2 1818600
1473.7 1819216
1474.2 1818664
1474.7 1819076
1475.2 1818980
1475.7 1818808
1476.2 1818980
1476.7 1818980
1477.2 1818932
1477.7 1819012
1478.2 1819124
1478.7 1818932
1479.2 1818932
1479.7 1818948
1480.2 1819108
1480.7 1818792
1481.2 1819076
1481.7 1818932
1482.2 1818664
1482.7 1819248
1483.2 1818608
1483.7 1818860
1484.2 1818516
1484.7 1819132
1485.2 1819068
1485.7 1818892
1486.2 1818704
1486.7 1819004
1487.2 1818672
1487.7 1819180
1488.2 1819304
1488.7 1818816
1489.2 1818576
1489.7 1818988
1490.2 1819036
1490.7 1818720
1491.2 1818972
1491.7 1819212
1492.2 1818816
1492.7 1818816
1493.2 1812724
1493.8 1812724
1494.3 1812724
1494.8 1812692
1495.3 1812692
1495.8 1812692
1496.3 1812692
1496.8 1812756
1497.3 1812756
1497.8 1812756
1498.3 1812756
1498.8 1812756
1499.3 1812756
1499.8 1812724
1500.3 1812724
1500.8 1812724
1501.4 1812724
1501.9 1812724
1502.4 1812724
1503.0 1812724
1503.5 1812724
1504.0 1812788
1504.5 1812756
1505.0 1812756
1505.5 1812756
1506.0 1812756
1506.5 1812756
1507.0 1812756
1507.5 1812756
1508.0 1812756
1508.6 1812756
1509.1 1812724
1509.6 1812724
1510.1 1812724
1510.6 1812724
1511.1 1812724
1511.6 1812724
1512.1 1812756
1512.6 1812756
1513.1 1812756
1513.6 1812756
1514.1 1812724
1514.6 1816492
1515.1 1818720
1515.6 1818704
1516.1 1819020
1516.6 1819084
1517.1 1818904
1517.6 1818688
1518.1 1818688
1518.6 1818972
1519.1 1818736
1519.6 1818704
1520.1 1818752
1520.6 1818720
1521.1 1818656
1521.6 1818800
1522.1 1818660
1522.6 1818216
1523.1 1818120
1523.6 1818676
1524.1 1818924
1524.6 1818912
1525.1 1818892
1525.6 1818832
1526.1 1818576
1526.6 1818940
1527.1 1818656
1527.6 1818784
1528.1 1818848
1528.6 1818768
1529.1 1818604
1529.6 1819632
1530.1 1819308
1530.6 1818504
1531.1 1819092
1531.6 1818964
1532.1 1818460
1532.6 1818144
1533.1 1818556
1533.6 1818364
1534.1 1818476
1534.6 1818620
1535.1 1819416
1535.6 1819120
1536.1 1819296
1536.6 1819028
1537.1 1819124
1537.6 1818776
1538.1 1812992
1538.6 1812992
1539.1 1812992
1539.6 1812992
1540.1 1812992
1540.6 1812992
1541.1 1812992
1541.6 1812992
1542.1 1812960
1542.6 1812960
1543.1 1812960
1543.6 1812960
1544.1 1812960
1544.6 1812960
1545.1 1812992
1545.6 1812992
1546.1 1812992
1546.6 1812992
1547.1 1812960
1547.6 1812960
1548.1 1812960
1548.6 1812960
1549.1 1812960
1549.6 1812960
1550.1 1812960
1550.6 1812960
1551.1 1812960
1551.6 1812960
1552.1 1812992
1552.6 1812992
1553.1 1812992
1553.6 1812992
1554.1 1812992
1554.6 1812992
1555.1 1812992
1555.6 1812992
1556.1 1812960
1556.6 1812960
1557.1 1812960
1557.6 1812960
1558.1 1812960
1558.6 1812960
1559.1 1812960
1559.6 1817964
1560.1 1819152
1560.6 1818808
1561.1 1818932
1561.6 1818728
1562.1 1818524
1562.6 1818396
1563.1 1818240
1563.6 1818712
1564.1 1818680
1564.6 1819092
1565.1 1818916
1565.6 1818996
1566.1 1818508
1566.6 1818336
1567.1 1818080
1567.6 1818508
1568.1 1818396
1568.6 1818364
1569.1 1817828
1569.6 1818248
1570.1 1818944
1570.6 1818992
1571.1 1818928
1571.6 1818928
1572.1 1818280
1572.6 1818328
1573.1 1818580
1573.6 1818376
1574.1 1818456
1574.6 1818436
1575.1 1818372
1575.6 1818892
1576.1 1818924
1576.6 1818608
1577.1 1818340
1577.6 1818436
1578.1 1818592
1578.6 1818940
1579.1 1818688
1579.6 1818920
1580.1 1818636
1580.6 1818936
1581.1 1819064
1581.6 1819520
1582.1 1818700
1582.6 1818732
1583.1 1812876
1583.6 1812876
1584.1 1812844
1584.7 1812844
1585.2 1812840
1585.7 1812840
1586.2 1812840
1586.7 1812840
1587.2 1812840
1587.7 1812840
1588.2 1812904
1588.7 1812904
1589.2 1812872
1589.7 1812872
1590.2 1812872
1590.8 1812872
1591.3 1812872
1591.8 1812872
1592.3 1812872
1592.8 1812872
1593.3 1812872
1593.8 1812872
1594.3 1812840
1594.8 1812840
1595.3 1812840
1595.8 1812840
1596.3 1812872
1596.8 1812872
1597.4 1812872
1597.9 1812872
1598.4 1812872
1598.9 1812840
1599.4 1812840
1599.9 1812840
1600.4 1812840
1600.9 1812840
1601.4 1812840
1601.9 1812840
1602.4 1812840
1602.9 1812840
1603.4 1812840
1603.9 1812872
1604.4 1812872
1604.9 1819348
1605.4 1818656
1605.9 1818556
1606.4 1818712
1606.9 1818508
1607.4 1818524
1607.9 1818444
1608.4 1818664
1608.9 1818680
1609.4 1818792
1609.9 1819036
1610.4 1818184
1610.9 1818168
1611.4 1818296
1611.9 1818200
1612.4 1818280
1612.9 1818436
1613.4 1818532
1613.9 1818072
1614.4 1818152
1614.9 1818512
1615.4 1819096
1615.9 1818684
1616.4 1818716
1616.9 1818700
1617.4 1818572
1617.9 1819284
1618.4 1819048
1618.9 1818732
1619.4 1818920
1619.9 1818996
1620.4 1818884
1620.9 1818916
1621.4 1818744
1621.9 1819028
1622.4 1819012
1622.9 1818852
1623.4 1818884
1623.9 1818364
1624.4 1818760
1624.9 1819228
1625.4 1818596
1625.9 1818660
1626.4 1818580
1626.9 1818536
1627.4 1818660
1627.9 1817492
1628.4 1812644
1628.9 1812644
1629.4 1812644
1629.9 1812644
1630.4 1812640
1630.9 1812640
1631.4 1812640
1632.0 1812608
1632.5 1812608
1633.0 1812672
1633.5 1812672
1634.0 1812672
1634.5 1812672
1635.0 1812672
1635.5 1812672
1636.0 1812640
1636.5 1812640
1637.0 1812640
1637.5 1812640
1638.0 1812640
1638.5 1812640
1639.0 1812640
1639.5 1812640
1640.0 1812640
1640.5 1812640
1641.0 1812640
1641.5 1812672
1642.0 1812672
1642.5 1812672
1643.0 1812672
1643.5 1812672
1644.0 1812672
1644.5 1812672
1645.0 1812672
1645.5 1812640
1646.0 1812640
1646.5 1812640
1647.0 1812640
1647.5 1812640
1648.0 1812672
1648.5 1812672
1649.0 1812672
1649.5 1812672
1650.0 1818688
1650.5 1818688
1651.0 1818876
1651.5 1818812
1652.0 1818548
1652.5 1819296
1653.0 1818964
1653.5 1818916
1654.0 1818632
1654.5 1819028
1655.0 1818732
1655.5 1818420
1656.0 1818404
1656.5 1818640
1657.0 1819004
1657.5 1818816
1658.0 1818500
1658.5 1818548
1659.0 1818940
1659.5 1818736
1660.0 1818936
1660.5 1819128
1661.0 1818684
1661.5 1818748
1662.0 1818796
1662.5 1818936
1663.0 1818936
1663.5 1818748
1664.0 1818984
1664.5 1818856
1665.0 1819268
1665.5 1819108
1666.0 1818888
1666.5 1818984
1667.0 1819364
1667.5 1818556
1668.0 1818856
1668.5 1819440
1669.0 1818920
1669.5 1818936
1670.0 1818884
1670.5 1819028
1671.0 1819296
1671.5 1818600
1672.0 1818712
1672.5 1818852
1673.0 1813056
1673.5 1813056
1674.0 1813056
1674.6 1813120
1675.1 1813120
1675.6 1813116
1676.1 1813116
1676.6 1813116
1677.1 1813116
1677.6 1813084
1678.1 1813084
1678.6 1813084
1679.1 1813084
1679.6 1813084
1680.1 1813084
1680.6 1813084
1681.1 1813084
1681.6 1813084
1682.1 1813084
1682.6 1813116
1683.1 1813116
1683.6 1813116
1684.1 1813116
1684.6 1813116
1685.1 1813116
1685.6 1813116
1686.1 1813116
1686.6 1813084
1687.1 1813084
1687.6 1813084
1688.1 1813084
1688.6 1813084
1689.1 1813084
1689.6 1813116
1690.1 1813116
1690.6 1813116
1691.1 1813116
1691.6 1813084
1692.1 1813084
1692.6 1813084
1693.1 1813084
1693.6 1813084
1694.1 1813084
1694.6 1817072
1695.1 1818876
1695.6 1818604
1696.1 1818508
1696.6 1819000
1697.1 1818664
1697.6 1819156
1698.1 1818840
1698.6 1818748
1699.1 1818968
1699.6 1818968
1700.1 1818824
1700.6 1818700
1701.1 1818668
1701.6 1818636
1702.1 1818732
1702.6 1818604
1703.1 1818796
1703.6 1819204
1704.1 1818968
1704.6 1818944
1705.1 1818448
1705.6 1818384
1706.1 1818384
1706.6 1818432
1707.1 1818952
1707.6 1818888
1708.1 1818952
1708.6 1819236
1709.1 1819708
1709.6 1818508
1710.1 1818412
1710.6 1819356
1711.1 1819044
1711.6 1819028
1712.1 1818948
1712.6 1818996
1713.1 1818916
1713.6 1818760
1714.1 1818648
1714.6 1819072
1715.1 1819040
1715.6 1818788
1716.1 1818928
1716.6 1818740
1717.1 1818868
1717.6 1818676
1718.1 1813584
1718.6 1812800
1719.1 1812800
1719.6 1812768
1720.1 1812768
1720.6 1812764
1721.1 1812764
1721.6 1812828
1722.1 1812828
1722.6 1812828
1723.1 1812828
1723.6 1812828
1724.1 1812828
1724.6 1812796
1725.1 1812796
1725.6 1812796
1726.1 1812796
1726.6 1812796
1727.1 1812796
1727.6 1812796
1728.1 1812796
1728.7 1812860
1729.2 1812828
1729.7 1812828
1730.2 1812828
1730.7 1812828
1731.2 1812828
1731.7 1812828
1732.2 1812828
1732.7 1812828
1733.2 1812828
1733.7 1812796
1734.2 1812796
1734.7 1812796
1735.2 1812796
1735.7 1812796
1736.2 1812796
1736.7 1812828
1737.2 1812828
1737.7 1812828
1738.2 1812828
1738.7 1812796
1739.2 1812796
1739.7 1814844
1740.2 1818340
1740.7 1818412
1741.2 1818380
1741.7 1818552
1742.2 1818364
1742.7 1818520
1743.2 1818868
1743.7 1818536
1744.2 1818804
1744.7 1818616
1745.2 1818536
1745.7 1819044
1746.2 1818724
1746.7 1819012
1747.2 1819512
1747.7 1819012
1748.2 1818884
1748.7 1818884
1749.2 1819184
1749.7 1819216
1750.2 1818688
1750.7 1818404
1751.2 1819336
1751.7 1818940
1752.2 1818940
1752.7 1818988
1753.2 1819256
1753.7 1818688
1754.2 1818704
1754.7 1818812
1755.2 1818968
1755.7 1818636
1756.2 1818888
1756.7 1818148
1757.2 1818008
1757.7 1818148
1758.2 1818352
1758.7 1818700
1759.2 1818352
1759.7 1818524
1760.2 1819064
1760.7 1818936
1761.2 1818616
1761.7 1818352
1762.2 1818464
1762.7 1818496
1763.2 1812744
1763.7 1812744
1764.2 1812744
1764.7 1812744
1765.2 1812744
1765.7 1812740
1766.2 1812740
1766.7 1812740
1767.2 1812708
1767.7 1812708
1768.2 1812708
1768.7 1812708
1769.2 1812708
1769.7 1812740
1770.2 1812740
1770.7 1812740
1771.2 1812740
1771.7 1812740
1772.3 1812740
1772.8 1812708
1773.4 1812708
1773.9 1812708
1774.4 1812708
1774.9 1812708
1775.4 1812708
1775.9 1812708
1776.4 1812708
1776.9 1812676
1777.4 1812740
1777.9 1812740
1778.4 1812740
1778.9 1812740
1779.4 1812740
1779.9 1812740
1780.4 1812740
1780.9 1812740
1781.4 1812740
1781.9 1812708
1782.4 1812708
1782.9 1812708
1783.4 1812708
1783.9 1812708
1784.4 1812708
1784.9 1820368
1785.4 1818924
1785.9 1818908
1786.4 1818940
1786.9 1818956
1787.4 1818528
1787.9 1818784
1788.4 1818656
1788.9 1818780
1789.4 1819224
1789.9 1818968
1790.4 1819220
1790.9 1818904
1791.4 1818776
1791.9 1818808
1792.4 1818908
1792.9 1818684
1793.4 1818432
1793.9 1818684
1794.4 1818588
1794.9 1818412
1795.4 1818284
1795.9 1818568
1796.4 1818380
1796.9 1818364
1797.4 1818412
1797.9 1817828
1798.4 1818176
1798.9 1818192
1799.4 1818320
1799.9 1818924
1800.4 1819092
1800.9 1818824
1801.4 1819368
1801.9 1818592
1802.4 1818752
1802.9 1818420
1803.4 1818624
1803.9 1818940
1804.4 1819004
1804.9 1818972
1805.4 1818816
1805.9 1818692
1806.4 1818692
1806.9 1818676
1807.4 1818644
1807.9 1818724
1808.4 1812564
1808.9 1812532
1809.4 1812532
1809.9 1812532
1810.4 1812532
1810.9 1812528
1811.4 1812528
1811.9 1812560
1812.4 1812560
1812.9 1812560
1813.4 1812560
1814.1 1812528
1814.6 1812528
1815.1 1812528
1815.6 1812528
1816.1 1812528
1816.6 1812528
1817.1 1812528
1817.6 1812528
1818.1 1812528
1818.6 1812528
1819.1 1812560
1819.6 1812560
1820.1 1812560
1820.6 1812560
1821.1 1812560
1821.6 1812560
1822.1 1812560
1822.6 1812560
1823.1 1812528
1823.6 1812528
1824.1 1812528
1824.6 1812528
1825.1 1812528
1825.6 1812528
1826.1 1812528
1826.6 1812528
1827.1 1812560
1827.6 1812528
1828.1 1812528
1828.6 1812528
1829.1 1812528
1829.6 1816132
1830.1 1818236
1830.6 1818632
1831.1 1818664
1831.6 1819168
1832.1 1818932
1832.6 1819136
1833.1 1818788
1833.6 1818788
1834.1 1818852
1834.6 1818708
1835.1 1818836
1835.6 1819248
1836.1 1818772
1836.6 1818948
1837.1 1818884
1837.6 1818948
1838.1 1819468
1838.6 1819136
1839.1 1819076
1839.6 1818960
1840.1 1818768
1840.6 1819116
1841.1 1819116
1841.6 1818960
1842.1 1819180
1842.6 1818848
1843.1 1819008
1843.6 1818660
1844.1 1818392
1844.6 1818044
1845.1 1819112
1845.6 1818780
1846.1 1818972
1846.6 1818940
1847.1 1818876
1847.6 1819256
1848.1 1819052
1848.6 1818940
1849.1 1818908
1849.6 1818872
1850.1 1818760
1850.6 1819188
1851.1 1818872
1851.6 1818904
1852.1 1819060
1852.6 1819172
1853.1 1813988
1853.6 1812820
1854.1 1812820
1854.6 1812820
1855.1 1812820
1855.6 1812820
1856.1 1812788
1856.6 1812788
1857.1 1812788
1857.6 1812788
1858.1 1812788
1858.6 1812788
1859.1 1812788
1859.6 1812788
1860.1 1812788
1860.6 1812788
1861.1 1812820
1861.6 1812820
1862.2 1812820
1862.7 1812820
1863.2 1812820
1863.7 1812820
1864.2 1812820
1864.7 1812820
1865.2 1812788
1865.7 1812788
1866.2 1812788
1866.7 1812788
1867.2 1812788
1867.7 1812788
1868.2 1812820
1868.7 1812820
1869.2 1812820
1869.7 1812820
1870.3 1812788
1870.8 1812788
1871.3 1812788
1871.8 1812788
1872.3 1812788
1872.8 1812788
1873.3 1812788
1873.8 1812788
1874.3 1812788
1874.8 1819240
1875.3 1818708
1875.8 1819148
1876.3 1818760
1876.8 1818688
1877.3 1818896
1877.8 1818904
1878.3 1818904
1878.8 1818792
1879.3 1819000
1879.8 1818820
1880.3 1818756
1880.8 1819056
1881.3 1818916
1881.8 1818868
1882.3 1819044
1882.8 1819248
1883.3 1819012
1883.8 1818944
1884.3 1818792
1884.8 1819164
1885.3 1818944
1885.8 1818976
1886.3 1818944
1886.8 1819180
1887.3 1818832
1887.8 1819164
1888.3 1819212
1888.8 1819276
1889.3 1818708
1889.8 1819128
1890.3 1819224
1890.8 1818940
1891.3 1818560
1891.8 1818780
1892.3 1819208
1892.8 1818892
1893.3 1818812
1893.8 1818844
1894.3 1819192
1894.8 1818664
1895.3 1818332
1895.8 1818236
1896.3 1818332
1896.8 1818284
1897.3 1818176
1897.8 1818048
1898.3 1812520
1898.8 1812520
1899.3 1812520
1899.8 1812520
1900.3 1812516
1900.8 1812516
1901.3 1812516
1901.8 1812516
1902.3 1812516
1902.8 1812516
1903.3 1812548
1903.8 1812548
1904.3 1812548
1904.8 1812548
1905.3 1812548
1905.8 1812548
1906.3 1812548
1906.8 1812548
1907.3 1812516
1907.9 1812516
1908.4 1812516
1908.9 1812516
1909.4 1812516
1909.9 1812516
1910.4 1812516
1910.9 1812516
1911.4 1812548
1911.9 1812516
1912.4 1812516
1912.9 1812516
1913.4 1812516
1913.9 1812516
1914.4 1812516
1914.9 1812516
1915.4 1812516
1915.9 1812516
1916.4 1812516
1916.9 1812516
1917.4 1812484
1917.9 1812548
1918.4 1812548
1918.9 1812548
1919.4 1812548
1919.9 1819084
1920.4 1819144
1920.9 1818912
1921.4 1818896
1921.9 1819228
1922.4 1818832
1922.9 1818344
1923.4 1818468
1923.9 1819100
1924.4 1819196
1924.9 1818924
1925.4 1818576
1925.9 1819144
1926.4 1818780
1926.9 1819240
1927.4 1819080
1927.9 1818988
1928.4 1818988
1928.9 1819020
1929.4 1818876
1929.9 1818932
1930.4 1818584
1930.9 1818616
1931.4 1818868
1931.9 1818460
1932.4 1818412
1932.9 1818380
1933.4 1818804
1933.9 1819216
1934.4 1818900
1934.9 1819020
1935.4 1819212
1935.9 1818908
1936.4 1818928
1936.9 1818612
1937.4 1818660
1937.9 1818500
1938.4 1818756
1938.9 1818832
1939.4 1818848
1939.9 1819148
1940.4 1818960
1940.9 1818612
1941.4 1818848
1941.9 1818752
1942.4 1819116
1942.9 1815640
1943.4 1812916
1943.9 1812884
1944.4 1812884
1945.3 1812884
1945.8 1812884
1946.3 1812948
1946.8 1812948
1947.3 1812948
1947.8 1812948
1948.3 1812948
1948.8 1812948
1949.3 1812916
1949.8 1812916
1950.3 1812916
1950.8 1812916
1951.3 1812916
1951.8 1812916
1952.3 1812916
1952.8 1812916
1953.3 1812980
1953.8 1812948
1954.3 1812948
1954.8 1812948
1955.3 1812948
1955.9 1812948
1956.4 1812948
1957.0 1812948
1958.0 1812948
1958.5 1812948
1959.0 1812948
1959.5 1812916
1960.0 1812916
1960.5 1812916
1961.0 1812916
1961.5 1812948
1962.0 1812948
1962.5 1812948
1963.0 1812948
1963.5 1812916
1964.0 1812916
1964.5 1812916
1965.0 1819108
1965.5 1818936
1966.0 1818808
1966.5 1818824
1967.0 1818572
1967.5 1818952
1968.0 1818904
1968.5 1819236
1969.0 1818952
1969.5 1818872
1970.0 1818788
1970.5 1819156
1971.0 1819200
1971.5 1818868
1972.0 1818680
1972.5 1818616
1973.0 1819160
1973.5 1818972
1974.0 1818892
1974.5 1818924
1975.0 1818808
1975.5 1818352
1976.0 1818508
1976.5 1818432
1977.0 1818336
1977.5 1818336
1978.0 1818384
1978.5 1818320
1979.0 1818400
1979.5 1818352
1980.0 1818672
1980.5 1818916
1981.0 1818584
1981.5 1819164
1982.0 1820112
1982.5 1819752
1983.0 1818884
1983.5 1818820
1984.0 1818664
1984.5 1818724
1985.0 1819164
1985.5 1818752
1986.0 1818516
1986.5 1818832
1987.0 1818992
1987.5 1818848
1988.0 1818844
1988.5 1812916
1989.1 1812916
1989.6 1812916
1990.1 1812916
1990.6 1813164
1991.1 1813164
1991.6 1813132
1992.1 1813132
1992.6 1813132
1993.1 1813132
1993.6 1813164
1994.1 1813164
1994.6 1813164
1995.1 1813164
1995.6 1813164
1996.1 1813164
1996.6 1813132
1997.1 1813132
1997.6 1813132
1998.1 1813132
1998.6 1813132
1999.1 1813132
1999.6 1813132
2000.1 1813132
2000.6 1813132
2001.1 1813132
2001.6 1813164
2002.1 1813164
2002.7 1813164
2003.2 1813164
2003.7 1813164
2004.2 1813164
2004.7 1813164
2005.2 1813164
2005.7 1813132
2006.2 1813132
2006.7 1813132
2007.2 1813132
2007.7 1813132
2008.8 1813132
2009.3 1813164
2009.8 1819980
2010.3 1819508
2010.8 1818684
2011.3 1818844
2011.8 1818892
2012.3 1818812
2012.8 1819032
2013.3 1819176
2013.8 1818480
2014.3 1818684
2014.8 1818824
2015.3 1818904
2015.8 1818920
2016.3 1818668
2016.8 1818888
2017.3 1819028
2017.8 1818888
2018.3 1819172
2018.8 1818716
2019.3 1819092
2019.8 1819040
2020.3 1818788
2020.8 1819072
2021.3 1819072
2021.8 1819104
2022.3 1818992
2022.8 1819136
2023.3 1818900
2023.8 1818648
2024.3 1818680
2024.8 1819004
2025.3 1818908
2025.8 1818828
2026.3 1818576
2026.8 1818876
2027.3 1819348
2027.8 1818812
2028.3 1818796
2028.8 1819160
2029.3 1819064
2029.8 1818836
2030.3 1818884
2030.8 1818996
2031.3 1818740
2031.8 1818200
2032.3 1812760
2034.1 1812760
2034.6 1812760
2038.2 1812756
2038.7 1812756
2039.2 1812756
2039.7 1812788
2041.4 1812788
2041.9 1812788
2042.4 1812788
2043.0 1812788
2043.5 1812788
2044.0 1812788
2044.5 1812788
2045.0 1812788
2045.5 1812756
2046.0 1812756
2046.5 1812756
2047.0 1812756
2047.5 1812788
2048.0 1812788
2048.5 1812788
2049.0 1812788
2050.4 1812788
2050.9 1812788
2051.4 1812788
2051.9 1812756
2052.4 1812756
2052.9 1812756
2053.4 1812756
2054.1 1812756
2054.6 1812756
2055.1 1818672
2055.6 1818708
2056.1 1818676
2056.6 1818580
2057.1 1819212
2057.6 1819196
2058.1 1819052
2058.6 1819148
2059.1 1818800
2059.6 1819164
2060.1 1819032
2060.6 1818812
2061.1 1818732
2061.6 1818892
2062.1 1818984
2062.6 1819128
2063.1 1818404
2063.6 1818404
2064.1 1818292
2064.6 1818324
2065.1 1818664
2065.6 1818964
2066.1 1818916
2066.6 1818884
2067.1 1818868
2067.6 1818804
2068.1 1819120
2068.6 1819024
2069.1 1818788
2069.6 1818900
2070.1 1819056
2070.6 1818376
2071.1 1818676
2071.6 1818960
2072.1 1818980
2072.6 1818676
2073.1 1818884
2073.6 1818724
2074.1 1818644
2074.6 1818852
2075.1 1818968
2075.6 1818556
2076.1 1818432
2076.6 1818712
2077.1 1813248
2077.6 1813280
2078.2 1813280
2078.7 1813280
2079.9 1813248
2080.4 1813248
2080.9 1813244
2081.4 1813244
2081.9 1813244
2082.4 1813244
2083.7 1813244
2084.2 1813244
2086.1 1813244
2087.6 1813212
2090.6 1813212
2092.4 1813276
2092.9 1813276
2093.4 1813276
2093.9 1813276
2097.6 1813276
2098.1 1813276
2098.6 1813276
2099.1 1813244
2099.6 1813244
2100.1 1819136
2100.6 1818776
2101.1 1818680
2101.6 1818300
2102.1 1818696
2102.6 1818504
2103.1 1818852
2103.6 1818820
2104.1 1818440
2104.6 1818568
2105.1 1818596
2105.6 1818784
2106.1 1818880
2106.6 1818944
2107.1 1818740
2107.6 1818608
2108.1 1819116
2108.6 1818736
2109.1 1818596
2109.6 1819180
2110.1 1818788
2110.6 1818608
2111.1 1818972
2111.6 1819084
2112.1 1819132
2112.6 1818836
2113.1 1818784
2113.6 1819052
2114.1 1819020
2114.6 1820316
2115.1 1819560
2115.6 1819136
2116.1 1818316
2116.6 1818772
2117.1 1819184
2117.6 1818804
2118.1 1819232
2118.6 1819388
2119.1 1818868
2119.6 1818648
2120.1 1819120
2120.6 1819168
2121.1 1818788
2121.6 1818708
2122.1 1819072
2122.6 1818992
2123.1 1819088
2123.6 1812928
2125.1 1812928
2128.2 1812928
2128.9 1812928
2130.3 1812928
2134.0 1812896
2135.7 1812896
2137.2 1812896
2138.5 1812896
2139.0 1812896
2139.5 1812896
2140.0 1812928
2140.5 1812928
2141.1 1812896
2141.6 1812896
2142.1 1812896
2142.6 1812896
2143.1 1812896
2143.6 1812896
2144.1 1812896
2144.6 1812896
2145.1 1818812
2145.6 1818844
2146.1 1819000
2146.6 1818716
2147.1 1819000
2147.6 1819056
2148.1 1818424
2148.6 1818472
2149.1 1818648
2149.6 1818504
2150.1 1818644
2150.6 1818248
2151.1 1818228
2151.6 1818928
2152.1 1818784
2152.6 1818940
2153.1 1819068
2153.6 1818848
2154.1 1818896
2154.6 1818736
2155.1 1819032
2155.6 1818984
2156.1 1818876
2156.6 1819208
2157.1 1818760
2157.6 1818764
2158.1 1818764
2158.6 1818420
2159.1 1817976
2159.6 1818528
2160.1 1819032
2160.6 1818796
2161.1 1819064
2161.6 1819000
2162.1 1818952
2162.6 1819160
2163.1 1819128
2163.6 1819096
2164.1 1819096
2164.6 1818828
2165.1 1819076
2165.6 1818540
2166.1 1818968
2166.6 1818524
2167.1 1812916
2167.6 1812916
2168.1 1812884
2168.6 1812884
2169.1 1812884
2169.6 1812884
2170.1 1812916
2170.6 1812916
2171.1 1812912
2171.6 1812912
2172.1 1812912
2172.7 1812912
2173.2 1812880
2173.7 1812880
2174.2 1812880
2174.7 1812880
2175.2 1812880
2175.7 1812880
2176.2 1812880
2176.7 1812880
2177.2 1812880
2177.7 1812880
2178.2 1812912
2178.7 1812912
2179.2 1812912
2179.7 1812912
2180.2 1812912
2180.7 1812912
2181.2 1812912
2181.7 1812912
2182.3 1812880
2182.9 1812880
2183.4 1812880
2183.9 1812880
2184.4 1812880
2184.9 1812880
2185.4 1812880
2185.9 1812912
2186.4 1812912
2186.9 1812912
2187.4 1812912
2187.9 1812912
2188.4 1812880
2188.9 1812880
2189.4 1812880
2189.9 1818820
2190.4 1819152
2190.9 1819040
2191.4 1818960
2191.9 1818868
2192.4 1819404
2192.9 1819120
2193.4 1818884
2193.9 1818584
2194.4 1818900
2194.9 1818596
2195.4 1819108
2195.9 1818636
2196.4 1818284
2196.9 1818352
2197.4 1818968
2197.9 1818840
2198.4 1818620
2198.9 1818540
2199.4 1818336
2199.9 1818304
2200.4 1818640
2200.9 1818484
2201.4 1818692
2201.9 1818908
2202.4 1818896
2202.9 1818944
2203.4 1819020
2203.9 1819180
2204.4 1819020
2204.9 1819100
2205.4 1819020
2205.9 1818832
2206.4 1818816
2206.9 1818972
2207.4 1819052
2207.9 1818816
2208.4 1818784
2208.9 1818896
2209.4 1819036
2209.9 1818756
2210.4 1818884
2210.9 1819040
2211.4 1818600
2211.9 1812580
2212.4 1812580
2212.9 1812580
2213.4 1812612
2213.9 1812612
2214.5 1812612
2215.0 1812576
2215.5 1812576
2216.0 1812576
2216.5 1812576
2217.0 1812576
2217.5 1812576
2218.0 1812576
2218.5 1812576
2219.0 1812576
2219.5 1812576
2220.0 1812576
2220.5 1812608
2221.0 1812608
2221.5 1812608
2222.0 1812608
2222.5 1812608
2223.0 1812608
2223.5 1812608
2224.0 1812576
2224.5 1812576
2225.0 1812576
2225.5 1812576
2226.1 1812576
2226.6 1812576
2227.1 1812576
2227.6 1812576
2228.1 1812576
2228.6 1812608
2229.1 1812576
2229.6 1812576
2230.1 1812576
2230.6 1812576
2231.1 1812576
2231.6 1812576
2232.1 1812576
2232.6 1812576
2233.2 1812576
2233.7 1812576
2234.2 1812544
2234.7 1816764
2235.2 1818540
2235.7 1818872
2236.2 1818808
2236.7 1817940
2237.2 1818304
2237.7 1818240
2238.2 1818556
2238.7 1818604
2239.2 1818524
2239.7 1818540
2240.2 1819032
2240.7 1819080
2241.2 1818684
2241.7 1819048
2242.2 1819000
2242.7 1818888
2243.2 1818920
2243.7 1818984
2244.2 1818824
2244.7 1819080
2245.2 1818812
2245.7 1818560
2246.2 1818812
2246.7 1818812
2247.2 1818764
2247.7 1818668
2248.2 1818796
2248.7 1818716
2249.2 1818684
2249.7 1818828
2250.2 1818608
2250.7 1818812
2251.2 1818860
2251.7 1818652
2252.2 1819412
2252.7 1818860
2253.2 1819380
2253.7 1818872
2254.2 1818748
2254.7 1819028
2255.2 1819044
2255.7 1819188
2256.2 1818980
2256.7 1818696
2257.2 1812716
2257.7 1812716
2258.2 1812716
2258.7 1812716
2259.2 1812716
2259.7 1812748
2260.2 1812744
2260.7 1812744
2261.2 1812712
2261.7 1812712
2262.2 1812712
2262.8 1812712
2263.3 1812712
2263.8 1812712
2264.3 1812712
2265.0 1812712
2265.5 1812712
2266.0 1812712
2266.5 1812680
2267.0 1812744
2267.6 1812744
2268.1 1812744
2268.6 1812744
2269.5 1812744
2270.0 1812744
2270.8 1812744
2271.3 1812744
2271.8 1812712
2273.7 1812712
2274.4 1812712
2275.5 1812712
2277.0 1812712
2277.5 1812712
2278.4 1812744
2279.5 1812744
2280.0 1818900
2280.5 1819072
2281.0 1819040
2281.5 1818900
2282.0 1819120
2282.5 1818836
2283.0 1818884
2283.5 1818820
2284.0 1818772
2284.5 1818728
2285.0 1818580
2285.5 1818408
2286.0 1818848
2286.5 1818864
2287.0 1819020
2287.5 1818940
2288.0 1819036
2288.5 1818988
2289.0 1819068
2289.5 1819352
2290.0 1819048
2290.5 1818448
2291.0 1817692
2291.5 1817976
2292.0 1818024
2292.5 1818056
2293.0 1818072
2293.5 1817976
2294.0 1818276
2294.5 1817992
2295.0 1818712
2295.5 1819076
2296.0 1818856
2296.5 1818856
2297.0 1819188
2297.5 1819140
2298.0 1818996
2298.5 1818632
2299.0 1819172
2299.5 1818888
2300.0 1818868
2300.5 1819088
2301.0 1819468
2301.5 1819008
2302.0 1819152
2302.5 1818516
2303.5 1812728
2305.0 1812728
2306.5 1812696
2308.2 1812696
2309.4 1812696
2310.0 1812696
2312.7 1812728
2314.4 1812728
2315.3 1812728
2317.6 1812696
2319.7 1812696
2321.9 1812696
2323.4 1812696
2323.9 1812696
2324.5 1812696
2325.0 1818952
2325.5 1819268
2326.0 1819016
2326.5 1819348
2327.0 1818700
2327.5 1818700
2328.0 1819064
2328.5 1818892
2329.0 1818936
2329.5 1818604
2330.0 1818780
2330.5 1818620
2331.0 1818764
2331.5 1818368
2332.0 1818464
2332.5 1818748
2333.0 1818700
2333.5 1818652
2334.0 1818732
2334.5 1818512
2335.0 1818224
2335.5 1819012
2336.0 1819060
2336.5 1818648
2337.0 1819012
2337.5 1818760
2338.0 1818648
2338.5 1818728
2339.0 1818648
2339.5 1818728
2340.0 1818728
2340.5 1819124
2341.0 1818980
2341.5 1818680
2342.0 1818712
2342.5 1818900
2343.0 1819028
2343.5 1818820
2344.0 1818948
2344.5 1819124
2345.0 1818744
2345.5 1818820
2346.0 1818852
2346.5 1818808
2347.0 1812680
2347.6 1812680
2348.1 1812680
2351.8 1812640
2353.8 1812704
2354.4 1812704
2355.9 1812704
2356.4 1812704
2358.3 1812704
2358.8 1812704
2359.4 1812704
2359.9 1812704
2360.4 1812704
2361.2 1812672
2362.4 1812672
2363.4 1812672
2365.5 1812672
2366.0 1812672
2369.1 1812704
2369.6 1817936
2370.1 1819320
2370.6 1819016
2371.1 1818836
2371.6 1818932
2372.1 1818712
2372.6 1819312
2373.1 1818792
2373.6 1818476
2374.1 1818240
2374.6 1817868
2375.1 1818264
2375.6 1818672
2376.1 1818752
2376.6 1819004
2377.1 1818828
2377.6 1818752
2378.1 1818672
2378.6 1818608
2379.1 1819176
2379.6 1818764
2380.1 1818820
2380.6 1818820
2381.1 1818864
2381.6 1818772
2382.1 1819056
2382.6 1819024
2383.1 1818788
2383.6 1818708
2384.1 1818456
2384.6 1819176
2385.1 1818956
2385.6 1818704
2386.1 1818768
2386.6 1818972
2387.1 1819004
2387.6 1818800
2388.1 1818800
2388.6 1818832
2389.1 1819004
2389.6 1818872
2390.1 1818604
2390.6 1819332
2391.1 1818720
2391.6 1818212
2392.1 1812288
2392.7 1812288
2394.8 1812320
2395.7 1812316
2396.2 1812316
2398.4 1812316
2400.9 1812316
2402.4 1812284
2403.5 1812284
2405.8 1812284
2407.5 1812284
2410.0 1812284
2410.7 1812284
2411.7 1812284
2412.2 1812284
2414.0 1812316
2414.5 1812316
2415.0 1818380
2415.5 1818760
2416.0 1818980
2416.5 1818836
2417.0 1818712
2417.5 1818868
2418.0 1818696
2418.5 1819044
2419.0 1818428
2419.5 1818428
2420.0 1818972
2420.5 1819020
2421.0 1819132
2421.5 1819068
2422.0 1818956
2422.5 1819036
2423.0 1818768
2423.5 1819004
2424.0 1819084
2424.5 1819036
2425.0 1819128
2425.5 1818940
2426.0 1818672
2426.5 1818956
2427.0 1818828
2427.5 1819052
2428.0 1819128
2428.5 1818736
2429.0 1818816
2429.5 1819084
2430.0 1819096
2430.5 1818936
2431.0 1818856
2431.5 1818684
2432.0 1818764
2432.5 1818748
2433.0 1818812
2433.5 1818840
2434.0 1818652
2434.5 1818684
2435.0 1818624
2435.5 1818624
2436.0 1818844
2436.5 1819224
2437.0 1812784
2437.5 1812816
2438.0 1812816
2439.3 1812784
2441.6 1812784
2442.1 1812784
2442.9 1812784
2443.4 1812784
2444.4 1812784
2445.3 1812784
2446.2 1812784
2446.7 1812784
2447.2 1812752
2447.7 1812752
2448.2 1812752
2449.3 1812816
2449.8 1812816
2450.3 1812816
2451.4 1812816
2453.3 1812816
2453.9 1812816
2455.9 1812784
2456.4 1812784
2456.9 1812784
2457.4 1812784
2457.9 1812784
2458.4 1812784
2459.5 1812784
2460.0 1818776
2460.5 1818396
2461.0 1818648
2461.5 1818696
2462.0 1818980
2462.5 1818916
2463.0 1818996
2463.5 1818980
2464.0 1818836
2464.5 1818396
2465.0 1818464
2465.5 1818796
2466.0 1818920
2466.5 1818936
2467.0 1818952
2467.5 1818920
2468.0 1818496
2468.5 1818716
2469.0 1819132
2469.5 1818796
2470.0 1818492
2470.5 1818776
2471.0 1818376
2471.5 1818428
2472.0 1818680
2472.5 1819140
2473.0 1819060
2473.5 1819044
2474.0 1818460
2474.5 1818320
2475.0 1818964
2475.5 1819032
2476.0 1818620
2476.5 1818860
2477.0 1818700
2477.5 1818764
2478.0 1818540
2478.5 1818560
2479.0 1818544
2479.5 1818984
2480.0 1818716
2480.5 1819188
2481.0 1818780
2481.5 1818968
2482.0 1812980
2482.5 1812980
2484.3 1813012
2486.2 1813012
2488.0 1813012
2488.5 1813012
2489.0 1813012
2490.9 1813012
2491.5 1813012
2493.4 1813012
2493.9 1812980
2494.4 1812980
2498.0 1812980
2501.7 1812980
2503.5 1813012
2504.5 1813012
2505.0 1819032
2505.5 1818812
2506.0 1818692
2506.5 1819024
2507.0 1818912
2507.5 1818912
2508.0 1819212
2508.5 1819260
2509.0 1819228
2509.5 1819056
2510.0 1818948
2510.5 1818964
2511.0 1819012
2511.5 1819444
2512.0 1819112
2512.5 1819144
2513.0 1818688
2513.5 1818656
2514.0 1818996
2514.5 1818980
2515.0 1818960
2515.5 1819056
2516.0 1818960
2516.5 1818896
2517.0 1819072
2517.5 1819104
2518.0 1818688
2518.5 1819040
2519.0 1819024
2519.5 1819052
2520.0 1819180
2520.5 1818724
2521.0 1818612
2521.5 1818376
2522.0 1819040
2522.5 1818912
2523.0 1818928
2523.5 1818644
2524.0 1818772
2524.5 1818820
2525.0 1818880
2525.5 1819008
2526.0 1818660
2526.5 1818172
2527.0 1812396
2527.5 1812396
2529.7 1812396
2531.5 1812392
2533.3 1812392
2533.8 1812392
2535.3 1812360
2536.8 1812424
2537.3 1812424
2539.2 1812424
2539.8 1812424
2540.9 1812424
2541.4 1812424
2542.4 1812424
2542.9 1812424
2543.4 1812392
2546.1 1812392
2546.6 1812392
2547.1 1812392
2547.6 1812392
2548.1 1812424
2548.6 1812424
2549.1 1812424
2549.6 1817616
2550.1 1818544
2550.6 1818940
2551.1 1819004
2551.6 1818876
2552.1 1819068
2552.6 1819068
2553.1 1819144
2553.6 1818908
2554.1 1818896
2554.6 1818896
2555.1 1819792
2555.6 1819196
2556.1 1818528
2556.6 1818992
2557.1 1819040
2557.6 1818864
2558.1 1818852
2558.6 1818596
2559.1 1818568
2559.6 1818772
2560.1 1818708
2560.6 1818536
2561.1 1818156
2561.6 1818440
2562.1 1818140
2562.6 1818488
2563.1 1818456
2563.6 1818772
2564.1 1818740
2564.6 1819056
2565.1 1818344
2565.6 1818520
2566.1 1818504
2566.6 1818788
2567.1 1818660
2567.6 1818772
2568.1 1818644
2568.6 1818740
2569.1 1818740
2569.6 1818924
2570.1 1819240
2570.6 1818956
2571.1 1818940
2571.6 1819020
2572.1 1812936
2572.6 1812936
2573.3 1812904
2573.8 1812904
2574.3 1812904
2576.2 1812904
2578.0 1812904
2579.9 1812904
2582.5 1812936
2583.2 1812936
2583.7 1812936
2589.2 1812904
2589.7 1812904
2593.0 1812904
2594.5 1812904
2595.0 1819036
2595.5 1818924
2596.0 1818640
2596.5 1818688
2597.0 1818492
2597.5 1818128
2598.0 1818176
2598.5 1818128
2599.0 1818380
2599.5 1818096
2600.0 1818696
2600.5 1818884
2601.0 1818948
2601.5 1819012
2602.0 1818980
2602.5 1818728
2603.0 1818948
2603.5 1818744
2604.0 1818772
2604.5 1818648
2605.0 1818724
2605.5 1818960
2606.0 1818580
2606.5 1818532
2607.0 1818548
2607.5 1818416
2608.0 1818912
2608.5 1819140
2609.0 1818668
2609.5 1818792
2610.0 1818712
2610.5 1818916
2611.0 1818712
2611.5 1818836
2612.0 1818696
2612.5 1818680
2613.0 1818508
2613.5 1818208
2614.0 1818144
2614.5 1818224
2615.0 1818504
2615.5 1818392
2616.0 1817952
2616.5 1818124
2617.0 1812592
2617.9 1812592
2618.9 1812592
2619.4 1812592
2621.9 1812588
2625.5 1812556
2627.5 1812620
2628.0 1812620
2628.5 1812620
2630.3 1812620
2632.1 1812620
2635.7 1812620
2637.5 1812588
2638.0 1812588
2638.5 1812588
2639.5 1812588
2640.0 1818368
2640.5 1818316
2641.0 1818616
2641.5 1818932
2642.0 1818760
2642.5 1818932
2643.0 1818916
2643.5 1818680
2644.0 1818696
2644.5 1818728
2645.0 1818680
2645.5 1818824
2646.0 1818728
2646.5 1819060
2647.0 1818980
2647.5 1818664
2648.0 1818112
2648.5 1818176
2649.0 1818192
2649.5 1818332
2650.0 1818520
2650.5 1818124
2651.0 1818424
2651.5 1818628
2652.0 1818848
2652.5 1818248
2653.0 1818724
2653.5 1818564
2654.0 1818676
2654.5 1818660
2655.0 1818800
2655.5 1819164
2656.0 1818676
2656.5 1818580
2657.0 1818608
2657.5 1818928
2658.0 1819040
2658.5 1819292
2659.0 1819380
2659.5 1819220
2660.0 1819584
2660.5 1818712
2661.0 1818728
2661.5 1818916
2662.0 1813000
2662.5 1813000
2663.0 1813000
2664.8 1813000
2665.3 1812996
2665.8 1812996
2666.3 1812996
2667.2 1812996
2667.7 1813028
2669.4 1813028
2669.9 1813028
2671.7 1813028
2674.1 1813028
2674.6 1813028
2677.0 1813028
2677.5 1813028
2679.2 1812996
2680.2 1812996
2680.7 1812996
2681.2 1812996
2681.7 1813028
2684.5 1813028
2685.0 1819056
2685.5 1818944
2686.0 1818976
2686.5 1819040
2687.0 1818568
2687.5 1818708
2688.0 1819244
2688.5 1818880
2689.0 1819148
2689.5 1819352
2690.0 1818584
2690.5 1819112
2691.0 1819148
2691.5 1818944
2692.0 1818864
2692.5 1818960
2693.0 1818864
2693.5 1818660
2694.0 1819084
2694.5 1819196
2695.0 1818940
2695.5 1819004
2696.0 1818972
2696.5 1818688
2697.0 1818192
2697.5 1818412
2698.0 1819280
2698.5 1819120
2699.0 1819328
2699.5 1819044
2700.0 1819128
2700.5 1818512
2701.0 1819432
2701.5 1818860
2702.0 1818704
2702.5 1818716
2703.0 1818812
2703.5 1819064
2704.0 1818668
2704.5 1818924
2705.0 1818668
2705.5 1818952
2706.0 1819016
2706.5 1818936
2707.0 1812884
2707.6 1812884
2708.1 1812884
2711.2 1812912
2712.6 1812912
2714.5 1812880
2715.0 1812880
2715.5 1812880
2716.0 1812880
2716.5 1812880
2717.0 1812880
2717.5 1812880
2718.0 1812880
2718.5 1812880
2719.0 1812880
2719.5 1812848
2720.0 1812848
2720.5 1812912
2721.0 1812912
2721.5 1812912
2722.0 1812912
2722.5 1812912
2723.0 1812912
2723.5 1812912
2724.0 1812880
2724.5 1812880
2725.0 1812880
2725.5 1812880
2726.0 1812880
2726.5 1812880
2727.0 1812880
2727.5 1812880
2728.0 1812912
2728.7 1812912
2729.2 1812912
2729.7 1812912
2730.2 1818768
2730.7 1818464
2731.2 1818684
2731.7 1818860
2732.2 1818956
2732.7 1818868
2733.2 1818964
2733.7 1818852
2734.2 1818804
2734.7 1818788
2735.2 1818828
2735.7 1818324
2736.2 1818448
2736.7 1819128
2737.2 1818764
2737.7 1818812
2738.2 1818828
2738.7 1818672
2739.2 1818640
2739.7 1818624
2740.2 1818284
2740.7 1818000
2741.2 1817844
2741.7 1818064
2742.2 1817860
2742.7 1818080
2743.2 1818396
2743.7 1818192
2744.2 1819152
2744.7 1818868
2745.2 1818768
2745.7 1818752
2746.2 1819292
2746.7 1819412
2747.2 1818944
2747.7 1818720
2748.2 1819164
2748.7 1818832
2749.2 1819036
2749.7 1818816
2750.2 1818672
2750.7 1818780
2751.2 1818452
2751.7 1818356
2752.2 1812712
2752.9 1812712
2754.9 1812712
2756.8 1812704
2758.3 1812736
2758.8 1812736
2759.3 1812736
2760.1 1812736
2761.0 1812736
2762.9 1812736
2765.0 1812736
2765.6 1812736
2767.4 1812704
2768.4 1812704
2769.9 1812704
2770.4 1812704
2770.9 1812704
2771.4 1812704
2773.8 1812736
2774.5 1812736
2775.0 1819064
2775.5 1818844
2776.0 1818812
2776.5 1818892
2777.0 1819176
2777.5 1819144
2778.0 1818984
2778.5 1818940
2779.0 1818812
2779.5 1818640
2780.0 1818744
2780.5 1819172
2781.0 1819172
2781.5 1819284
2782.0 1818936
2782.5 1819140
2783.0 1818920
2783.5 1818776
2784.0 1818840
2784.5 1819060
2785.0 1819532
2785.5 1818976
2786.0 1818804
2786.5 1818756
2787.0 1819088
2787.5 1818756
2788.0 1819088
2788.5 1819136
2789.0 1818932
2789.5 1818900
2790.0 1819748
2790.5 1819040
2791.0 1818864
2791.5 1818928
2792.0 1818500
2792.5 1818484
2793.0 1818896
2793.5 1818896
2794.0 1819164
2794.5 1819356
2795.0 1818892
2795.5 1818844
2796.0 1818828
2796.5 1819016
2797.0 1812960
2798.9 1812960
2799.4 1812960
2804.6 1812920
2805.5 1812920
2807.4 1812920
2807.9 1812920
2810.0 1812920
2810.6 1812920
2812.3 1812920
2814.5 1812920
2816.2 1812920
2817.5 1812920
2818.4 1812920
2819.3 1812920
2819.8 1819224
2820.3 1818552
2820.8 1818732
2821.3 1818820
2821.8 1818836
2822.3 1818948
2822.8 1818600
2823.3 1818696
2823.8 1818600
2824.3 1818472
2824.8 1818580
2825.3 1818580
2825.8 1818612
2826.3 1818580
2826.8 1819304
2827.3 1818596
2827.8 1818168
2828.3 1818312
2828.8 1818516
2829.3 1818832
2829.8 1818796
2830.3 1818812
2830.8 1818812
2831.3 1818480
2831.8 1818684
2832.3 1818732
2832.8 1818572
2833.3 1818652
2833.8 1819016
2834.3 1818592
2834.8 1818392
2835.3 1818836
2835.8 1818788
2836.3 1818884
2836.8 1818552
2837.3 1818472
2837.8 1818632
2838.3 1818964
2838.8 1818772
2839.3 1818804
2839.8 1818800
2840.3 1818864
2840.8 1818168
2841.3 1818816
2841.8 1813952
2842.3 1812688
2842.8 1812688
2843.3 1812688
2845.1 1812680
2845.7 1812680
2846.4 1812680
2847.1 1812680
2848.1 1812648
2848.7 1812648
2850.5 1812648
2851.1 1812648
2852.8 1812648
2853.8 1812680
2854.5 1812680
2855.3 1812680
2857.4 1812680
2857.9 1812680
2860.0 1812680
2860.8 1812680
2862.6 1812680
2863.4 1812648
2863.9 1812648
2864.4 1812648
2864.9 1812648
2865.4 1818224
2865.9 1818548
2866.4 1818792
2866.9 1818856
2867.4 1818840
2867.9 1819012
2868.4 1819108
2868.9 1818980
2869.4 1818932
2869.9 1819116
2870.4 1819712
2870.9 1818844
2871.4 1818844
2871.9 1819092
2872.4 1819004
2872.9 1818784
2873.4 1818420
2873.9 1818356
2874.4 1818276
2874.9 1818404
2875.4 1818836
2875.9 1819072
2876.4 1819104
2876.9 1818456
2877.4 1818316
2877.9 1818284
2878.4 1818568
2878.9 1818836
2879.4 1819184
2879.9 1819024
2880.4 1818556
2880.9 1818748
2881.4 1819192
2881.9 1819000
2882.4 1819000
2882.9 1819220
2883.4 1819080
2883.9 1818828
2884.4 1818920
2884.9 1819112
2885.4 1818996
2885.9 1819184
2886.4 1818700
2886.9 1818792
2887.4 1813024
2887.9 1813088
2888.4 1813088
2889.8 1813088
2891.6 1813084
2892.7 1813084
2893.2 1813084
2893.7 1813084
2894.2 1813084
2894.7 1813052
2895.2 1813052
2895.8 1813052
2896.3 1813052
2896.8 1813052
2898.1 1813052
2901.2 1813084
2902.4 1813052
2904.2 1813052
2907.8 1813052
2909.4 1813052
2909.9 1818972
2910.4 1818732
2910.9 1818732
2911.4 1818796
2911.9 1818796
2912.4 1818668
2912.9 1818748
2913.4 1819204
2913.9 1818936
2914.4 1819080
2914.9 1819116
2915.4 1818988
2915.9 1819116
2916.4 1818688
2916.9 1819100
2917.4 1818940
2917.9 1818924
2918.4 1818812
2918.9 1818720
2919.4 1819100
2919.9 1818812
2920.4 1818904
2920.9 1818840
2921.4 1818652
2921.9 1818668
2922.4 1819032
2922.9 1818924
2923.4 1818528
2923.9 1818716
2924.4 1818828
2924.9 1818900
2925.4 1818380
2925.9 1818084
2926.4 1818396
2926.9 1818396
2927.4 1818584
2927.9 1818396
2928.4 1818856
2928.9 1818980
2929.4 1818884
2929.9 1819056
2930.4 1818896
2930.9 1818864
2931.4 1818912
2931.9 1815112
2932.4 1813036
2932.9 1813036
2933.4 1813036
2933.9 1813036
2934.4 1813036
2934.9 1813036
2935.4 1813032
2935.9 1813032
2936.4 1813000
2936.9 1813000
2937.5 1813000
2938.1 1813000
2938.6 1813000
2939.3 1813000
2939.8 1813032
2940.6 1813032
2941.1 1813032
2941.6 1813000
2942.1 1813000
2942.6 1813000
2943.1 1813000
2943.6 1813000
2944.1 1813000
2945.0 1813000
2945.5 1813000
2946.0 1813000
2946.5 1812968
2947.3 1812968
2947.8 1812968
2948.3 1813032
2948.8 1813032
2949.4 1813032
2949.9 1813032
2950.4 1813032
2950.9 1813032
2951.4 1813032
2952.5 1813000
2954.2 1813000
2954.7 1813000
2955.2 1818956
2955.7 1819036
2956.2 1819036
2956.7 1818736
2957.2 1819020
2957.7 1819108
2958.2 1818884
2958.7 1818744
2959.2 1818476
2959.7 1819012
2960.2 1819496
2960.7 1818928
2961.2 1819104
2961.7 1819072
2962.2 1818740
2962.7 1819096
2963.2 1818156
2963.7 1818032
2964.2 1818144
2964.7 1818424
2965.2 1818548
2965.7 1818436
2966.2 1818388
2966.7 1818452
2967.2 1818580
2967.7 1818360
2968.2 1818676
2968.7 1818436
2969.2 1818452
2969.7 1818152
2970.2 1818212
2970.7 1818416
2971.2 1818528
2971.7 1818796
2972.2 1818416
2972.7 1818512
2973.2 1818684
2973.7 1818976
2974.2 1818884
2974.7 1818788
2975.2 1818832
2975.7 1818404
2976.2 1818752
2976.7 1818500
2977.2 1812580
2977.7 1812580
2978.3 1812580
2981.6 1812572
2982.1 1812572
2983.2 1812572
2983.7 1812572
2984.2 1812572
2984.7 1812604
2986.5 1812604
2987.9 1812604
2989.6 1812604
2990.4 1812604
2994.0 1812604
2995.9 1812572
2997.5 1812572
2999.5 1812572
3000.0 1818720
