0.5 1848168
2.4 1848168
2.9 1848168
6.4 1848168
10.0 1848168
11.8 1848136
12.3 1848136
15.7 1848136
19.4 1848168
21.2 1848168
23.1 1848168
26.4 1848168
26.9 1848136
29.2 1848136
29.7 1850216
30.2 1855312
30.7 1856292
31.2 1857352
31.7 1857540
32.2 1857564
32.7 1857764
33.2 1857552
33.7 1857148
34.2 1857336
34.7 1857416
35.2 1856848
35.7 1857132
36.2 1856880
36.7 1857024
37.2 1857196
37.7 1856864
38.2 1856976
38.7 1856708
39.2 1856912
39.7 1857224
40.2 1857064
40.7 1856924
41.2 1856972
41.7 1856988
42.2 1856956
42.7 1857128
43.2 1857096
43.7 1857208
44.2 1856988
44.7 1856792
45.2 1857080
45.7 1857016
46.2 1857236
46.7 1856700
47.2 1856464
47.7 1856496
48.2 1856560
48.7 1856544
49.2 1856384
49.7 1856524
50.2 1857076
50.7 1857212
51.2 1857564
51.7 1857232
52.4 1850968
54.2 1850968
57.5 1850964
59.3 1850932
60.3 1850932
63.3 1850932
63.9 1850964
65.3 1850964
67.1 1850964
67.9 1850964
69.2 1850932
71.0 1850932
74.5 1850932
75.0 1857444
75.5 1857124
76.0 1856588
76.5 1857096
77.0 1856740
77.5 1857252
78.0 1857236
78.5 1857204
79.0 1856888
79.5 1856732
80.0 1856320
80.5 1856444
81.0 1856664
81.5 1856600
82.0 1857028
82.5 1857044
83.0 1857120
83.5 1857296
84.0 1856728
84.5 1857248
85.0 1857324
85.5 1857116
86.0 1856880
86.5 1856392
87.0 1856708
87.5 1856876
88.0 1856848
88.5 1856896
89.0 1856900
89.5 1857316
90.0 1857248
90.5 1857028
91.0 1856836
91.5 1857200
92.0 1857508
92.5 1857484
93.0 1856980
93.5 1856884
94.0 1857312
94.5 1857296
95.0 1857148
95.5 1856928
96.0 1857196
96.5 1856992
98.7 1851052
100.8 1851016
102.7 1851016
104.5 1851016
108.9 1851016
110.8 1851016
112.7 1851016
114.3 1851080
116.2 1851048
118.0 1851048
119.5 1851048
120.0 1857232
120.5 1857264
121.0 1857248
121.5 1857232
122.0 1857296
122.5 1857200
123.0 1857280
123.5 1857232
124.0 1857148
124.5 1857108
125.0 1857244
125.5 1857116
126.0 1857216
126.5 1857292
127.0 1857132
127.5 1856896
128.0 1856992
128.5 1856976
129.0 1857068
129.5 1857104
130.0 1857240
130.5 1857068
131.0 1857192
131.5 1857128
132.0 1857384
132.5 1857148
133.0 1857320
133.5 1857240
134.0 1857240
134.5 1856924
135.0 1858384
135.5 1857536
136.0 1857332
136.5 1857316
137.0 1857236
137.5 1857080
138.0 1857220
138.5 1857456
139.0 1857520
139.5 1857044
140.0 1857484
140.5 1857024
141.0 1856852
141.5 1857168
142.2 1851188
143.9 1851188
145.5 1851184
147.3 1851184
150.0 1851184
151.7 1851152
153.5 1851152
156.1 1851152
156.6 1851184
157.3 1851184
158.8 1851184
159.3 1851184
160.3 1851184
161.7 1851152
162.7 1851152
163.8 1851152
164.5 1851152
165.0 1858460
165.5 1857520
166.0 1857300
166.5 1857252
167.0 1856772
167.5 1856620
168.0 1856812
168.5 1856636
169.0 1856920
169.5 1857140
170.0 1857216
170.5 1857024
171.0 1857312
171.5 1857104
172.0 1856996
172.5 1856948
173.0 1856884
173.5 1856820
174.0 1857280
174.5 1857184
175.0 1857180
175.5 1857164
176.0 1857068
176.5 1857228
177.0 1857228
177.5 1857196
178.0 1857116
178.5 1857780
179.0 1857544
179.5 1857276
180.0 1857380
180.5 1857144
181.0 1856956
181.5 1856956
182.0 1857460
182.5 1856816
183.0 1856860
183.5 1856972
184.0 1856736
184.5 1856956
185.0 1857108
185.5 1857488
186.0 1857364
186.5 1856872
188.3 1851028
191.4 1851024
193.3 1851024
194.0 1851024
195.3 1851024
197.7 1850992
199.6 1850992
200.7 1850992
202.3 1850992
204.2 1850992
206.2 1850992
208.0 1851024
208.6 1851024
209.3 1851024
209.8 1856556
210.3 1856380
210.8 1856772
211.3 1856788
211.8 1856900
212.3 1856692
212.8 1857104
213.3 1856932
213.8 1857228
214.3 1857344
214.8 1857268
215.3 1857256
215.8 1857296
216.3 1857400
216.8 1857260
217.3 1857384
217.8 1857212
218.3 1857244
218.8 1857052
219.3 1857764
219.8 1857720
220.3 1857436
220.8 1857952
221.3 1857448
221.8 1856800
222.3 1856976
222.8 1856544
223.3 1856672
223.8 1856752
224.3 1856640
224.8 1856652
225.3 1856968
225.8 1857188
226.3 1856984
226.8 1856792
227.3 1857172
227.8 1857456
228.3 1856792
228.8 1857172
229.3 1857328
229.8 1857264
230.3 1857184
230.8 1856980
231.3 1856868
231.9 1850904
232.4 1850872
232.9 1850872
234.0 1850872
235.4 1850868
237.3 1850868
238.5 1850868
239.0 1850868
239.9 1850868
240.4 1850836
242.3 1850836
243.2 1850836
244.5 1850836
245.1 1850868
246.6 1850868
247.9 1850868
249.4 1850868
251.2 1850836
251.7 1850836
252.7 1850836
254.2 1850836
254.7 1858400
255.2 1856976
255.7 1857584
256.2 1857376
256.7 1857472
257.2 1857044
257.7 1857344
258.2 1857188
258.7 1857124
259.2 1857188
259.7 1857496
260.2 1857120
260.7 1857120
261.2 1857216
261.7 1856852
262.2 1857152
262.7 1857136
263.2 1857200
263.7 1856820
264.2 1856740
264.7 1857116
265.2 1857008
265.7 1856580
266.2 1857072
266.7 1856580
267.2 1856392
267.7 1856376
268.2 1856376
268.7 1856564
269.2 1856928
269.7 1857240
270.2 1857460
270.7 1857408
271.2 1856796
271.7 1856812
272.2 1857208
272.7 1856860
273.2 1857316
273.7 1856924
274.2 1857176
274.7 1856852
275.2 1857076
275.7 1857076
276.2 1857044
276.7 1857136
277.7 1851000
279.6 1851000
283.5 1850996
284.5 1850996
286.2 1850996
290.5 1850964
291.0 1850964
291.5 1850964
292.0 1851028
293.7 1851028
294.5 1851028
295.5 1851028
297.3 1851028
297.8 1851028
299.5 1850996
300.0 1856840
300.5 1856804
301.0 1856520
301.5 1856712
302.0 1857072
302.5 1857144
303.0 1857176
303.5 1857048
304.0 1857208
304.5 1856860
305.0 1856856
305.5 1856960
306.0 1857116
306.5 1857352
307.0 1857196
307.5 1857100
308.0 1857052
308.5 1857148
309.0 1857148
309.5 1857116
310.0 1857000
310.5 1856796
311.0 1857364
311.5 1857048
312.0 1857540
312.5 1857112
313.0 1857064
313.5 1856860
314.0 1856860
314.5 1856624
315.0 1857472
315.5 1857296
316.0 1857172
316.5 1857156
317.0 1857552
317.5 1857328
318.0 1857044
318.5 1857060
319.0 1857108
319.5 1857188
320.0 1856900
320.5 1857088
321.0 1857260
321.5 1857136
322.0 1851140
323.1 1851140
324.3 1851140
324.8 1851108
325.8 1851104
326.3 1851104
327.3 1851104
328.1 1851104
329.0 1851136
329.6 1851136
331.6 1851136
332.4 1851104
334.2 1851104
336.0 1851104
337.8 1851104
340.1 1851104
340.8 1851104
341.3 1851104
343.5 1851104
344.0 1851072
344.5 1851072
345.0 1857172
345.5 1857060
346.0 1857312
346.5 1857376
347.0 1857188
347.5 1857124
348.0 1857172
348.5 1857236
349.0 1856776
349.5 1857124
350.0 1857356
350.5 1856836
351.0 1856884
351.5 1856552
352.0 1856520
352.5 1856348
353.0 1856632
353.5 1856696
354.0 1856364
354.5 1856348
355.0 1856596
355.5 1856772
356.0 1856928
356.5 1856956
357.0 1857052
357.5 1857052
358.0 1857164
358.5 1857004
359.0 1857036
359.5 1856880
360.0 1856748
360.5 1856828
361.0 1856512
361.5 1856656
362.0 1856796
362.5 1856812
363.0 1856988
363.5 1856464
364.0 1856924
364.5 1856812
365.0 1857044
365.5 1857060
366.0 1857280
366.5 1856980
367.4 1851216
369.2 1851216
371.0 1851212
372.6 1851212
374.7 1851212
375.2 1851212
377.1 1851212
378.4 1851212
380.1 1851244
381.0 1851244
382.0 1851244
384.6 1851244
386.2 1851244
386.7 1851244
388.5 1851244
389.5 1851212
390.0 1856984
390.5 1856244
391.0 1856276
391.5 1856180
392.0 1856356
392.5 1856560
393.0 1856260
393.5 1856576
394.0 1856448
394.5 1856196
395.0 1856792
395.5 1856792
396.0 1856824
396.5 1856460
397.0 1856840
397.5 1856920
398.0 1857124
398.5 1857344
399.0 1856996
399.5 1857296
400.0 1857308
400.5 1856848
401.0 1856772
401.5 1856824
402.0 1856748
402.5 1856764
403.0 1856260
403.5 1856812
404.0 1856984
404.5 1857332
405.0 1857060
405.5 1856964
406.0 1857184
406.5 1856932
407.0 1857548
407.5 1856872
408.0 1857108
408.5 1856980
409.0 1857232
409.5 1856680
410.0 1856788
410.5 1856820
411.0 1856628
411.5 1856568
412.0 1850736
413.9 1850736
414.7 1850704
415.2 1850704
415.9 1850700
416.5 1850700
418.6 1850764
421.4 1850764
423.3 1850764
424.7 1850764
425.2 1850732
427.8 1850732
428.5 1850732
430.3 1850732
431.0 1850732
432.7 1850732
434.5 1850732
435.0 1857180
435.5 1857020
436.0 1857272
436.5 1856736
437.0 1857416
437.5 1857212
438.0 1857212
438.5 1857164
439.0 1857036
439.5 1857384
440.0 1856780
440.5 1857188
441.0 1857364
441.5 1857144
442.0 1856956
442.5 1856956
443.0 1856592
443.5 1856464
444.0 1856640
444.5 1856560
445.0 1856524
445.5 1856572
446.0 1857168
446.5 1856980
447.0 1857092
447.5 1857012
448.0 1857092
448.5 1857028
449.0 1856840
449.5 1857092
450.0 1857168
450.5 1857024
451.0 1857228
451.5 1856960
452.0 1856976
452.5 1857216
453.0 1856928
453.5 1856948
454.0 1856756
454.5 1857152
455.0 1857052
455.5 1857440
456.0 1857060
456.5 1857424
457.0 1851192
457.8 1851192
459.6 1851192
460.3 1851188
460.8 1851188
462.1 1851156
464.2 1851156
465.5 1851156
468.2 1851156
470.1 1851156
471.3 1851156
472.4 1851156
475.6 1851188
476.6 1851188
477.4 1851188
479.5 1851188
480.0 1857032
480.5 1856464
481.0 1856860
481.5 1856796
482.0 1856952
482.5 1857048
483.0 1857252
483.5 1857172
484.0 1857112
484.5 1857364
485.0 1857328
485.5 1857076
486.0 1857280
486.5 1857028
487.0 1857168
487.5 1856988
488.0 1857132
488.5 1857384
489.0 1857112
489.5 1857384
490.0 1857676
490.5 1857396
491.0 1856984
491.5 1857080
492.0 1857124
492.5 1857172
493.0 1856888
493.5 1857348
494.0 1857236
494.5 1857396
495.0 1857152
495.5 1857312
496.0 1857232
496.5 1857216
497.0 1857248
497.5 1857184
498.0 1857344
498.5 1857340
499.0 1857264
499.5 1857264
500.0 1856992
500.5 1857120
501.0 1856456
501.5 1856504
502.0 1850592
505.3 1850588
507.2 1850588
509.0 1850588
511.1 1850620
511.7 1850620
513.4 1850588
513.9 1850588
516.0 1850588
517.4 1850588
517.9 1850588
518.4 1850588
518.9 1850588
520.1 1850588
522.1 1850556
523.4 1850556
524.5 1850620
525.0 1856956
525.5 1856988
526.0 1856972
526.5 1856812
527.0 1857004
527.5 1857304
528.0 1857464
528.5 1857336
529.0 1857272
529.5 1856904
530.0 1857316
530.5 1857188
531.0 1856920
531.5 1856872
532.0 1857112
532.5 1856764
533.0 1856984
533.5 1856920
534.0 1856700
534.5 1856732
535.0 1857172
535.5 1857076
536.0 1856384
536.5 1856696
537.0 1856136
537.5 1856436
538.0 1856672
538.5 1857052
539.0 1857020
539.5 1857352
540.0 1857184
540.5 1857024
541.0 1856568
541.5 1856804
542.0 1857340
542.5 1857780
543.0 1857324
543.5 1857292
544.0 1857104
544.5 1856868
545.0 1857036
545.5 1857068
546.0 1857020
546.5 1857448
548.4 1851428
550.6 1851424
552.4 1851424
554.2 1851456
556.7 1851456
557.7 1851456
558.2 1851456
558.7 1851456
559.6 1851424
560.3 1851424
560.8 1851424
563.8 1851424
565.6 1851424
566.6 1851424
567.4 1851424
568.1 1851392
569.5 1851456
570.0 1857128
570.5 1857332
571.0 1857300
571.5 1857348
572.0 1856920
572.5 1857016
573.0 1856984
573.5 1857508
574.0 1857396
574.5 1856984
575.0 1857152
575.5 1857484
576.0 1857452
576.5 1857216
577.0 1856948
577.5 1856820
578.0 1857392
578.5 1856932
579.0 1857216
579.5 1857200
580.0 1857072
580.5 1856864
581.0 1857428
581.5 1857228
582.0 1857292
582.5 1857276
583.0 1857040
583.5 1856912
584.0 1856976
584.5 1857592
585.0 1856844
585.5 1857476
586.0 1857240
586.5 1857216
587.0 1857168
587.5 1857200
588.0 1856948
588.5 1856996
589.0 1857168
589.5 1856964
590.0 1856960
590.5 1857040
591.0 1857164
591.5 1857080
592.6 1851240
593.6 1851208
595.4 1851204
596.4 1851204
599.7 1851204
602.7 1851204
606.6 1851204
607.3 1851204
609.5 1851236
611.3 1851236
613.1 1851236
614.5 1851236
615.0 1856908
615.5 1856500
616.0 1856736
616.5 1856612
617.0 1856420
617.5 1856532
618.0 1857256
618.5 1857020
619.0 1857208
619.5 1857304
620.0 1856936
620.5 1857080
621.0 1857268
621.5 1856748
622.0 1857364
622.5 1857332
623.0 1857332
623.5 1857240
624.0 1857372
624.5 1856992
625.0 1857192
625.5 1856956
626.0 1856860
626.5 1856940
627.0 1856972
627.5 1856956
628.0 1857020
628.5 1856988
629.0 1857020
629.5 1856704
630.0 1856536
630.5 1856488
631.0 1856836
631.5 1857308
632.0 1857336
632.5 1858232
633.0 1858192
633.5 1857488
634.0 1858244
634.5 1857804
635.0 1857436
635.5 1857244
636.0 1856784
636.5 1857120
637.0 1850788
639.0 1850788
640.9 1850784
641.6 1850784
642.1 1850784
644.8 1850784
646.7 1850816
650.2 1850784
652.8 1850784
653.6 1850784
654.1 1850784
655.2 1850784
655.9 1850784
657.4 1850784
658.1 1850784
659.3 1850752
659.8 1857200
660.3 1856948
660.8 1856980
661.3 1857184
661.8 1857012
662.3 1857216
662.8 1857564
663.3 1857088
663.8 1857072
664.3 1857500
664.8 1856816
665.3 1857132
665.8 1857576
666.3 1857276
666.8 1856880
667.3 1856992
667.8 1856928
668.3 1856912
668.8 1857132
669.3 1857196
669.8 1857744
670.3 1857444
670.8 1857144
671.3 1857320
671.8 1857412
672.3 1856764
672.8 1856940
673.3 1857272
673.8 1856712
674.3 1857144
674.8 1857292
675.3 1857164
675.8 1857292
676.3 1856928
676.8 1856976
677.3 1857340
677.8 1856928
678.3 1857148
678.8 1856896
679.3 1857084
679.8 1857240
680.3 1857256
680.8 1857244
681.3 1857492
681.8 1851000
683.4 1851000
685.3 1851064
686.2 1851060
686.9 1851060
688.0 1851060
690.2 1851060
692.0 1851060
693.2 1851028
694.3 1851028
695.2 1851028
696.0 1851028
696.9 1851028
698.8 1851028
699.3 1851028
702.9 1851060
703.6 1851060
704.5 1851060
705.0 1857172
705.5 1857236
706.0 1856572
706.5 1857032
707.0 1856968
707.5 1856952
708.0 1856748
708.5 1856732
709.0 1856860
709.5 1856876
710.0 1856720
710.5 1856956
711.0 1856736
711.5 1856752
712.0 1857004
712.5 1857144
713.0 1856956
713.5 1857256
714.0 1857192
714.5 1857128
715.0 1857108
715.5 1857048
716.0 1857252
716.5 1857188
717.0 1857204
717.5 1857472
718.0 1857424
718.5 1857332
719.0 1857172
719.5 1857236
720.0 1857176
720.5 1857144
721.0 1857128
721.5 1857192
722.0 1856940
722.5 1856892
723.0 1857336
723.5 1857080
724.0 1857256
724.5 1856924
725.0 1856808
725.5 1856828
726.0 1856164
726.5 1856336
727.2 1850888
727.7 1850888
728.2 1850888
728.7 1850888
729.2 1850888
729.7 1850888
730.3 1850884
730.9 1850884
731.4 1850884
733.4 1850852
733.9 1850852
734.4 1850852
734.9 1850852
736.7 1850916
738.2 1850916
739.3 1850916
740.4 1850916
742.3 1850884
742.8 1850884
743.4 1850884
744.9 1850884
745.5 1850884
747.3 1850884
749.3 1850884
749.8 1857884
750.3 1857004
750.8 1857240
751.3 1857252
751.8 1857224
752.3 1857224
752.8 1857232
753.3 1857152
753.8 1856964
754.3 1856804
754.8 1857292
755.3 1857164
755.8 1857276
756.3 1856896
756.8 1856944
757.3 1856896
757.8 1856928
758.3 1856788
758.8 1857132
759.3 1857244
759.8 1857080
760.3 1857160
760.8 1857556
761.3 1857112
761.8 1857048
762.3 1857000
762.8 1857176
763.3 1857224
763.8 1857112
764.3 1857096
764.8 1857204
765.3 1856936
765.8 1857092
766.3 1857092
766.8 1857092
767.3 1857892
767.8 1857904
768.3 1857444
768.8 1857640
769.3 1857584
769.8 1857224
770.3 1857508
770.8 1856892
771.3 1857048
771.8 1851196
772.3 1851164
773.0 1851164
773.5 1851164
774.8 1851164
776.2 1851160
778.0 1851160
779.4 1851160
782.1 1851160
782.6 1851160
783.1 1851160
784.6 1851128
785.1 1851128
785.6 1851128
786.1 1851128
786.6 1851160
788.5 1851160
789.0 1851160
790.1 1851128
790.6 1851128
791.1 1851128
791.6 1851128
793.4 1851128
793.9 1851128
794.5 1851128
795.0 1857124
795.5 1857172
796.0 1857156
796.5 1857028
797.0 1857252
797.5 1856932
798.0 1857260
798.5 1856960
799.0 1857116
799.5 1857116
800.0 1857428
800.5 1857048
801.0 1857208
801.5 1857048
802.0 1857176
802.5 1857208
803.0 1857032
803.5 1857048
804.0 1857032
804.5 1856984
805.0 1857220
805.5 1857204
806.0 1857172
806.5 1857044
807.0 1857012
807.5 1856920
808.0 1856512
808.5 1856320
809.0 1856716
809.5 1856684
810.0 1856868
810.5 1856912
811.0 1857104
811.5 1857244
812.0 1857008
812.5 1857184
813.0 1857108
813.5 1856300
814.0 1856472
814.5 1856396
815.0 1856360
815.5 1856296
816.0 1856360
816.5 1856216
817.0 1850648
818.9 1850648
819.4 1850648
821.2 1850612
821.7 1850612
822.2 1850612
824.2 1850612
826.0 1850644
826.5 1850644
827.9 1850644
828.4 1850644
828.9 1850612
830.8 1850612
831.3 1850612
834.9 1850360
835.4 1850360
835.9 1850360
836.4 1850360
836.9 1850360
837.7 1850328
838.4 1850392
839.5 1850392
840.0 1856096
840.5 1856916
841.0 1856724
841.5 1856964
842.0 1856884
842.5 1856916
843.0 1857008
843.5 1857104
844.0 1857408
844.5 1857372
845.0 1856864
845.5 1856912
846.0 1856928
846.5 1857104
847.0 1856836
847.5 1856768
848.0 1856912
848.5 1857052
849.0 1857400
849.5 1856972
850.0 1857128
850.5 1856892
851.0 1857176
851.5 1857128
852.0 1856984
852.5 1856796
853.0 1857460
853.5 1857284
854.0 1857144
854.5 1857096
855.0 1857160
855.5 1857212
856.0 1856864
856.5 1857068
857.0 1856912
857.5 1857132
858.0 1857020
858.5 1857068
859.0 1856896
859.5 1856768
860.0 1857020
860.5 1856436
861.0 1856356
861.5 1856500
862.0 1850952
862.8 1850952
865.2 1850948
867.0 1850948
867.5 1850948
868.6 1850948
869.1 1850948
869.6 1850916
871.5 1850980
873.3 1850980
874.9 1850980
876.8 1850980
878.7 1850980
880.6 1850980
883.6 1850948
884.5 1850948
885.0 1856352
885.5 1856684
886.0 1856412
886.5 1856508
887.0 1856620
887.5 1856952
888.0 1857684
888.5 1857284
889.0 1857172
889.5 1857392
890.0 1857080
890.5 1857380
891.0 1857032
891.5 1857064
892.0 1857208
892.5 1857112
893.0 1856796
893.5 1856388
894.0 1856824
894.5 1857480
895.0 1855372
895.5 1856732
896.0 1856808
896.5 1856652
897.0 1856904
897.5 1856540
898.0 1856668
898.5 1857060
899.0 1857312
899.5 1856652
900.0 1857360
900.5 1857772
901.0 1857204
901.5 1857396
902.0 1857108
902.5 1857124
903.0 1857220
903.5 1857220
904.0 1857268
904.5 1856808
905.0 1857204
905.5 1857076
906.0 1857076
906.5 1857344
907.0 1851324
907.9 1851324
908.6 1851324
909.1 1851324
909.9 1851324
910.6 1851324
911.1 1851324
911.6 1851324
912.4 1851356
912.9 1851356
914.8 1851356
915.3 1851356
917.0 1851356
918.9 1851356
919.4 1851356
919.9 1851356
920.4 1851324
922.2 1851324
924.1 1851324
925.9 1851356
926.4 1851356
929.5 1851356
930.0 1857392
930.5 1857220
931.0 1857392
931.5 1857012
932.0 1857060
932.5 1857012
933.0 1857188
933.5 1856776
934.0 1857044
934.5 1857060
935.0 1857724
935.5 1857028
936.0 1857044
936.5 1856476
937.0 1856508
937.5 1856840
938.0 1857204
938.5 1857268
939.0 1857124
939.5 1857092
940.0 1856964
940.5 1857076
941.0 1857092
941.5 1856932
942.0 1856952
942.5 1857264
943.0 1856984
943.5 1856856
944.0 1856508
944.5 1856764
945.0 1856540
945.5 1856856
946.0 1856840
946.5 1857028
947.0 1857060
947.5 1857028
948.0 1856712
948.5 1856840
949.0 1856776
949.5 1857092
950.0 1857172
950.5 1856492
951.0 1856132
951.5 1856416
952.0 1850484
952.5 1850484
953.0 1850484
953.5 1850484
955.0 1850516
955.5 1850484
956.0 1850484
956.5 1850484
957.0 1850484
957.5 1850484
958.0 1850484
958.5 1850484
959.0 1850484
959.5 1850484
960.0 1850452
960.5 1850452
961.6 1850452
962.4 1850452
962.9 1850452
963.4 1850452
963.9 1850516
964.6 1850516
965.1 1850516
965.6 1850516
966.1 1850484
966.6 1850484
967.1 1850484
967.6 1850484
968.3 1850484
969.5 1850484
970.0 1850484
970.5 1850484
971.2 1850484
972.8 1850516
973.3 1850516
973.8 1850516
974.3 1850516
974.8 1857324
975.3 1856376
975.8 1856296
976.3 1856676
976.8 1856500
977.3 1856596
977.8 1856816
978.3 1857148
978.8 1857472
979.3 1856996
979.8 1857000
980.3 1856840
980.8 1857316
981.3 1857376
981.8 1857156
982.3 1857220
982.8 1857440
983.3 1857044
983.8 1857504
984.3 1857060
984.8 1857044
985.3 1857424
985.8 1857076
986.3 1857092
986.8 1857392
987.3 1857168
987.8 1857360
988.3 1856872
988.8 1857916
989.3 1857208
989.8 1857052
990.3 1858024
990.8 1858064
991.3 1857280
991.8 1857340
992.3 1856864
992.8 1856976
993.3 1856676
993.8 1857132
994.3 1857132
994.8 1857256
995.3 1857340
995.8 1857228
996.3 1857492
996.8 1851316
997.3 1851316
997.8 1851316
998.3 1851316
998.8 1851316
999.3 1851316
999.8 1851316
1000.3 1851348
1000.8 1851348
1001.3 1851316
1001.8 1851316
1002.3 1851316
1002.8 1851316
1003.3 1851316
1003.8 1851316
1004.3 1851316
1004.8 1851316
1005.3 1851316
1005.8 1851316
1006.3 1851316
1006.8 1851348
1007.3 1851348
1007.8 1851348
1008.3 1851348
1008.8 1851348
1009.3 1851348
1009.8 1851348
1010.3 1851348
1010.8 1851316
1011.3 1851316
1011.8 1851316
1012.3 1851316
1012.8 1851316
1013.3 1851316
1013.8 1851316
1014.3 1851316
1014.8 1851348
1015.3 1851316
1015.8 1851316
1016.3 1851316
1016.8 1851316
1017.3 1851316
1017.8 1851316
1018.3 1851316
1018.8 1851316
1019.3 1851316
1019.8 1851316
1020.3 1857060
1020.8 1857012
1021.3 1857108
1021.8 1856552
1022.3 1857352
1022.8 1857052
1023.3 1856972
1023.8 1857304
1024.3 1857352
1024.8 1857164
1025.3 1856980
1025.8 1857044
1026.3 1857012
1026.8 1857028
1027.3 1857124
1027.8 1857124
1028.3 1856996
1028.8 1856932
1029.3 1856400
1029.8 1856100
1030.3 1856492
1030.8 1856716
1031.3 1857108
1031.8 1857236
1032.3 1857124
1032.8 1857012
1033.3 1857028
1033.8 1856792
1034.3 1856984
1034.8 1857740
1035.3 1857164
1035.8 1857116
1036.3 1857356
1036.8 1857036
1037.3 1857244
1037.8 1857228
1038.3 1857116
1038.8 1856896
1039.3 1856848
1039.8 1856708
1040.3 1856140
1040.8 1856408
1041.3 1856376
1041.8 1856484
1042.3 1850488
1042.8 1850488
1043.3 1850488
1043.8 1850488
1044.3 1850488
1044.8 1850488
1045.3 1850488
1045.8 1850520
1046.3 1850488
1046.8 1850488
1047.3 1850488
1047.8 1850488
1048.3 1850488
1050.2 1850488
1051.3 1850488
1053.1 1850488
1057.8 1850456
1058.6 1850456
1059.1 1850456
1061.9 1850520
1062.4 1850520
1062.9 1850520
1063.4 1850520
1064.5 1850520
1065.0 1856848
1065.5 1856724
1066.0 1856896
1066.5 1856976
1067.0 1856692
1067.5 1856548
1068.0 1856928
1068.5 1856596
1069.0 1856880
1069.5 1856756
1070.0 1856748
1070.5 1857132
1071.0 1857552
1071.5 1857856
1072.0 1857480
1072.5 1857116
1073.0 1857020
1073.5 1857040
1074.0 1857192
1074.5 1857240
1075.0 1857036
1075.5 1857384
1076.0 1857384
1076.5 1857180
1077.0 1857008
1077.5 1857464
1078.0 1857164
1078.5 1857052
1079.0 1857368
1079.5 1857100
1080.0 1857068
1080.5 1857260
1081.0 1857556
1081.5 1857512
1082.0 1857320
1082.5 1857084
1083.0 1857116
1083.5 1857116
1084.0 1857260
1084.5 1857020
1085.0 1856708
1085.5 1857212
1086.0 1857384
1086.5 1857304
1087.0 1851144
1087.5 1851144
1089.2 1851144
1089.7 1851144
1091.5 1851112
1092.0 1851112
1092.5 1851112
1094.3 1851144
1094.8 1851144
1095.3 1851144
1095.8 1851144
1096.3 1851144
1100.0 1851112
1101.2 1851112
1101.7 1851112
1102.2 1851112
1104.0 1851112
1104.5 1851112
1106.4 1851112
1106.9 1851112
1107.8 1851144
1108.3 1851144
1108.8 1851144
1109.5 1851144
1110.0 1858276
1110.5 1857668
1111.0 1857360
1111.5 1857328
1112.0 1857220
1112.5 1856952
1113.0 1857220
1113.5 1857172
1114.0 1857584
1114.5 1857188
1115.0 1856732
1115.5 1857252
1116.0 1857204
1116.5 1857060
1117.0 1856792
1117.5 1857156
1118.0 1857612
1118.5 1857124
1119.0 1856904
1119.5 1857140
1120.0 1857060
1120.5 1857028
1121.0 1857236
1121.5 1857536
1122.0 1857092
1122.5 1857060
1123.0 1857220
1123.5 1857456
1124.0 1856856
1124.5 1856716
1125.0 1857580
1125.5 1857952
1126.0 1857156
1126.5 1857060
1127.0 1857456
1127.5 1857440
1128.0 1857536
1128.5 1857328
1129.0 1857456
1129.5 1857440
1130.0 1858620
1130.5 1858300
1131.0 1857140
1131.5 1857264
1132.0 1851208
1133.8 1851208
1134.6 1851208
1136.4 1851176
1136.9 1851240
1138.7 1851240
1140.3 1851240
1140.8 1851240
1142.3 1851240
1142.8 1851240
1143.3 1851240
1145.1 1851208
1148.0 1851208
1151.5 1851208
1153.5 1851208
1154.0 1851208
1154.5 1851240
1155.0 1857244
1155.5 1857124
1156.0 1857664
1156.5 1857204
1157.0 1857156
1157.5 1857032
1158.0 1857172
1158.5 1856556
1159.0 1856904
1159.5 1856840
1160.0 1857264
1160.5 1857256
1161.0 1857200
1161.5 1857016
1162.0 1856888
1162.5 1856792
1163.0 1857312
1163.5 1857188
1164.0 1857440
1164.5 1857268
1165.0 1857092
1165.5 1857408
1166.0 1857236
1166.5 1857236
1167.0 1857092
1167.5 1857028
1168.0 1857408
1168.5 1857140
1169.0 1857408
1169.5 1857204
1170.0 1856968
1170.5 1856952
1171.0 1856872
1171.5 1857252
1172.0 1856588
1172.5 1856448
1173.0 1856808
1173.5 1856656
1174.0 1856636
1174.5 1856576
1175.0 1856100
1175.5 1856464
1176.0 1856512
1176.5 1856416
1177.0 1850812
1177.9 1850812
1178.4 1850812
1179.1 1850812
1179.6 1850812
1181.4 1850812
1181.9 1850812
1182.4 1850780
1183.0 1850780
1183.5 1850780
1184.0 1850780
1184.7 1850844
1185.2 1850844
1186.7 1850844
1187.6 1850844
1188.1 1850844
1188.6 1850844
1189.1 1850844
1189.6 1850812
1190.1 1850812
1190.8 1850812
1191.3 1850812
1191.8 1850812
1192.3 1850812
1192.8 1850812
1193.5 1850812
1194.6 1850844
1195.1 1850844
1195.6 1850844
1196.1 1850844
1196.7 1850844
1197.2 1850844
1197.7 1850844
1198.2 1850844
1198.7 1850844
1199.5 1850812
1200.0 1856944
1200.5 1857352
1201.0 1857244
1201.5 1857148
1202.0 1857100
1202.5 1857352
1203.0 1857416
1203.5 1857084
1204.0 1856988
1204.5 1857116
1205.0 1856688
1205.5 1857100
1206.0 1857248
1206.5 1856888
1207.0 1857124
1207.5 1856572
1208.0 1856556
1208.5 1856888
1209.0 1856572
1209.5 1856540
1210.0 1856704
1210.5 1857164
1211.0 1856908
1211.5 1857092
1212.0 1856816
1212.5 1856896
1213.0 1856704
1213.5 1856944
1214.0 1856784
1214.5 1856896
1215.0 1857100
1215.5 1857048
1216.0 1856896
1216.5 1857352
1217.0 1857020
1217.5 1857036
1218.0 1857212
1218.5 1857052
1219.0 1857132
1219.5 1857036
1220.0 1857148
1220.5 1857304
1221.0 1857036
1221.5 1857068
1222.0 1850968
1222.5 1850968
1223.0 1850968
1223.5 1850968
1224.9 1850968
1226.2 1850968
1226.7 1850968
1227.2 1850968
1227.7 1850936
1228.2 1850936
1228.7 1851000
1229.2 1851000
1230.3 1851000
1230.8 1851000
1234.4 1851000
1238.7 1851000
1239.7 1850968
1240.2 1850968
1242.1 1850968
1242.6 1850968
1243.6 1850968
1244.1 1850968
1244.6 1854348
1245.1 1857416
1245.6 1857036
1246.1 1856832
1246.6 1856768
1247.1 1856896
1247.6 1856328
1248.1 1856888
1248.6 1857076
1249.1 1857188
1249.6 1857124
1250.1 1856620
1250.6 1857456
1251.1 1857124
1251.6 1857328
1252.1 1857296
1252.6 1857220
1253.1 1856760
1253.6 1857296
1254.1 1857060
1254.6 1856948
1255.1 1857156
1255.6 1857108
1256.1 1857156
1256.6 1857424
1257.1 1857316
1257.6 1857312
1258.1 1857408
1258.6 1857124
1259.1 1857204
1259.6 1857232
1260.1 1857028
1260.6 1857024
1261.1 1856848
1261.6 1856832
1262.1 1856864
1262.6 1856928
1263.1 1857244
1263.6 1857336
1264.1 1857132
1264.6 1857004
1265.1 1857244
1265.6 1856864
1266.1 1857228
1266.6 1857228
1267.1 1850852
1269.5 1850884
1270.0 1850884
1271.4 1850884
1272.5 1850852
1274.4 1850852
1276.5 1850852
1277.0 1850852
1277.5 1850852
1278.6 1850852
1280.4 1850852
1281.6 1850820
1284.7 1850820
1285.2 1850884
1285.7 1850884
1289.1 1850884
1289.6 1850884
1290.1 1857456
1290.6 1857532
1291.1 1857140
1291.6 1857188
1292.1 1857092
1292.6 1857284
1293.1 1857360
1293.6 1857108
1294.1 1857092
1294.6 1857252
1295.1 1856760
1295.6 1857092
1296.1 1857296
1296.6 1857012
1297.1 1857092
1297.6 1856980
1298.1 1857044
1298.6 1856904
1299.1 1857092
1299.6 1857028
1300.1 1858212
1300.6 1857724
1301.1 1857216
1301.6 1857156
1302.1 1857092
1302.6 1857092
1303.1 1857172
1303.6 1857108
1304.1 1856960
1304.6 1857140
1305.1 1856948
1305.6 1856744
1306.1 1856760
1306.6 1856840
1307.1 1857216
1307.6 1856920
1308.1 1856808
1308.6 1857092
1309.1 1857012
1309.6 1857108
1310.1 1856584
1310.6 1856664
1311.1 1856600
1311.6 1856568
1312.1 1850620
1312.6 1850620
1313.1 1850620
1314.6 1850588
1315.2 1850588
1315.7 1850588
1317.3 1850588
1317.9 1850588
1318.4 1850588
1319.4 1850588
1320.0 1850588
1320.5 1850588
1322.3 1850620
1323.6 1850620
1324.1 1850620
1324.6 1850620
1325.1 1850620
1326.9 1850620
1328.4 1850620
1332.0 1850620
1333.9 1850588
1334.4 1850588
1334.9 1856372
1335.4 1856584
1335.9 1856920
1336.4 1857248
1336.9 1857088
1337.4 1857184
1337.9 1857120
1338.4 1857264
1338.9 1857340
1339.4 1857040
1339.9 1856912
1340.4 1857292
1340.9 1857308
1341.4 1857340
1341.9 1857544
1342.4 1857136
1342.9 1857072
1343.4 1857200
1343.9 1857072
1344.4 1857452
1344.9 1857120
1345.4 1856868
1345.9 1856836
1346.4 1857040
1346.9 1857396
1347.4 1857324
1347.9 1857028
1348.4 1856900
1348.9 1857168
1349.4 1857340
1349.9 1857332
1350.4 1857080
1350.9 1857128
1351.4 1857016
1351.9 1856972
1352.4 1857492
1352.9 1857256
1353.4 1857348
1353.9 1857428
1354.4 1856892
1354.9 1856896
1355.4 1857324
1355.9 1857436
1356.4 1857184
1356.9 1851384
1357.4 1851384
1357.9 1851384
1358.4 1851384
1358.9 1851384
1359.4 1851384
1360.8 1851384
1366.3 1851416
1371.8 1851384
1373.7 1851384
1375.5 1851384
1379.2 1851384
1379.7 1858252
1380.2 1856992
1380.7 1857060
1381.2 1856964
1381.7 1857104
1382.2 1856976
1382.7 1857104
1383.2 1857072
1383.7 1857308
1384.2 1857200
1384.7 1857324
1385.2 1857768
1385.7 1856836
1386.2 1856708
1386.7 1857144
1387.2 1856608
1387.7 1856512
1388.2 1856528
1388.7 1856828
1389.2 1856908
1389.7 1857352
1390.2 1857128
1390.7 1856860
1391.2 1856592
1391.7 1857444
1392.2 1856672
1392.7 1856560
1393.2 1856844
1393.7 1857776
1394.2 1856952
1394.7 1857636
1395.2 1857368
1395.7 1857224
1396.2 1857064
1396.7 1856688
1397.2 1856748
1397.7 1856732
1398.2 1856116
1398.7 1856088
1399.2 1857028
1399.7 1857928
1400.2 1856248
1400.7 1858044
1401.2 1857372
1401.7 1858164
1402.2 1858940
1402.7 1857988
1403.2 1851960
1403.9 1851456
1405.3 1851456
1405.9 1851456
1407.6 1851424
1411.7 1851484
1412.2 1851484
1412.8 1851484
1414.1 1851484
1414.8 1851484
1416.6 1851484
1417.8 1851452
1419.7 1851452
1423.0 1851452
1423.5 1851452
1424.0 1851452
1424.5 1851452
1425.0 1857384
1425.5 1857352
1426.0 1857652
1426.5 1857572
1427.0 1857824
1427.5 1857604
1428.0 1857804
1428.5 1857928
1429.0 1857880
1429.5 1857628
1430.0 1857700
1430.5 1857352
1431.0 1857288
1431.5 1857188
1432.0 1857708
1432.5 1859548
1433.0 1858904
1433.5 1858040
1434.0 1858624
1434.5 1857968
1435.0 1857504
1435.5 1857268
1436.0 1857236
1436.5 1857488
1437.0 1857660
1437.5 1857596
1438.0 1857992
1438.5 1857864
1439.0 1857928
1439.5 1857816
1440.0 1857640
1440.5 1857404
1441.0 1857168
1441.5 1857452
1442.0 1857468
1442.5 1857104
1443.0 1857168
1443.5 1857232
1444.0 1857420
1444.5 1857908
1445.0 1858004
1445.5 1857816
1446.0 1857768
1446.5 1857752
1447.0 1857720
1447.5 1851732
1448.4 1851732
1449.8 1851732
1451.6 1851732
1452.1 1851732
1452.6 1851700
1454.5 1851700
1455.3 1851764
1457.4 1851764
1459.7 1851764
1460.2 1851764
1461.9 1851764
1463.9 1851732
1464.6 1851732
1466.4 1851732
1467.1 1851732
1468.2 1851732
1469.5 1851732
1470.0 1857636
1470.5 1857460
1471.0 1857364
1471.5 1857432
1472.0 1856940
1472.5 1857128
1473.0 1857336
1473.5 1857556
1474.0 1857192
1474.5 1857380
1475.0 1857540
1475.5 1857208
1476.0 1857288
1476.5 1857116
1477.0 1857192
1477.5 1857380
1478.0 1857428
1478.5 1857428
1479.0 1857240
1479.5 1857208
1480.0 1857504
1480.5 1857424
1481.0 1857708
1481.5 1857820
1482.0 1857708
1482.5 1858308
1483.0 1857728
1483.5 1858104
1484.0 1857928
1484.5 1857520
1485.0 1857556
1485.5 1857668
1486.0 1858048
1486.5 1857684
1487.0 1857620
1487.5 1857604
1488.0 1857716
1488.5 1857668
1489.0 1858300
1489.5 1857652
1490.0 1857660
1490.5 1857248
1491.0 1857612
1491.5 1857820
1493.7 1851776
1494.4 1851776
1495.8 1851768
1497.7 1851768
1498.7 1851768
1499.5 1851736
1500.2 1851736
1502.3 1851736
1505.9 1851736
1507.7 1851768
1509.5 1851768
1511.4 1851768
1512.2 1851736
1514.5 1851736
1515.0 1857984
1515.5 1857808
1516.0 1857652
1516.5 1857636
1517.0 1857732
1517.5 1857668
1518.0 1857668
1518.5 1857764
1519.0 1857400
1519.5 1857464
1520.0 1857660
1520.5 1857580
1521.0 1857456
1521.5 1857376
1522.0 1857000
1522.5 1857124
1523.0 1857016
1523.5 1856984
1524.0 1857092
1524.5 1857424
1525.0 1857716
1525.5 1857684
1526.0 1857836
1526.5 1857596
1527.0 1857660
1527.5 1857928
1528.0 1857960
1528.5 1857772
1529.0 1857628
1529.5 1857692
1530.0 1857684
1530.5 1857920
1531.0 1857652
1531.5 1858328
1532.0 1857976
1532.5 1858064
1533.0 1857824
1533.5 1857732
1534.0 1857588
1534.5 1857636
1535.0 1857272
1535.5 1856880
1536.0 1857180
1536.5 1857132
1537.0 1851184
1538.3 1851184
1540.3 1851176
1540.9 1851176
1543.4 1851176
1546.1 1851176
1546.6 1851144
1549.0 1851144
1549.6 1851144
1553.1 1851144
1555.0 1851144
1556.6 1851176
1558.8 1851176
1559.5 1851176
1560.0 1856888
1560.5 1857048
1561.0 1856936
1561.5 1856920
1562.0 1856952
1562.5 1856952
1563.0 1856840
1563.5 1857408
1564.0 1857392
1564.5 1857328
1565.0 1857116
1565.5 1857132
1566.0 1857036
1566.5 1856956
1567.0 1857432
1567.5 1856912
1568.0 1856800
1568.5 1857100
1569.0 1856848
1569.5 1856768
1570.0 1856856
1570.5 1856888
1571.0 1856760
1571.5 1857824
1572.0 1857920
1572.5 1857556
1573.0 1857684
1573.5 1857684
1574.0 1857400
1574.5 1857036
1575.0 1856824
1575.5 1856824
1576.0 1857156
1576.5 1857312
1577.0 1857252
1577.5 1857564
1578.0 1857848
1578.5 1857468
1579.0 1857388
1579.5 1857436
1580.0 1857556
1580.5 1857556
1581.0 1857540
1581.5 1857444
1582.1 1851640
1582.6 1851608
1584.4 1851608
1584.9 1851608
1585.9 1851600
1587.2 1851600
1588.4 1851600
1590.1 1851600
1591.3 1851600
1593.4 1851568
1593.9 1851568
1596.3 1851568
1598.0 1851632
1598.7 1851632
1601.3 1851632
1603.1 1851632
1604.5 1851632
1605.0 1857424
1605.5 1857816
1606.0 1857724
1606.5 1857912
1607.0 1857360
1607.5 1857360
1608.0 1857612
1608.5 1857628
1609.0 1857596
1609.5 1857644
1610.0 1857508
1610.5 1857604
1611.0 1857636
1611.5 1857572
1612.0 1857572
1612.5 1857652
1613.0 1857540
1613.5 1857588
1614.0 1857716
1614.5 1857824
1615.0 1857952
1615.5 1857620
1616.0 1857780
1616.5 1857808
1617.0 1857684
1617.5 1857448
1618.0 1857496
1618.5 1857432
1619.0 1857352
1619.5 1857464
1620.0 1857264
1620.5 1857044
1621.0 1856932
1621.5 1857156
1622.0 1857076
1622.5 1856776
1623.0 1857296
1623.5 1857232
1624.0 1857360
1624.5 1857580
1625.0 1857684
1625.5 1857116
1626.0 1857224
1626.5 1856956
1628.6 1851056
1629.9 1851056
1631.5 1851048
1632.3 1851048
1635.9 1851016
1638.5 1851080
1640.0 1851080
1642.1 1851080
1644.2 1851080
1644.7 1851080
1645.2 1851080
1646.0 1851080
1646.9 1851080
1649.5 1851048
1650.0 1856760
1650.5 1856792
1651.0 1857028
1651.5 1857312
1652.0 1857408
1652.5 1857136
1653.0 1857232
1653.5 1857312
1654.0 1857344
1654.5 1857596
1655.0 1857476
1655.5 1858028
1656.0 1857824
1656.5 1857728
1657.0 1857748
1657.5 1857336
1658.0 1857240
1658.5 1857348
1659.0 1857648
1659.5 1857132
1660.0 1857800
1660.5 1857560
1661.0 1857704
1661.5 1857816
1662.0 1857768
1662.5 1857452
1663.0 1857752
1663.5 1857532
1664.0 1857784
1664.5 1857580
1665.0 1857444
1665.5 1857616
1666.0 1857352
1666.5 1857492
1667.0 1857428
1667.5 1857540
1668.0 1857460
1668.5 1857444
1669.0 1857444
1669.5 1857224
1670.0 1857532
1670.5 1857452
1671.0 1857924
1671.5 1857344
1673.4 1851852
1675.3 1851852
1677.1 1851844
1677.7 1851844
1680.6 1851844
1681.6 1851844
1683.3 1851844
1685.0 1851812
1686.8 1851812
1688.6 1851876
1690.5 1851876
1691.2 1851876
1693.1 1851876
1694.0 1851876
1694.5 1851876
1695.0 1857904
1695.5 1858048
1696.0 1857792
1696.5 1858028
1697.0 1857352
1697.5 1857116
1698.0 1857128
1698.5 1857856
1699.0 1857940
1699.5 1857368
1700.0 1857460
1700.5 1857760
1701.0 1857508
1701.5 1857664
1702.0 1857712
1702.5 1857564
1703.0 1857472
1703.5 1857136
1704.0 1857248
1704.5 1857248
1705.0 1857280
1705.5 1857580
1706.0 1857548
1706.5 1857672
1707.0 1857688
1707.5 1857840
1708.0 1857728
1708.5 1857572
1709.0 1857540
1709.5 1857348
1710.0 1857412
1710.5 1857712
1711.0 1856956
1711.5 1856800
1712.0 1856956
1712.5 1857216
1713.0 1857580
1713.5 1857640
1714.0 1857972
1714.5 1857644
1715.0 1857436
1715.5 1857452
1716.0 1857404
1716.5 1857484
1717.7 1851328
1718.2 1851352
1720.7 1851352
1721.2 1851352
1722.1 1851320
1722.6 1851320
1724.6 1851320
1725.2 1851320
1726.9 1851320
1727.4 1851320
1729.7 1851320
1732.7 1851288
1733.2 1851288
1734.0 1851288
1735.8 1851352
1737.8 1851352
1739.5 1851352
1740.0 1857516
1740.5 1857516
1741.0 1857768
1741.5 1857388
1742.0 1856728
1742.5 1856964
1743.0 1857108
1743.5 1857076
1744.0 1858012
1744.5 1857524
1745.0 1857548
1745.5 1857452
1746.0 1857768
1746.5 1856704
1747.0 1858100
1747.5 1857956
1748.0 1857720
1748.5 1857564
1749.0 1857500
1749.5 1857564
1750.0 1857552
1750.5 1857696
1751.0 1857412
1751.5 1857396
1752.0 1858260
1752.5 1857696
1753.0 1857744
1753.5 1857744
1754.0 1857428
1754.5 1857868
1755.0 1857704
1755.5 1857592
1756.0 1857640
1756.5 1857876
1757.0 1857736
1757.5 1857736
1758.0 1857688
1758.5 1857608
1759.0 1857452
1759.5 1857340
1760.0 1858060
1760.5 1857620
1761.0 1857144
1761.5 1855364
1762.2 1851192
1763.1 1851192
1763.6 1851192
1764.1 1851192
1764.8 1851192
1766.6 1851184
1767.1 1851184
1768.4 1851184
1771.6 1851152
1773.4 1851152
1774.5 1851216
1776.4 1851216
1778.3 1851216
1780.9 1851216
1781.7 1851216
1782.8 1851216
1783.8 1851184
1784.5 1851184
1785.0 1857532
1785.5 1857324
1786.0 1857712
1786.5 1857880
1787.0 1857948
1787.5 1858040
1788.0 1857900
1788.5 1857552
1789.0 1857712
1789.5 1857664
1790.0 1857672
1790.5 1858144
1791.0 1857576
1791.5 1857720
1792.0 1857640
1792.5 1857656
1793.0 1857640
1793.5 1857908
1794.0 1857608
1794.5 1857704
1795.0 1857696
1795.5 1857696
1796.0 1857332
1796.5 1857712
1797.0 1857680
1797.5 1858120
1798.0 1857208
1798.5 1857032
1799.0 1857112
1799.5 1857208
1800.0 1857008
1800.5 1856992
1801.0 1857104
1801.5 1857104
1802.0 1857356
1802.5 1857452
1803.0 1857072
1803.5 1857248
1804.0 1857292
1804.5 1857308
1805.0 1856860
1805.5 1857160
1806.0 1857696
1806.5 1856544
1808.6 1851468
1809.7 1851468
1811.6 1851524
1812.5 1851524
1814.5 1851524
1815.0 1851524
1816.8 1851524
1819.8 1851524
1820.5 1851492
1821.2 1851492
1822.3 1851492
1824.1 1851492
1824.6 1851492
1826.1 1851492
1827.3 1851524
1829.5 1851524
1830.0 1857568
1830.5 1857916
1831.0 1857344
1831.5 1857316
1832.0 1857664
1832.5 1857160
1833.0 1857208
1833.5 1857476
1834.0 1858056
1834.5 1857504
1835.0 1857436
1835.5 1857260
1836.0 1857908
1836.5 1857324
1837.0 1857796
1837.5 1857608
1838.0 1857640
1838.5 1857512
1839.0 1857544
1839.5 1857276
1840.0 1857284
1840.5 1857552
1841.0 1857424
1841.5 1857412
1842.0 1857428
1842.5 1857584
1843.0 1857788
1843.5 1857616
1844.0 1857584
1844.5 1857348
1845.0 1857412
1845.5 1857664
1846.0 1857256
1846.5 1857916
1847.0 1857552
1847.5 1857712
1848.0 1857456
1848.5 1857632
1849.0 1857680
1849.5 1858168
1850.0 1858348
1850.5 1857860
1851.0 1857876
1851.5 1857340
1852.0 1851572
1853.2 1851572
1854.0 1851572
1854.6 1851540
1855.4 1851532
1856.4 1851532
1858.4 1851532
1859.4 1851532
1861.2 1851532
1863.6 1851532
1864.1 1851532
1865.9 1851500
1867.0 1851500
1869.3 1851564
1871.1 1851564
1871.6 1851564
1874.0 1851564
1874.5 1851564
1875.0 1857908
1875.5 1857496
1876.0 1858268
1876.5 1857860
1877.0 1857432
1877.5 1857544
1878.0 1857432
1878.5 1857308
1879.0 1857356
1879.5 1857496
1880.0 1856936
1880.5 1857096
1881.0 1857140
1881.5 1857648
1882.0 1857520
1882.5 1857740
1883.0 1857884
1883.5 1857488
1884.0 1857344
1884.5 1857584
1885.0 1857512
1885.5 1858092
1886.0 1857936
1886.5 1857544
1887.0 1857796
1887.5 1857780
1888.0 1857484
1888.5 1857404
1889.0 1857468
1889.5 1857844
1890.0 1857676
1890.5 1857804
1891.0 1857488
1891.5 1857440
1892.0 1857552
1892.5 1857632
1893.0 1857836
1893.5 1857440
1894.0 1857392
1894.5 1857520
1895.0 1857828
1895.5 1857592
1896.0 1857700
1896.5 1854568
1897.0 1851372
1898.9 1851372
1900.0 1851372
1900.5 1851364
1902.3 1851364
1904.5 1851364
1905.0 1851364
1905.6 1851396
1906.7 1851396
1909.1 1851396
1911.0 1851396
1911.5 1851396
1913.3 1851396
1918.6 1851364
1919.4 1851364
1919.9 1857492
1920.4 1857940
1920.9 1857724
1921.4 1857268
1921.9 1857128
1922.4 1857460
1922.9 1857380
1923.4 1857172
1923.9 1857236
1924.4 1857252
1924.9 1857228
1925.4 1857244
1925.9 1856976
1926.4 1856960
1926.9 1857480
1927.4 1857804
1927.9 1857568
1928.4 1857980
1928.9 1857804
1929.4 1857900
1929.9 1857592
1930.4 1857712
1930.9 1857236
1931.4 1857396
1931.9 1857268
1932.4 1857568
1932.9 1857632
1933.4 1858024
1933.9 1857488
1934.4 1857380
1934.9 1857496
1935.4 1857436
1935.9 1857040
1936.4 1857008
1936.9 1856896
1937.4 1858928
1937.9 1859084
1938.4 1857764
1938.9 1857560
1939.4 1857780
1939.9 1857284
1940.4 1857488
1940.9 1857392
1941.4 1857820
1943.2 1851692
1944.9 1851692
1945.5 1851692
1947.5 1851716
1948.8 1851716
1949.3 1851716
1950.2 1851684
1951.6 1851684
1952.1 1851684
1952.7 1851684
1954.7 1851684
1956.4 1851684
1958.0 1851684
1962.3 1851652
1963.8 1851652
1964.5 1851652
1965.0 1857456
1965.5 1856828
1966.0 1857284
1966.5 1857364
1967.0 1857552
1967.5 1857112
1968.0 1857552
1968.5 1857456
1969.0 1857708
1969.5 1857724
1970.0 1857780
1970.5 1858176
1971.0 1857528
1971.5 1857432
1972.0 1857464
1972.5 1857640
1973.0 1857324
1973.5 1857324
1974.0 1857672
1974.5 1856944
1975.0 1857300
1975.5 1857156
1976.0 1857992
1976.5 1858068
1977.0 1858368
1977.5 1858096
1978.0 1857940
1978.5 1857292
1979.0 1857432
1979.5 1857480
1980.0 1857748
1980.5 1857796
1981.0 1857512
1981.5 1857892
1982.0 1857924
1982.5 1857828
1983.0 1857560
1983.5 1857500
1984.0 1857748
1984.5 1857796
1985.0 1857348
1985.5 1857728
1986.0 1857552
1986.5 1857440
1988.6 1851340
1991.4 1851332
1992.9 1851332
1993.9 1851332
1995.7 1851332
1996.4 1851332
1998.2 1851332
1998.9 1851300
2000.0 1851300
2000.5 1851332
2009.4 1851332
2009.9 1851300
2010.4 1851300
2010.9 1851428
2011.5 1854124
2012.3 1854124
2012.8 1854124
2013.3 1854316
2013.8 1854428
2014.3 1855276
2014.8 1857088
2015.3 1858332
2015.8 1858788
2016.3 1859320
2016.8 1858476
2017.3 1858732
2017.8 1859132
2018.3 1858532
2018.8 1858376
2019.3 1859360
2019.8 1858464
2020.3 1857704
2020.8 1858608
2021.3 1858420
2021.8 1859028
2022.3 1858860
2022.8 1857880
2023.3 1857804
2023.8 1858236
2024.3 1857416
2024.8 1857700
2025.3 1857372
2025.8 1857720
2026.3 1857640
2026.8 1857524
2027.3 1857812
2027.8 1857448
2028.3 1857700
2028.8 1857652
2029.3 1857772
2029.8 1857136
2030.3 1857552
2030.8 1857220
2031.3 1857464
2031.8 1857796
2032.3 1857432
2032.8 1857928
2033.3 1857456
2033.8 1857424
2034.3 1857488
2034.8 1857016
2035.3 1857236
2035.8 1857568
2036.3 1857196
2036.8 1858000
2037.3 1857496
2037.8 1857764
2038.3 1857552
2038.8 1857108
2039.3 1856856
2039.8 1856824
2040.3 1857660
2040.8 1851484
2042.8 1851448
2046.2 1851448
2048.2 1851448
2050.4 1851448
2050.9 1851448
2053.3 1851480
2054.5 1851480
2055.0 1858524
2055.5 1858744
2056.0 1858352
2056.5 1858020
2057.0 1857776
2057.5 1857408
2058.0 1857640
2058.5 1858384
2059.0 1857760
2059.5 1857964
2060.0 1857700
2060.5 1857228
2061.0 1857164
2061.5 1857888
2062.0 1857248
2062.5 1857708
2063.0 1857832
2063.5 1857632
2064.0 1857692
2064.5 1857540
2065.0 1857428
2065.5 1857260
2066.0 1857228
2066.5 1857280
2067.0 1857708
2067.5 1857456
2068.0 1857380
2068.5 1857408
2069.0 1857284
2069.5 1857440
2070.0 1858084
2070.5 1857768
2071.0 1857484
2071.5 1856964
2072.0 1856932
2072.5 1856968
2073.0 1856908
2073.5 1857760
2074.0 1857820
2074.5 1857988
2075.0 1858068
2075.5 1857740
2076.0 1857448
2076.5 1857368
2077.0 1857336
2077.5 1857616
2078.0 1857564
2078.5 1851728
2080.4 1851720
2081.9 1851720
2083.5 1851752
2084.0 1851752
2085.8 1851720
2088.1 1851720
2088.6 1851720
2089.1 1851720
2090.9 1851720
2093.4 1851720
2095.3 1851720
2096.8 1851720
2097.5 1851688
2098.0 1851688
2099.5 1851752
2100.0 1858460
2100.5 1857992
2101.0 1857756
2101.5 1857788
2102.0 1857548
2102.5 1857708
2103.0 1858040
2103.5 1857564
2104.0 1857724
2104.5 1857660
2105.0 1858084
2105.5 1859484
2106.0 1859280
2106.5 1859132
2107.0 1858464
2107.5 1857936
2108.0 1857636
2108.5 1857572
2109.0 1857384
2109.5 1857536
2110.0 1857412
2110.5 1857744
2111.0 1856988
2111.5 1856860
2112.0 1856784
2112.5 1857036
2113.0 1856892
2113.5 1857028
2114.0 1857184
2114.5 1857280
2115.0 1857068
2115.5 1856860
2116.0 1857860
2116.5 1857260
2117.0 1857504
2117.5 1857512
2118.0 1857608
2118.5 1857480
2119.0 1857448
2119.5 1857572
2120.0 1857676
2120.5 1857304
2121.0 1856016
2121.5 1855112
2122.0 1858140
2122.5 1857984
2123.0 1857752
2123.5 1858020
2124.0 1858044
2124.5 1858088
2125.0 1854408
2126.2 1851668
2127.0 1851668
2129.5 1851668
2131.7 1851628
2132.6 1851628
2134.3 1851692
2134.9 1851692
2135.4 1851692
2135.9 1851692
2136.7 1851692
2137.3 1851692
2139.1 1851660
2139.6 1851660
2143.5 1851660
2144.5 1851660
2145.0 1858380
2145.5 1857696
2146.0 1857712
2146.5 1857956
2147.0 1858084
2147.5 1857672
2148.0 1857988
2148.5 1857292
2149.0 1857648
2149.5 1857440
2150.0 1857964
2150.5 1856004
2151.0 1857752
2151.5 1857704
2152.0 1857688
2152.5 1857768
2153.0 1857704
2153.5 1857656
2154.0 1858352
2154.5 1858636
2155.0 1858036
2155.5 1857864
2156.0 1857892
2156.5 1857828
2157.0 1857688
2157.5 1857624
2158.0 1857672
2158.5 1857764
2159.0 1857544
2159.5 1857832
2160.0 1857820
2160.5 1857948
2161.0 1857980
2161.5 1857748
2162.0 1857892
2162.5 1858160
2163.0 1857576
2163.5 1857716
2164.0 1857924
2164.5 1858004
2165.0 1857212
2165.5 1857408
2166.0 1857376
2166.5 1857140
2167.0 1855880
2167.5 1851152
2169.4 1851184
2170.9 1851176
2173.5 1851176
2175.4 1851176
2176.0 1851176
2176.9 1851176
2177.4 1851176
2181.6 1851144
2182.9 1851144
2184.5 1851144
2188.6 1851144
2189.5 1851176
2190.0 1857912
2190.5 1857296
2191.0 1857372
2191.5 1858116
2192.0 1857628
2192.5 1857660
2193.0 1857724
2193.5 1857644
2194.0 1857992
2194.5 1857392
2195.0 1858524
2195.5 1857940
2196.0 1857388
2196.5 1857592
2197.0 1857468
2197.5 1857324
2198.0 1857396
2198.5 1857332
2199.0 1856940
2199.5 1857208
2200.0 1857692
2200.5 1857928
2201.0 1857564
2201.5 1857712
2202.0 1857928
2202.5 1857612
2203.0 1857644
2203.5 1857692
2204.0 1857532
2204.5 1857596
2205.0 1857888
2205.5 1857448
2206.0 1857368
2206.5 1857700
2207.0 1857636
2207.5 1857708
2208.0 1857896
2208.5 1857832
2209.0 1857644
2209.5 1857652
2210.0 1857456
2210.5 1857376
2211.0 1857392
2211.5 1857376
2212.0 1851664
2212.5 1851664
2213.2 1851664
2214.1 1851696
2216.4 1851692
2218.2 1851660
2219.1 1851660
2220.9 1851660
2222.8 1851660
2223.8 1851660
2226.5 1851660
2227.0 1851660
2228.0 1851660
2229.3 1851628
2231.7 1851628
2232.4 1851628
2232.9 1851692
2234.5 1851692
2235.0 1857072
2235.5 1857260
2236.0 1857056
2236.5 1857008
2237.0 1857008
2237.5 1856868
2238.0 1856628
2238.5 1857592
2239.0 1857484
2239.5 1857184
2240.0 1857680
2240.5 1857540
2241.0 1857568
2241.5 1857048
2242.0 1857488
2242.5 1857252
2243.0 1857788
2243.5 1857488
2244.0 1857964
2244.5 1857852
2245.0 1857860
2245.5 1857780
2246.0 1857716
2246.5 1857340
2247.0 1857308
2247.5 1857292
2248.0 1857560
2248.5 1857512
2249.0 1857412
2249.5 1857252
2250.0 1857584
2250.5 1857620
2251.0 1857652
2251.5 1857476
2252.0 1857888
2252.5 1858048
2253.0 1857760
2253.5 1856704
2254.0 1856532
2254.5 1857100
2255.0 1856988
2255.5 1857240
2256.0 1857524
2256.5 1857668
2257.0 1851360
2259.3 1851360
2261.1 1851320
2262.5 1851320
2264.5 1851320
2265.2 1851320
2266.3 1851320
2267.7 1851320
2268.8 1851320
2269.7 1851320
2270.8 1851352
2272.4 1851352
2274.0 1851352
2274.9 1851352
2275.5 1851352
2277.5 1851352
2278.2 1851352
2278.9 1851352
2279.5 1851320
2280.0 1858548
2280.5 1857952
2281.0 1857476
2281.5 1857632
2282.0 1857540
2282.5 1857272
2283.0 1857164
2283.5 1857336
2284.0 1857476
2284.5 1857524
2285.0 1857748
2285.5 1857812
2286.0 1857624
2286.5 1857720
2287.0 1857496
2287.5 1857528
2288.0 1857276
2288.5 1857764
2289.0 1857716
2289.5 1857812
2290.0 1858572
2290.5 1858612
2291.0 1857956
2291.5 1857580
2292.0 1857612
2292.5 1857720
2293.0 1857548
2293.5 1858084
2294.0 1857256
2294.5 1857648
2295.0 1858240
2295.5 1857832
2296.0 1857232
2296.5 1857232
2297.0 1857296
2297.5 1857312
2298.0 1857628
2298.5 1857140
2299.0 1857940
2299.5 1857660
2300.0 1857620
2300.5 1858484
2301.0 1856084
2301.5 1855964
2302.0 1858324
2302.5 1858108
2303.0 1852172
2303.7 1852172
2306.9 1852164
2307.4 1852164
2308.1 1852164
2308.6 1852164
2309.5 1852164
2310.3 1852132
2310.8 1852132
2312.7 1852132
2313.2 1852132
2313.7 1852132
2314.3 1852164
2315.5 1852164
2316.5 1852164
2317.1 1852132
2318.9 1852132
2320.5 1852132
2321.5 1852132
2323.4 1852132
2323.9 1852132
2324.5 1852132
2325.0 1858628
2325.5 1858264
2326.0 1858448
2326.5 1858504
2327.0 1858276
2327.5 1857976
2328.0 1857504
2328.5 1856856
2329.0 1856872
2329.5 1856904
2330.0 1858352
2330.5 1857928
2331.0 1858240
2331.5 1857816
2332.0 1857800
2332.5 1857688
2333.0 1857924
2333.5 1858160
2334.0 1857452
2334.5 1857532
2335.0 1857776
2335.5 1857744
2336.0 1857712
2336.5 1857760
2337.0 1857428
2337.5 1857316
2338.0 1857600
2338.5 1857776
2339.0 1857916
2339.5 1857932
2340.0 1857828
2340.5 1857956
2341.0 1857704
2341.5 1857516
2342.0 1857168
2342.5 1857088
2343.0 1857452
2343.5 1857188
2344.0 1857540
2344.5 1858056
2345.0 1857624
2345.5 1857592
2346.0 1857436
2346.5 1857340
2347.0 1851020
2347.6 1851020
2348.2 1851020
2348.8 1851020
2350.3 1851076
2351.9 1851044
2353.0 1851044
2354.2 1851044
2356.9 1851044
2359.1 1851044
2361.2 1851044
2361.7 1851044
2363.4 1851012
2364.8 1851012
2366.9 1851012
2367.9 1851012
2369.5 1851044
2370.0 1858472
2370.5 1857356
2371.0 1857624
2371.5 1857196
2372.0 1858192
2372.5 1857924
2373.0 1857640
2373.5 1857404
2374.0 1857560
2374.5 1857940
2375.0 1857932
2375.5 1857836
2376.0 1857820
2376.5 1857664
2377.0 1857808
2377.5 1857160
2378.0 1857208
2378.5 1857444
2379.0 1857492
2379.5 1857460
2380.0 1857308
2380.5 1857720
2381.0 1857640
2381.5 1857252
2382.0 1856864
2382.5 1857940
2383.0 1858192
2383.5 1859100
2384.0 1858056
2384.5 1857892
2385.0 1858112
2385.5 1858912
2386.0 1857544
2386.5 1857364
2387.0 1857368
2387.5 1857644
2388.0 1857816
2388.5 1858772
2389.0 1859072
2389.5 1859132
2390.0 1858224
2390.5 1857904
2391.0 1858476
2391.5 1858364
2392.0 1857728
2392.5 1858200
2393.0 1857932
2393.5 1859176
2394.0 1858252
2394.5 1858348
2395.0 1858364
2395.5 1858364
2396.0 1858492
2396.5 1858192
2397.0 1852156
2398.6 1852148
2400.1 1852180
2401.6 1852180
2402.1 1852180
2404.5 1852148
2406.3 1852148
2408.3 1852148
2410.1 1852148
2410.6 1852148
2411.8 1852148
2414.5 1852148
2415.0 1857716
2415.5 1857512
2416.0 1857828
2416.5 1857624
2417.0 1857136
2417.5 1857072
2418.0 1857324
2418.5 1857308
2419.0 1857656
2419.5 1857784
2420.0 1857820
2420.5 1858816
2421.0 1858908
2421.5 1858476
2422.0 1858712
2422.5 1858804
2423.0 1859532
2423.5 1859624
2424.0 1859588
2424.5 1859348
2425.0 1858988
2425.5 1858608
2426.0 1859464
2426.5 1859644
2427.0 1859172
2427.5 1858308
2428.0 1858200
2428.5 1858088
2429.0 1858200
2429.5 1858184
2430.0 1858588
2430.5 1858148
2431.0 1858132
2431.5 1858180
2432.0 1858044
2432.5 1857848
2433.0 1857816
2433.5 1857880
2434.0 1857896
2434.5 1857748
2435.0 1858488
2435.5 1858092
2436.0 1857916
2436.5 1857980
2437.0 1857808
2437.5 1857540
2438.0 1857572
2438.5 1857548
2439.0 1857896
2439.5 1858100
2440.0 1858156
2440.5 1858108
2441.0 1858360
2441.5 1857820
2442.0 1858960
2442.5 1859020
2443.0 1852048
2443.5 1852048
2444.0 1852016
2444.5 1852016
2446.3 1852012
2448.2 1852012
2448.8 1852012
2450.4 1852044
2454.1 1852044
2455.8 1852012
2456.3 1852012
2456.8 1852012
2458.6 1852012
2459.3 1852012
2459.8 1854376
2460.3 1859008
2460.8 1858644
2461.3 1858144
2461.8 1858604
2462.3 1858640
2462.8 1858592
2463.3 1857612
2463.8 1858104
2464.3 1858300
2464.8 1858356
2465.3 1857944
2465.8 1858420
2466.3 1858104
2466.8 1858200
2467.3 1858340
2467.8 1857668
2468.3 1858176
2468.8 1858064
2469.3 1858092
2469.8 1857716
2470.3 1858084
2470.8 1858140
2471.3 1857840
2471.8 1857932
2472.3 1858360
2472.8 1858216
2473.3 1859424
2473.8 1858384
2474.3 1857864
2474.8 1857736
2475.3 1857900
2475.8 1858104
2476.3 1858244
2476.8 1858368
2477.3 1858308
2477.8 1858072
2478.3 1857708
2478.8 1857692
2479.3 1857708
2479.8 1857504
2480.3 1857604
2480.8 1857716
2481.3 1857860
2481.8 1857668
2482.3 1857860
2482.8 1857828
2483.3 1851924
2483.8 1851924
2484.3 1851924
2484.8 1851988
2486.7 1851948
2488.5 1851948
2492.2 1851948
2492.7 1851948
2493.2 1851948
2493.7 1851948
2494.3 1851948
2494.8 1851948
2496.9 1851916
2497.4 1851916
2497.9 1851916
2499.9 1851916
2500.4 1851916
2502.4 1851948
2504.1 1851948
2504.6 1854092
2505.1 1857736
2505.6 1858104
2506.1 1857676
2506.6 1857660
2507.1 1858072
2507.6 1858008
2508.1 1857928
2508.6 1858260
2509.1 1858136
2509.6 1858100
2510.1 1858052
2510.6 1859044
2511.1 1858012
2511.6 1857884
2512.1 1858344
2512.6 1858076
2513.1 1857872
2513.6 1858076
2514.1 1858232
2514.6 1857988
2515.1 1857752
2515.6 1857768
2516.1 1857244
2516.6 1857800
2517.1 1857688
2517.6 1857860
2518.1 1857784
2518.6 1857688
2519.1 1857848
2519.6 1857736
2520.1 1857620
2520.6 1857528
2521.1 1857480
2521.6 1857592
2522.1 1857352
2522.6 1857780
2523.1 1857636
2523.6 1857976
2524.1 1857992
2524.6 1857976
2525.1 1857968
2525.6 1857984
2526.1 1858284
2526.6 1859848
2527.1 1857748
2527.6 1851948
2529.4 1851948
2532.6 1851908
2534.7 1851908
2535.2 1851972
2537.2 1851972
2539.0 1851972
2539.5 1851972
2543.1 1851972
2543.6 1851972
2544.1 1851940
2544.6 1851940
2546.0 1851940
2547.1 1851940
2547.6 1851940
2548.1 1851940
2548.6 1851940
2549.4 1851972
2549.9 1858116
2550.4 1858364
2550.9 1858064
2551.4 1858332
2551.9 1857872
2552.4 1858284
2552.9 1857968
2553.4 1857576
2553.9 1857560
2554.4 1857608
2554.9 1857552
2555.4 1857416
2555.9 1857544
2556.4 1857180
2556.9 1857544
2557.4 1858348
2557.9 1858148
2558.4 1857692
2558.9 1858148
2559.4 1858228
2559.9 1858212
2560.4 1858192
2560.9 1858176
2561.4 1857876
2561.9 1857972
2562.4 1857868
2562.9 1858368
2563.4 1858160
2563.9 1858304
2564.4 1858184
2564.9 1857992
2565.4 1857928
2565.9 1858260
2566.4 1858212
2566.9 1858228
2567.4 1858388
2567.9 1858300
2568.4 1858480
2568.9 1859064
2569.4 1858624
2569.9 1858112
2570.4 1857800
2570.9 1857764
2571.4 1857876
2571.9 1857796
2572.4 1852176
2573.2 1852176
2573.7 1852176
2578.5 1852152
2579.0 1852184
2579.5 1852184
2583.1 1852152
2586.8 1852120
2588.6 1852120
2589.1 1852120
2589.6 1852120
2590.1 1852120
2590.6 1852120
2594.5 1852120
2595.0 1858504
2595.5 1858660
2596.0 1858188
2596.5 1857936
2597.0 1857792
2597.5 1857652
2598.0 1858120
2598.5 1858172
2599.0 1858416
2599.5 1858164
2600.0 1858004
2600.5 1858004
2601.0 1857764
2601.5 1858284
2602.0 1857988
2602.5 1858512
2603.0 1859096
2603.5 1857772
2604.0 1859256
2604.5 1859360
2605.0 1859616
2605.5 1858980
2606.0 1858088
2606.5 1857980
2607.0 1858232
2607.5 1857860
2608.0 1858084
2608.5 1858256
2609.0 1858176
2609.5 1859396
2610.0 1859344
2610.5 1858988
2611.0 1858516
2611.5 1858564
2612.0 1857916
2612.5 1857980
2613.0 1857900
2613.5 1858184
2614.0 1857836
2614.5 1857712
2615.0 1857772
2615.5 1857912
2616.0 1857928
2616.5 1857676
2617.0 1857676
2617.5 1857628
2618.0 1853076
2618.5 1851988
2622.2 1851948
2622.7 1851948
2623.2 1851948
2624.7 1851948
2625.2 1851948
2626.0 1851948
2628.0 1851948
2629.5 1851980
2630.0 1851948
2630.5 1851948
2631.0 1851948
2632.6 1851948
2635.3 1851948
2635.8 1851948
2636.3 1851948
2638.3 1851948
2638.8 1851948
2639.5 1851916
2640.0 1857976
2640.5 1858180
2641.0 1857992
2641.5 1858048
2642.0 1858060
2642.5 1858084
2643.0 1857944
2643.5 1858040
2644.0 1857880
2644.5 1857976
2645.0 1857952
2645.5 1857792
2646.0 1858000
2646.5 1857968
2647.0 1858780
2647.5 1858860
2648.0 1859012
2648.5 1858888
2649.0 1858484
2649.5 1859008
2650.0 1859224
2650.5 1858364
2651.0 1858224
2651.5 1858080
2652.0 1858112
2652.5 1858492
2653.0 1858096
2653.5 1857972
2654.0 1857924
2654.5 1857988
2655.0 1858268
2655.5 1857872
2656.0 1857952
2656.5 1858172
2657.0 1858328
2657.5 1857984
2658.0 1858048
2658.5 1857544
2659.0 1857352
2659.5 1857308
2660.0 1857564
2660.5 1857628
2661.0 1857800
2661.5 1858024
2662.0 1858244
2662.5 1857836
2663.0 1857992
2663.5 1851624
2664.0 1851624
2664.5 1851624
2665.2 1851616
2665.7 1851584
2666.2 1851584
2668.7 1851584
2669.2 1851584
2669.7 1851584
2670.2 1851584
2670.7 1851584
2671.2 1851584
2672.0 1851584
2673.0 1851584
2673.5 1851616
2677.1 1851616
2677.7 1851616
2678.2 1851616
2678.8 1851616
2679.6 1851616
2680.8 1851616
2681.3 1851584
2683.2 1851584
2683.7 1851584
2684.5 1851584
2685.0 1857736
2685.5 1857924
2686.0 1858956
2686.5 1858808
2687.0 1858792
2687.5 1859144
2688.0 1857996
2688.5 1858044
2689.0 1858312
2689.5 1857840
2690.0 1857904
2690.5 1857856
2691.0 1857816
2691.5 1857676
2692.0 1858436
2692.5 1857936
2693.0 1858000
2693.5 1857644
2694.0 1857816
2694.5 1857552
2695.0 1857456
2695.5 1857588
2696.0 1857544
2696.5 1858148
2697.0 1857768
2697.5 1858024
2698.0 1858308
2698.5 1858132
2699.0 1858244
2699.5 1857880
2700.0 1857800
2700.5 1857328
2701.0 1857188
2701.5 1857156
2702.0 1857124
2702.5 1857108
2703.0 1856984
2703.5 1856980
2704.0 1857140
2704.5 1857248
2705.0 1857344
2705.5 1857360
2706.0 1857596
2706.5 1857388
2707.0 1857212
2707.5 1857432
2708.0 1851736
2709.8 1851736
2710.3 1851736
2711.3 1851736
2714.9 1851732
2716.8 1851700
2719.0 1851700
2719.5 1851700
2721.3 1851764
2721.8 1851764
2722.3 1851764
2722.8 1851764
2723.3 1851764
2723.8 1851764
2725.5 1851732
2727.3 1851732
2727.8 1851732
2728.4 1851732
2729.5 1851732
2730.0 1851732
2730.5 1859472
2731.0 1858760
2731.5 1858968
2732.0 1858020
2732.5 1858228
2733.0 1858180
2733.5 1857968
2734.0 1858188
2734.5 1857952
2735.0 1857540
2735.5 1858204
2736.0 1858660
2736.5 1858092
2737.0 1858076
2737.5 1857968
2738.0 1857920
2738.5 1857888
2739.0 1857856
2739.5 1858904
2740.0 1859196
2740.5 1858356
2741.0 1858168
2741.5 1857916
2742.0 1857820
2742.5 1857916
2743.0 1857756
2743.5 1858200
2744.0 1858088
2744.5 1858232
2745.0 1858260
2745.5 1858404
2746.0 1858732
2746.5 1858452
2747.0 1858008
2747.5 1857868
2748.0 1857724
2748.5 1858308
2749.0 1858216
2749.5 1857756
2750.0 1857804
2750.5 1857868
2751.0 1857740
2751.5 1857992
2752.0 1858168
2752.5 1851164
2756.2 1851228
2757.5 1851196
2759.4 1851196
2759.9 1851196
2760.4 1851196
2763.4 1851196
2765.3 1851196
2767.2 1851196
2770.1 1851228
2772.0 1851228
2774.1 1851228
2774.6 1851228
2775.1 1857716
2775.6 1858232
2776.1 1858380
2776.6 1857892
2777.1 1857972
2777.6 1858144
2778.1 1858000
2778.6 1859704
2779.1 1859268
2779.6 1858504
2780.1 1858204
2780.6 1857916
2781.1 1858288
2781.6 1858064
2782.1 1857748
2782.6 1857764
2783.1 1857780
2783.6 1857592
2784.1 1857860
2784.6 1858192
2785.1 1857720
2785.6 1858128
2786.1 1858284
2786.6 1858096
2787.1 1857780
2787.6 1858128
2788.1 1857940
2788.6 1858128
2789.1 1858052
2789.6 1857240
2790.1 1858440
2790.6 1858124
2791.1 1857916
2791.6 1858456
2792.1 1858116
2792.6 1858100
2793.1 1857664
2793.6 1858092
2794.1 1858140
2794.6 1857492
2795.1 1857748
2795.6 1857540
2796.1 1857652
2796.6 1857684
2797.1 1851528
2798.9 1851528
2799.4 1851528
2799.9 1851528
2800.4 1851528
2802.5 1851556
2803.0 1851556
2803.5 1851556
2805.3 1851524
2806.3 1851524
2806.8 1851524
2807.3 1851524
2810.9 1851524
2812.8 1851524
2813.3 1851524
2813.8 1851492
2814.3 1851556
2816.1 1851556
2816.6 1851556
2818.5 1851556
2819.5 1851556
2820.0 1858876
2820.5 1858796
2821.0 1858128
2821.5 1857972
2822.0 1857844
2822.5 1857716
2823.0 1858064
2823.5 1857876
2824.0 1857608
2824.5 1857688
2825.0 1857860
2825.5 1858016
2826.0 1857184
2826.5 1857404
2827.0 1858500
2827.5 1858360
2828.0 1858868
2828.5 1859028
2829.0 1858588
2829.5 1858128
2830.0 1858208
2830.5 1857860
2831.0 1857688
2831.5 1857720
2832.0 1857512
2832.5 1857576
2833.0 1857576
2833.5 1857276
2834.0 1857324
2834.5 1857752
2835.0 1857556
2835.5 1857668
2836.0 1857508
2836.5 1857764
2837.0 1858204
2837.5 1858124
2838.0 1858124
2838.5 1858156
2839.0 1857964
2839.5 1858348
2840.0 1858620
2840.5 1858604
2841.0 1857800
2841.5 1858164
2842.0 1852024
2845.9 1851992
2849.5 1851992
2850.0 1851992
2850.5 1851992
2853.5 1852024
2854.0 1852024
2855.9 1852024
2857.4 1852024
2859.3 1851992
2861.4 1851992
2861.9 1851992
2862.4 1851992
2864.2 1851992
2864.7 1851992
2865.2 1851992
2865.7 1857580
2866.2 1857880
2866.7 1857912
2867.2 1857988
2867.7 1857752
2868.2 1857512
2868.7 1857964
2869.2 1858188
2869.7 1858012
2870.2 1857792
2870.7 1857900
2871.2 1857932
2871.7 1857804
2872.2 1857964
2872.7 1857804
2873.2 1857868
2873.7 1857656
2874.2 1857860
2874.7 1857956
2875.2 1857468
2875.7 1857840
2876.2 1858204
2876.7 1858360
2877.2 1858108
2877.7 1858360
2878.2 1858092
2878.7 1858172
2879.2 1857980
2879.7 1858172
2880.2 1858172
2880.7 1857872
2881.2 1857952
2881.7 1857776
2882.2 1858076
2882.7 1858000
2883.2 1857872
2883.7 1858220
2884.2 1857888
2884.7 1857888
2885.2 1857824
2885.7 1857680
2886.2 1857176
2886.7 1857128
2887.2 1857040
2887.7 1851368
2888.2 1851368
2890.0 1851368
2890.5 1851368
2891.3 1851332
2891.8 1851332
2892.3 1851332
2897.6 1851332
2900.9 1851364
2908.2 1851332
2908.7 1851332
2909.2 1851332
2909.7 1858232
2910.2 1857456
2910.7 1857752
2911.2 1857752
2911.7 1858052
2912.2 1858020
2912.7 1858052
2913.2 1857956
2913.7 1857768
2914.2 1857832
2914.7 1858076
2915.2 1859216
2915.7 1859384
2916.2 1858172
2916.7 1857828
2917.2 1857980
2917.7 1857400
2918.2 1857336
2918.7 1858044
2919.2 1857980
2919.7 1857992
2920.2 1858120
2920.7 1858088
2921.2 1857504
2921.7 1857820
2922.2 1857584
2922.7 1857836
2923.2 1857756
2923.7 1857536
2924.2 1857788
2924.7 1858004
2925.2 1858164
2925.7 1857628
2926.2 1857864
2926.7 1857832
2927.2 1857816
2927.7 1858300
2928.2 1858296
2928.7 1857904
2929.2 1858460
2929.7 1858172
2930.2 1858016
2930.7 1858000
2931.2 1857888
2931.7 1851920
2932.2 1851920
2932.9 1851920
2933.5 1851920
2934.0 1851920
2934.5 1851920
2935.0 1851920
2935.5 1851920
2936.0 1851920
2936.5 1851920
2939.7 1851888
2940.2 1851888
2940.7 1851888
2941.2 1851920
2943.0 1851920
2944.9 1851920
2945.5 1851920
2947.0 1851888
2947.5 1851888
2952.8 1851888
2953.3 1851888
2954.5 1851888
2955.0 1858132
2955.5 1858228
2956.0 1858196
2956.5 1857944
2957.0 1857724
2957.5 1857628
2958.0 1857260
2958.5 1857472
2959.0 1858728
2959.5 1858228
2960.0 1857972
2960.5 1857356
2961.0 1857732
2961.5 1858128
2962.0 1857780
2962.5 1857844
2963.0 1857828
2963.5 1857892
2964.0 1857796
2964.5 1858412
2965.0 1857872
2965.5 1857808
2966.0 1858124
2966.5 1857824
2967.0 1858280
2967.5 1857572
2968.0 1858488
2968.5 1857840
2969.0 1857936
2969.5 1858076
2970.0 1859008
2970.5 1858900
2971.0 1858164
2971.5 1858148
2972.0 1858432
2972.5 1857864
2973.0 1858052
2973.5 1858036
2974.0 1857988
2974.5 1858180
2975.0 1858016
2975.5 1858236
2976.0 1858188
2976.5 1858172
2977.0 1852152
2977.5 1852152
2978.0 1852152
2981.9 1852180
2982.4 1852180
2983.4 1852180
2983.9 1852180
2985.9 1852180
2986.4 1852180
2986.9 1852180
2987.4 1852180
2987.9 1852180
2988.4 1852148
2988.9 1852148
2990.6 1852148
2991.1 1852148
2991.6 1852148
2992.1 1852180
2994.0 1852180
2998.0 1852148
2998.6 1852148
2999.1 1852148
2999.6 1852148
3000.1 1857820
