1.8 1830000
3.6 1829968
4.9 1829968
6.7 1829968
7.2 1829968
8.5 1829968
10.3 1830000
10.8 1830000
12.7 1830000
16.2 1829968
18.1 1829968
18.6 1829968
19.1 1829968
19.6 1829968
23.2 1829968
23.7 1829968
27.2 1829968
29.0 1829936
29.5 1830000
30.0 1830000
30.5 1832784
31.8 1832784
32.3 1832864
32.8 1832864
33.3 1833072
33.8 1833456
34.3 1834304
34.8 1835728
35.3 1837112
35.8 1837468
36.3 1838288
36.8 1838356
37.3 1839604
37.8 1838700
38.3 1838500
38.8 1839612
39.3 1838540
39.8 1839048
40.3 1839384
40.8 1839208
41.3 1839192
41.8 1838260
42.3 1838612
42.8 1838028
43.3 1838136
43.8 1838624
44.3 1838592
44.8 1838908
45.3 1838840
45.8 1839092
46.3 1839408
46.8 1838340
47.3 1838376
47.8 1838264
48.3 1838484
48.8 1838312
49.3 1838484
49.8 1838452
50.3 1838360
50.8 1838044
51.3 1838124
51.8 1837968
52.3 1838344
52.8 1838328
53.3 1838692
53.8 1838612
54.3 1839084
54.8 1839704
55.3 1838956
55.8 1838524
56.3 1838272
56.8 1838128
57.3 1838444
57.8 1838508
58.3 1838208
58.8 1832336
61.2 1832332
61.8 1832332
62.7 1832300
63.2 1832300
64.9 1832300
65.4 1832300
67.3 1832300
67.8 1832300
69.5 1832300
70.0 1832300
70.5 1832300
72.3 1832332
74.1 1832332
74.6 1832332
75.1 1838780
75.6 1839028
76.1 1839592
76.6 1839548
77.1 1838964
77.6 1838780
78.1 1838180
78.6 1838528
79.1 1838748
79.6 1838684
80.1 1838368
80.6 1838352
81.1 1838824
81.6 1839252
82.1 1838936
82.6 1838320
83.1 1838524
83.6 1838448
84.1 1838716
84.6 1838556
85.1 1838944
85.6 1838676
86.1 1838692
86.6 1838456
87.1 1838576
87.6 1838928
88.1 1838644
88.6 1838612
89.1 1838628
89.6 1838360
90.1 1838324
90.6 1838656
91.1 1838152
91.6 1838420
92.1 1838592
92.6 1839112
93.1 1838956
93.6 1837964
94.1 1838656
94.6 1838104
95.1 1838096
95.6 1838096
96.1 1838128
96.6 1838096
97.1 1832336
97.6 1832336
99.5 1832400
101.3 1832396
103.1 1832396
103.6 1832396
105.4 1832396
107.3 1832396
107.8 1832396
108.3 1832364
110.1 1832364
110.6 1832364
111.1 1832364
112.9 1832364
117.9 1832396
119.5 1832396
120.0 1839208
120.5 1838704
121.0 1838944
121.5 1838472
122.0 1838816
122.5 1838660
123.0 1838596
123.5 1838532
124.0 1838564
124.5 1838500
125.0 1838752
125.5 1838356
126.0 1838592
126.5 1838560
127.0 1838576
127.5 1838516
128.0 1838972
128.5 1838592
129.0 1838876
129.5 1838668
130.0 1838524
130.5 1838696
131.0 1838620
131.5 1838872
132.0 1838856
132.5 1838840
133.0 1838492
133.5 1838848
134.0 1838352
134.5 1838444
135.0 1839036
135.5 1838360
136.0 1838360
136.5 1838376
137.0 1838596
137.5 1838848
138.0 1838896
138.5 1838564
139.0 1838832
139.5 1838660
140.0 1838336
140.5 1838556
141.0 1838448
141.5 1838368
142.0 1832600
143.9 1832600
145.7 1832592
146.2 1832592
148.1 1832592
151.6 1832592
153.4 1832592
155.2 1832592
155.7 1832592
159.2 1832560
161.0 1832624
161.5 1832624
163.3 1832624
163.8 1832624
164.3 1832624
164.8 1832624
165.3 1838628
165.8 1838676
166.3 1838784
166.8 1838660
167.3 1838628
167.8 1838660
168.3 1838012
168.8 1838516
169.3 1838472
169.8 1838248
170.3 1838208
170.8 1837984
171.3 1838032
171.8 1838032
172.3 1838204
172.8 1838096
173.3 1838820
173.8 1838584
174.3 1838632
174.8 1838948
175.3 1838420
175.8 1838200
176.3 1838612
176.8 1838548
177.3 1838548
177.8 1838360
178.3 1838532
178.8 1838296
179.3 1838708
179.8 1838500
180.3 1838572
180.8 1838588
181.3 1838588
181.8 1838540
182.3 1838492
182.8 1838604
183.3 1838556
183.8 1838636
184.3 1838476
184.8 1839296
185.3 1838788
185.8 1839040
186.3 1838568
186.8 1838584
187.3 1832320
187.8 1832384
188.3 1832384
190.1 1832384
192.0 1832376
193.8 1832376
195.6 1832376
199.2 1832344
202.8 1832344
204.7 1832344
206.5 1832344
207.0 1832344
207.5 1832344
208.0 1832408
209.5 1832376
210.0 1839304
210.5 1838360
211.0 1838564
211.5 1838612
212.0 1838612
212.5 1838516
213.0 1838880
213.5 1838864
214.0 1838784
214.5 1838784
215.0 1839176
215.5 1838676
216.0 1838272
216.5 1838596
217.0 1838912
217.5 1838392
218.0 1837920
218.5 1837920
219.0 1837700
219.5 1837952
220.0 1837872
220.5 1838140
221.0 1838016
221.5 1839892
222.0 1838684
222.5 1838480
223.0 1838384
223.5 1838432
224.0 1838700
224.5 1838572
225.0 1838636
225.5 1838556
226.0 1838588
226.5 1838444
227.0 1838488
227.5 1838780
228.0 1838840
228.5 1838588
229.0 1838588
229.5 1838652
230.0 1838744
230.5 1838748
231.0 1839076
231.5 1838952
232.0 1832940
232.5 1832940
233.0 1832940
233.5 1832940
234.3 1832940
235.6 1832940
236.8 1832940
237.3 1832940
239.1 1832908
240.3 1832908
242.0 1832908
242.7 1832908
243.6 1832908
244.7 1832940
245.3 1832940
246.3 1832940
246.8 1832908
247.7 1832908
248.2 1832908
250.0 1832908
250.5 1832908
251.0 1832908
251.6 1832908
252.1 1832908
252.6 1832908
253.6 1832876
254.3 1832876
254.8 1839892
255.3 1838636
255.8 1838636
256.3 1838480
256.8 1838524
257.3 1838476
257.8 1839120
258.3 1838720
258.8 1838864
259.3 1838928
259.8 1838644
260.3 1838768
260.8 1838532
261.3 1838896
261.8 1838896
262.3 1838484
262.8 1838848
263.3 1838884
263.8 1838408
264.3 1838376
264.8 1838376
265.3 1838328
265.8 1839228
266.3 1838516
266.8 1838724
267.3 1838500
267.8 1838564
268.3 1838452
268.8 1838516
269.3 1838580
269.8 1838628
270.3 1838548
270.8 1838644
271.3 1838468
271.8 1838612
272.3 1838396
272.8 1838904
273.3 1838540
273.8 1838460
274.3 1838524
274.8 1838652
275.3 1838196
275.8 1838196
276.3 1838336
276.8 1838508
277.3 1832464
277.9 1832464
279.6 1832432
280.1 1832432
281.9 1832432
282.4 1832432
286.5 1832432
287.4 1832432
287.9 1832432
288.4 1832432
289.4 1832432
289.9 1832464
290.4 1832464
292.0 1832464
292.5 1832464
294.5 1832464
295.0 1832464
295.9 1832464
296.4 1832464
299.3 1832432
299.8 1839620
300.3 1838860
300.8 1838596
301.3 1838500
301.8 1838420
302.3 1837792
302.8 1838152
303.3 1838296
303.8 1838500
304.3 1839084
304.8 1838832
305.3 1838832
305.8 1838452
306.3 1838532
306.8 1838548
307.3 1838296
307.8 1838596
308.3 1838460
308.8 1838684
309.3 1838684
309.8 1838476
310.3 1838100
310.8 1838180
311.3 1838368
311.8 1838840
312.3 1838604
312.8 1838508
313.3 1838336
313.8 1838480
314.3 1838116
314.8 1838068
315.3 1837956
315.8 1837832
316.3 1837800
316.8 1837896
317.3 1837752
317.8 1838368
318.3 1838476
318.8 1838432
319.3 1838392
319.8 1838676
320.3 1839020
320.8 1838784
321.3 1837584
321.8 1834860
322.3 1832024
324.0 1831992
324.6 1831992
325.2 1831992
325.7 1831992
326.4 1831992
329.3 1831992
329.8 1831992
332.6 1831992
335.0 1832024
336.0 1834572
336.5 1834792
337.0 1835544
337.5 1838064
339.0 1835808
339.9 1835808
340.4 1835808
341.4 1835776
343.0 1835776
344.1 1835768
344.6 1835768
345.1 1842404
345.6 1843536
346.1 1844160
346.6 1843568
347.1 1843644
347.6 1842632
348.1 1842632
348.6 1842348
349.1 1842348
349.6 1842236
350.1 1842340
350.6 1842512
351.1 1842828
351.6 1843200
352.1 1843468
352.6 1842592
353.1 1842592
353.6 1842796
354.1 1843112
354.6 1843160
355.1 1842820
355.6 1842740
356.1 1842756
356.6 1842852
357.1 1842268
357.6 1842648
358.1 1843324
358.6 1842772
359.1 1842852
359.6 1842724
360.1 1842640
360.6 1842576
361.1 1842608
361.6 1842592
362.1 1842292
362.6 1842656
363.1 1842892
363.6 1842908
364.1 1842448
364.6 1842368
365.1 1842144
365.6 1842568
366.1 1842616
366.6 1843104
367.1 1836828
367.6 1836828
368.2 1836828
369.3 1836828
369.8 1836828
371.7 1836824
373.2 1836792
375.1 1836792
375.6 1836792
376.2 1836856
376.7 1836856
377.2 1836856
377.7 1836856
379.5 1836856
380.0 1836856
381.2 1836824
383.0 1836824
385.1 1836824
385.9 1836824
387.1 1836824
387.6 1836824
388.1 1836824
389.2 1836824
389.7 1843984
390.2 1843068
390.7 1842940
391.2 1843164
391.7 1842816
392.2 1842704
392.7 1842832
393.2 1843068
393.7 1842848
394.2 1843100
394.7 1843096
395.2 1842968
395.7 1843064
396.2 1842780
396.7 1843176
397.2 1842876
397.7 1843144
398.2 1842856
398.7 1843096
399.2 1843000
399.7 1842900
400.2 1843012
400.7 1843028
401.2 1842964
401.7 1843108
402.2 1842916
402.7 1842524
403.2 1843108
403.7 1843124
404.2 1842492
404.7 1843164
405.2 1843136
405.7 1843024
406.2 1843104
406.7 1842852
407.2 1843608
407.7 1842708
408.2 1843372
408.7 1842992
409.2 1842820
409.7 1842756
410.2 1842852
410.7 1842740
411.2 1843356
411.7 1842128
413.9 1837076
414.4 1837076
415.4 1837040
416.9 1837040
417.4 1837040
417.9 1837040
418.4 1837040
419.1 1837040
419.6 1837072
420.3 1837072
422.1 1837040
423.9 1837040
424.6 1837040
425.1 1837040
428.0 1837040
428.7 1837040
430.5 1837040
432.7 1837040
433.4 1837008
434.2 1837008
434.7 1844380
435.2 1842856
435.7 1842636
436.2 1842556
436.7 1842824
437.2 1842760
437.7 1843028
438.2 1842996
438.7 1842884
439.2 1842856
439.7 1842868
440.2 1843144
440.7 1843240
441.2 1842968
441.7 1842968
442.2 1843032
442.7 1843176
443.2 1842796
443.7 1842876
444.2 1842496
444.7 1842996
445.2 1843296
445.7 1843280
446.2 1842696
446.7 1842680
447.2 1842572
447.7 1843028
448.2 1842764
448.7 1842712
449.2 1842996
449.7 1843008
450.2 1842740
450.7 1842708
451.2 1842864
451.7 1842544
452.2 1843104
452.7 1841804
453.2 1842736
453.7 1842456
454.2 1842520
454.7 1842372
455.2 1842612
455.7 1842736
456.2 1842596
456.7 1839732
457.2 1836948
458.0 1836948
458.5 1836948
459.3 1836948
460.3 1836944
462.4 1836944
463.5 1836944
464.1 1836944
464.6 1836976
466.5 1836944
468.4 1836944
470.2 1836944
470.7 1836944
471.2 1836944
472.4 1836944
474.5 1836944
475.0 1836944
476.1 1836912
477.3 1836912
477.8 1836912
478.7 1836976
479.5 1836976
480.0 1843096
480.5 1843096
481.0 1842968
481.5 1842952
482.0 1843428
482.5 1843112
483.0 1843284
483.5 1842668
484.0 1843160
484.5 1843032
485.0 1842612
485.5 1842388
486.0 1842956
486.5 1842956
487.0 1842848
487.5 1842184
488.0 1842720
488.5 1842800
489.0 1842564
489.5 1842580
490.0 1842728
490.5 1842640
491.0 1842480
491.5 1843128
492.0 1843316
492.5 1843316
493.0 1843032
493.5 1843016
494.0 1842796
494.5 1842636
495.0 1842984
495.5 1842748
496.0 1842796
496.5 1842764
497.0 1842952
497.5 1843048
498.0 1843080
498.5 1843000
499.0 1843220
499.5 1842996
500.0 1843092
500.5 1842932
501.0 1842728
501.5 1842712
502.0 1842792
502.5 1842428
503.0 1837120
505.1 1837120
507.3 1837120
507.8 1837120
509.6 1837088
511.2 1837088
513.3 1837088
515.0 1837088
516.5 1837088
517.0 1837088
518.3 1837120
519.1 1837088
520.9 1837088
522.7 1837088
523.3 1837088
524.3 1837088
524.8 1842896
525.3 1842444
525.8 1842492
526.3 1842616
526.8 1842336
527.3 1842412
527.8 1842556
528.3 1842176
528.8 1842840
529.3 1842696
529.8 1842500
530.3 1842124
530.8 1842344
531.3 1842108
531.8 1842076
532.3 1842596
532.8 1843288
533.3 1842956
533.8 1843192
534.3 1843084
534.8 1843192
535.3 1842624
535.8 1843128
536.3 1843020
536.8 1843192
537.3 1842956
537.8 1842988
538.3 1843100
538.8 1842784
539.3 1842972
539.8 1843000
540.3 1842540
540.8 1842904
541.3 1843032
541.8 1842764
542.3 1843016
542.8 1844308
543.3 1842812
543.8 1842716
544.3 1842748
544.8 1843060
545.3 1843028
545.8 1843012
546.3 1843012
546.8 1842676
547.3 1843060
547.8 1842900
548.3 1837056
549.6 1837088
551.8 1837084
555.2 1837052
556.0 1837052
556.5 1837052
557.6 1837052
559.5 1837052
560.0 1837052
560.6 1837052
562.7 1837052
564.6 1837020
565.8 1837020
566.3 1837020
566.8 1837084
568.5 1837084
569.5 1837084
570.0 1842756
570.5 1842884
571.0 1842992
571.5 1842912
572.0 1843072
572.5 1842944
573.0 1842960
573.5 1842788
574.0 1843760
574.5 1842724
575.0 1843016
575.5 1843096
576.0 1842796
576.5 1842844
577.0 1842844
577.5 1842780
578.0 1842844
578.5 1842732
579.0 1842700
579.5 1842904
580.0 1843056
580.5 1842676
581.0 1842804
581.5 1843152
582.0 1842772
582.5 1843008
583.0 1842864
583.5 1842612
584.0 1842976
584.5 1842912
585.0 1842936
585.5 1843140
586.0 1842840
586.5 1842780
587.0 1843252
587.5 1842780
588.0 1843032
588.5 1842952
589.0 1842904
589.5 1842652
590.0 1842964
590.5 1842680
591.0 1842632
591.5 1842996
592.0 1843280
592.5 1843028
593.0 1836856
593.5 1836856
594.0 1836856
594.5 1836856
595.0 1836856
595.5 1836856
599.0 1836880
599.5 1836880
600.1 1836880
601.4 1836848
602.1 1836848
603.8 1836848
604.3 1836848
605.7 1836848
606.2 1836848
606.7 1836848
607.6 1836848
612.3 1836816
612.8 1836816
614.5 1836880
615.0 1843168
615.5 1842900
616.0 1843264
616.5 1843500
617.0 1842712
617.5 1842600
618.0 1842444
618.5 1842556
619.0 1842792
619.5 1842760
620.0 1842972
620.5 1842860
621.0 1842736
621.5 1842972
622.0 1842988
622.5 1842468
623.0 1842908
623.5 1842624
624.0 1842784
624.5 1842736
625.0 1842684
625.5 1843208
626.0 1843788
626.5 1842984
627.0 1842920
627.5 1843016
628.0 1843156
628.5 1842792
629.0 1843268
629.5 1842780
630.0 1842776
630.5 1843012
631.0 1842696
631.5 1842932
632.0 1842836
632.5 1842884
633.0 1842852
633.5 1842852
634.0 1842900
634.5 1843264
635.0 1843180
635.5 1843116
636.0 1842828
636.5 1843812
637.0 1844636
637.5 1842556
638.0 1839068
638.5 1836616
639.0 1836616
639.5 1836616
641.3 1836616
642.0 1836616
645.9 1836616
648.4 1836616
649.3 1836584
650.1 1836584
650.6 1836584
651.1 1836584
653.0 1836616
653.5 1836616
654.7 1836616
655.8 1836616
657.6 1836616
658.4 1836584
659.5 1836584
660.0 1842732
660.5 1842596
661.0 1842896
661.5 1842504
662.0 1842756
662.5 1842484
663.0 1842912
663.5 1842820
664.0 1842804
664.5 1843040
665.0 1842864
665.5 1842848
666.0 1842832
666.5 1842864
667.0 1843088
667.5 1843024
668.0 1843228
668.5 1842848
669.0 1842676
669.5 1842676
670.0 1842960
670.5 1842912
671.0 1842800
671.5 1843228
672.0 1842676
672.5 1842896
673.0 1843088
673.5 1842772
674.0 1842724
674.5 1842788
675.0 1842992
675.5 1842804
676.0 1842644
676.5 1842912
677.0 1842756
677.5 1842504
678.0 1842456
678.5 1842644
679.0 1843008
679.5 1842376
680.0 1843356
680.5 1843504
681.0 1843568
681.5 1842872
682.0 1843032
682.5 1842636
683.0 1836848
683.5 1836816
684.0 1836816
686.1 1836816
688.0 1836816
688.9 1836784
690.4 1836784
692.0 1836848
692.5 1836848
693.0 1836848
693.9 1836848
694.4 1836848
694.9 1836848
695.4 1836816
695.9 1836816
696.4 1836816
698.7 1836816
700.6 1836816
702.5 1836816
704.4 1836816
704.9 1842732
705.4 1842980
705.9 1843164
706.4 1843084
706.9 1842788
707.4 1842992
707.9 1842660
708.4 1842676
708.9 1842708
709.4 1842880
709.9 1842928
710.4 1843116
710.9 1842928
711.4 1842864
711.9 1843288
712.4 1843276
712.9 1843292
713.4 1843116
713.9 1842816
714.4 1843008
714.9 1843032
715.4 1843264
715.9 1842772
716.4 1842488
716.9 1842944
717.4 1842992
717.9 1842740
718.4 1843036
718.9 1843112
719.4 1843032
719.9 1842780
720.4 1842700
720.9 1842732
721.4 1842812
721.9 1842764
722.4 1842888
722.9 1842904
723.4 1842952
723.9 1842984
724.4 1842700
724.9 1842952
725.4 1842872
725.9 1842944
726.4 1842944
726.9 1842660
727.4 1842880
727.9 1836996
728.4 1836996
728.9 1836996
729.4 1836996
731.5 1836996
732.0 1836996
733.7 1836996
734.2 1836996
736.1 1836964
738.6 1836964
740.0 1836964
740.9 1836964
741.4 1836964
742.7 1836996
743.7 1836996
744.2 1836996
744.9 1836996
745.4 1836964
747.0 1836964
749.2 1836964
749.7 1836964
750.2 1842920
750.7 1842904
751.2 1842920
751.7 1843016
752.2 1842984
752.7 1842984
753.2 1842636
753.7 1842984
754.2 1842920
754.7 1842888
755.2 1842928
755.7 1842692
756.2 1842156
756.7 1842360
757.2 1842960
757.7 1842612
758.2 1842912
758.7 1842880
759.2 1842944
759.7 1842628
760.2 1842840
760.7 1842840
761.2 1842952
761.7 1843028
762.2 1843032
762.7 1843032
763.2 1842936
763.7 1842968
764.2 1843000
764.7 1842920
765.2 1842936
765.7 1843048
766.2 1842840
766.7 1842856
767.2 1842856
767.7 1842872
768.2 1842936
768.7 1842872
769.2 1842872
769.7 1842856
770.2 1843092
770.7 1843236
771.2 1842660
771.7 1842708
772.2 1842920
772.7 1842700
773.2 1837272
773.7 1836888
774.3 1836888
774.8 1836888
775.4 1836856
775.9 1836856
776.4 1836856
776.9 1836856
777.4 1836856
777.9 1836856
778.7 1836856
779.7 1836856
780.2 1836920
781.5 1836888
782.0 1836888
783.0 1836888
784.2 1836888
785.3 1836888
785.9 1836888
787.1 1836888
788.0 1836888
788.5 1836856
789.0 1836856
791.1 1836856
791.6 1836856
792.5 1836888
793.0 1836888
794.2 1836888
794.7 1844440
795.2 1842888
795.7 1842764
796.2 1842212
796.7 1842560
797.2 1842180
797.7 1842212
798.2 1842116
798.7 1842652
799.2 1842668
799.7 1842272
800.2 1843024
800.7 1842560
801.2 1843024
801.7 1842928
802.2 1843116
802.7 1842960
803.2 1842692
803.7 1842332
804.2 1842156
804.7 1842272
805.2 1842464
805.7 1842464
806.2 1842560
806.7 1842560
807.2 1842336
807.7 1843000
808.2 1842936
808.7 1843096
809.2 1842792
809.7 1842980
810.2 1843332
810.7 1843068
811.2 1842960
811.7 1842960
812.2 1843244
812.7 1842864
813.2 1842816
813.7 1842880
814.2 1842392
814.7 1842468
815.2 1842140
815.7 1842440
816.2 1842868
816.7 1842628
817.2 1842864
817.7 1842820
818.2 1836940
818.7 1836940
819.2 1836940
820.0 1836940
820.6 1836940
821.1 1836972
821.6 1836972
822.1 1836972
823.7 1836940
824.2 1836940
825.9 1836940
826.4 1836940
828.9 1836940
830.9 1836940
831.4 1836940
832.3 1836940
832.8 1836908
834.0 1836908
834.5 1836972
835.3 1836972
835.8 1836972
836.3 1836972
837.7 1836972
838.6 1836972
839.1 1836972
839.6 1836940
840.1 1842936
840.6 1843092
841.1 1843020
841.6 1842944
842.1 1843056
842.6 1843024
843.1 1842944
843.6 1843008
844.1 1842816
844.6 1842944
845.1 1842612
845.6 1842864
846.1 1842416
846.6 1842464
847.1 1842576
847.6 1842352
848.1 1842636
848.6 1842620
849.1 1842652
849.6 1843076
850.1 1843060
850.6 1842984
851.1 1842668
851.6 1843000
852.1 1842748
852.6 1842872
853.1 1842716
853.6 1843220
854.1 1842936
854.6 1842636
855.1 1842400
855.6 1842336
856.1 1842132
856.6 1842304
857.1 1842684
857.6 1842716
858.1 1843016
858.6 1842732
859.1 1842968
859.6 1842952
860.1 1842952
860.6 1842952
861.1 1842636
861.6 1842936
862.1 1842952
862.6 1842748
863.1 1836856
864.0 1836856
864.5 1836856
865.7 1836856
866.2 1836856
866.7 1836856
867.2 1836856
868.9 1836824
869.4 1836824
871.2 1836888
871.7 1836888
872.2 1836888
873.1 1836888
873.6 1836888
874.1 1836888
874.6 1836888
875.1 1836888
875.6 1836888
876.7 1836856
878.1 1836856
878.6 1836856
879.8 1836856
880.4 1836888
881.2 1836888
882.1 1836888
882.9 1836856
883.5 1836856
884.0 1836856
884.5 1836856
885.0 1843000
885.5 1842448
886.0 1841920
886.5 1842620
887.0 1842636
887.5 1842684
888.0 1842096
888.5 1842480
889.0 1842732
889.5 1842620
890.0 1842756
890.5 1842596
891.0 1842864
891.5 1842976
892.0 1842976
892.5 1843228
893.0 1842928
893.5 1842644
894.0 1843000
894.5 1842952
895.0 1843140
895.5 1843236
896.0 1843140
896.5 1842480
897.0 1842416
897.5 1842480
898.0 1842496
898.5 1842984
899.0 1842676
899.5 1842912
900.0 1843064
900.5 1842844
901.0 1843112
901.5 1842844
902.0 1842684
902.5 1842904
903.0 1842844
903.5 1842936
904.0 1843016
904.5 1842904
905.0 1842920
905.5 1842684
906.0 1842496
906.5 1842480
907.0 1842480
907.5 1842384
908.0 1842560
908.5 1836468
909.0 1836468
909.5 1836468
910.0 1836468
910.5 1836468
911.0 1836436
911.5 1836500
912.0 1836500
912.5 1836500
913.0 1836500
913.5 1836500
914.0 1836500
914.5 1836500
915.0 1836500
915.5 1836500
916.0 1836468
916.5 1836468
917.0 1836468
917.5 1836468
918.0 1836468
918.6 1836468
919.1 1836500
919.6 1836500
920.1 1836500
920.6 1836500
921.1 1836468
921.6 1836468
922.1 1836468
922.6 1836468
923.1 1836468
923.7 1836468
924.2 1836468
924.7 1836468
925.2 1836436
925.7 1836436
926.2 1836436
926.7 1836436
927.2 1836500
927.7 1836500
928.2 1836500
928.7 1836500
929.2 1836500
929.7 1843176
930.2 1842668
930.7 1842840
931.2 1842700
931.7 1843032
932.2 1842276
932.7 1842196
933.2 1842228
933.7 1842432
934.2 1842416
934.7 1842708
935.2 1842076
935.7 1842344
936.2 1843040
936.7 1842312
937.2 1842252
937.7 1842124
938.2 1842092
938.7 1842124
939.2 1841936
939.7 1842592
940.2 1842412
940.7 1842920
941.2 1842588
941.7 1842684
942.2 1842844
942.7 1843188
943.2 1842936
943.7 1842952
944.2 1843080
944.7 1843108
945.2 1842936
945.7 1843016
946.2 1842984
946.7 1842444
947.2 1842508
947.7 1842608
948.2 1842780
948.7 1841864
949.2 1842164
949.7 1842844
950.2 1842748
950.7 1842920
951.2 1843048
951.7 1842368
952.2 1842368
952.7 1841704
953.2 1836948
953.7 1837012
954.2 1837012
954.7 1837012
955.3 1837012
955.8 1837012
956.3 1837012
956.8 1836980
957.3 1836980
957.8 1836980
958.3 1836980
958.8 1836980
959.3 1836980
959.8 1836980
960.3 1836980
960.8 1836980
961.3 1837012
961.8 1837012
962.3 1837012
962.8 1837012
963.3 1837012
963.9 1837012
964.4 1837012
964.9 1837012
965.4 1837012
965.9 1837012
966.4 1837012
966.9 1836980
967.5 1836980
968.0 1836980
968.5 1836980
969.0 1837012
969.5 1837012
970.0 1837012
970.5 1837012
971.0 1836980
971.5 1836980
972.0 1836980
972.6 1836980
973.1 1836980
973.6 1836980
974.1 1836980
974.6 1838844
975.1 1842944
975.6 1842848
976.1 1843008
976.6 1842864
977.1 1842752
977.6 1842928
978.1 1842740
978.6 1842360
979.1 1842252
979.6 1842200
980.1 1843196
980.6 1842928
981.1 1842804
981.6 1842928
982.1 1842580
982.6 1842660
983.1 1843304
983.6 1842804
984.1 1842944
984.6 1842848
985.1 1842376
985.6 1842504
986.1 1842740
986.6 1842960
987.1 1842424
987.6 1842628
988.1 1842992
988.6 1842708
989.1 1842928
989.6 1843008
990.1 1842936
990.6 1843064
991.1 1842952
991.6 1843096
992.1 1842952
992.6 1842952
993.1 1842968
993.6 1843032
994.1 1842604
994.6 1842812
995.1 1842812
995.6 1842780
996.1 1842700
996.6 1842652
997.1 1843044
997.6 1843204
998.1 1836800
998.6 1836800
999.1 1836768
999.6 1836768
1000.1 1836768
1000.6 1836768
1001.1 1836768
1001.6 1836768
1002.1 1836768
1002.6 1836768
1003.1 1836800
1003.6 1836800
1004.1 1836768
1004.6 1836768
1005.1 1836768
1005.7 1836768
1006.2 1836768
1006.7 1836768
1007.2 1836768
1007.7 1836768
1008.2 1836768
1008.7 1836736
1009.2 1836736
1009.7 1836800
1010.2 1836800
1010.7 1836800
1011.2 1836800
1011.7 1836800
1012.2 1836800
1012.7 1836800
1013.2 1836800
1013.7 1836800
1014.2 1836768
1014.7 1836768
1015.2 1836768
1015.7 1836768
1016.9 1836768
1017.5 1836768
1018.7 1836800
1019.2 1836768
1019.7 1843992
1020.2 1842580
1020.7 1843132
1021.2 1842992
1021.7 1842784
1022.2 1843212
1022.7 1843100
1023.2 1842928
1023.7 1842880
1024.2 1842676
1024.7 1842724
1025.2 1842724
1025.7 1842944
1026.2 1842992
1026.7 1843024
1027.2 1842880
1027.7 1842724
1028.2 1842740
1028.7 1842928
1029.2 1842644
1029.7 1843068
1030.2 1843068
1030.7 1842960
1031.2 1844168
1031.7 1843088
1032.2 1842724
1032.7 1843404
1033.2 1842944
1033.7 1842976
1034.2 1843008
1034.7 1842476
1035.2 1842620
1035.7 1842872
1036.2 1842984
1036.7 1842872
1037.2 1842872
1037.7 1842840
1038.2 1842920
1038.7 1842856
1039.2 1842668
1039.7 1842608
1040.2 1842700
1040.7 1842432
1041.2 1842400
1041.7 1842508
1042.2 1843032
1042.7 1842968
1043.2 1836820
1044.2 1836884
1047.8 1836884
1050.0 1836884
1050.5 1836884
1051.4 1836884
1052.0 1836884
1052.7 1836884
1054.4 1836852
1055.5 1836852
1057.1 1836852
1057.6 1836852
1059.1 1836852
1061.1 1836852
1062.9 1836884
1064.1 1836852
1064.6 1839120
1065.1 1842668
1065.6 1842748
1066.1 1842936
1066.6 1843016
1067.1 1842716
1067.6 1842668
1068.1 1842968
1068.6 1843284
1069.1 1842984
1069.6 1843080
1070.1 1843000
1070.6 1842592
1071.1 1842448
1071.6 1842496
1072.1 1841992
1072.6 1841832
1073.1 1842512
1073.6 1842624
1074.1 1842772
1074.6 1842552
1075.1 1842456
1075.6 1841888
1076.1 1841904
1076.6 1842048
1077.1 1842804
1077.6 1843336
1078.1 1843504
1078.6 1842996
1079.1 1842916
1079.6 1843440
1080.1 1843024
1080.6 1842848
1081.1 1842896
1081.6 1843072
1082.1 1843276
1082.6 1842912
1083.1 1842816
1083.6 1843056
1084.1 1842928
1084.6 1843040
1085.1 1842832
1085.6 1843244
1086.1 1842864
1086.6 1842912
1087.1 1842928
1087.6 1842580
1088.1 1836372
1089.4 1836372
1090.6 1836372
1091.1 1836372
1093.0 1836372
1094.8 1836372
1095.6 1836372
1096.4 1836372
1098.2 1836340
1098.7 1836340
1099.7 1836340
1100.2 1836340
1101.2 1836372
1101.7 1836372
1102.6 1836372
1103.1 1836372
1103.6 1836340
1105.2 1836340
1107.8 1836340
1108.3 1836340
1109.3 1836340
1109.8 1842212
1110.3 1842212
1110.8 1842100
1111.3 1842336
1111.8 1842164
1112.3 1842188
1112.8 1842920
1113.3 1842808
1113.8 1842952
1114.3 1842856
1114.8 1842800
1115.3 1842956
1115.8 1843016
1116.3 1842936
1116.8 1842936
1117.3 1842604
1117.8 1842652
1118.3 1842636
1118.8 1842588
1119.3 1842636
1119.8 1842376
1120.3 1842188
1120.8 1841936
1121.3 1841984
1121.8 1841840
1122.3 1842376
1122.8 1842536
1123.3 1842408
1123.8 1842156
1124.3 1842628
1124.8 1842756
1125.3 1842864
1125.8 1842660
1126.3 1842660
1126.8 1842772
1127.3 1842708
1127.8 1842628
1128.3 1843056
1128.8 1842928
1129.3 1843120
1129.8 1842816
1130.3 1843212
1130.8 1842660
1131.3 1842912
1131.8 1843040
1132.3 1842928
1132.8 1842888
1133.3 1836932
1134.4 1836932
1135.4 1836932
1137.6 1836900
1138.2 1836900
1140.1 1836900
1140.7 1836900
1142.3 1836900
1142.8 1836900
1145.9 1836900
1147.7 1836900
1149.7 1836868
1150.2 1836868
1151.4 1836932
1153.4 1836932
1154.5 1836932
1155.0 1843420
1155.5 1843344
1156.0 1842856
1156.5 1843048
1157.0 1843236
1157.5 1843044
1158.0 1842636
1158.5 1842780
1159.0 1842288
1159.5 1842368
1160.0 1842604
1160.5 1842636
1161.0 1842684
1161.5 1842872
1162.0 1842588
1162.5 1842952
1163.0 1842936
1163.5 1842936
1164.0 1842952
1164.5 1842856
1165.0 1842968
1165.5 1842984
1166.0 1842604
1166.5 1842872
1167.0 1842808
1167.5 1842352
1168.0 1842936
1168.5 1842668
1169.0 1843220
1169.5 1842952
1170.0 1843504
1170.5 1843972
1171.0 1842524
1171.5 1842764
1172.0 1842764
1172.5 1842700
1173.0 1842540
1173.5 1843096
1174.0 1842716
1174.5 1842716
1175.0 1842904
1175.5 1842716
1176.0 1842856
1176.5 1842432
1177.0 1842312
1177.5 1842660
1178.0 1838032
1179.5 1836852
1180.0 1836852
1182.9 1836820
1184.4 1836820
1184.9 1836820
1185.4 1836820
1185.9 1836820
1187.8 1836820
1188.7 1836820
1190.6 1836788
1196.0 1836788
1196.9 1836788
1197.4 1836820
1199.2 1836820
1199.7 1836820
1200.2 1843696
1200.7 1843032
1201.2 1842700
1201.7 1842984
1202.2 1843172
1202.7 1843108
1203.2 1843128
1203.7 1842968
1204.2 1842888
1204.7 1842796
1205.2 1842780
1205.7 1842352
1206.2 1842464
1206.7 1842228
1207.2 1842544
1207.7 1842588
1208.2 1842904
1208.7 1842492
1209.2 1842464
1209.7 1842716
1210.2 1842496
1210.7 1842748
1211.2 1842572
1211.7 1842968
1212.2 1842464
1212.7 1842480
1213.2 1842496
1213.7 1842716
1214.2 1842652
1214.7 1843032
1215.2 1843120
1215.7 1843056
1216.2 1842676
1216.7 1843152
1217.2 1843228
1217.7 1842756
1218.2 1843024
1218.7 1843008
1219.2 1842440
1219.7 1842456
1220.2 1842824
1220.7 1842872
1221.2 1843124
1221.7 1843048
1222.2 1842824
1222.7 1843048
1223.2 1841128
1223.9 1836892
1225.1 1836892
1225.6 1836892
1226.4 1836892
1227.4 1836892
1228.9 1836892
1230.1 1836924
1231.2 1836924
1232.9 1836892
1234.8 1836892
1236.7 1836892
1237.3 1836892
1238.4 1836892
1241.3 1836892
1243.0 1836892
1243.5 1836892
1244.0 1836860
1244.5 1836860
1245.0 1842684
1245.5 1842840
1246.0 1842904
1246.5 1842936
1247.0 1842840
1247.5 1842968
1248.0 1842896
1248.5 1842976
1249.0 1843480
1249.5 1842344
1250.0 1842956
1250.5 1842716
1251.0 1842932
1251.5 1843204
1252.0 1842968
1252.5 1843064
1253.0 1842668
1253.5 1842620
1254.0 1843896
1254.5 1843056
1255.0 1843008
1255.5 1842944
1256.0 1843072
1256.5 1842896
1257.0 1842880
1257.5 1842960
1258.0 1842896
1258.5 1843088
1259.0 1842816
1259.5 1842740
1260.0 1842816
1260.5 1842832
1261.0 1842692
1261.5 1842788
1262.0 1843008
1262.5 1842548
1263.0 1842360
1263.5 1842300
1264.0 1842076
1264.5 1842140
1265.0 1842480
1265.5 1842668
1266.0 1842696
1266.5 1842888
1267.0 1842936
1267.5 1843124
1269.2 1836780
1269.9 1836780
1270.6 1836780
1271.3 1836780
1274.2 1836780
1277.5 1836748
1278.9 1836812
1280.1 1836812
1280.7 1836812
1282.1 1836812
1284.4 1836812
1285.3 1836812
1285.8 1836812
1287.9 1836780
1289.0 1836780
1289.5 1836780
1290.0 1842792
1290.5 1843216
1291.0 1843772
1291.5 1843252
1292.0 1842968
1292.5 1842936
1293.0 1842936
1293.5 1842824
1294.0 1842920
1294.5 1842904
1295.0 1842904
1295.5 1842840
1296.0 1842636
1296.5 1842636
1297.0 1842936
1297.5 1842840
1298.0 1842920
1298.5 1842708
1299.0 1843072
1299.5 1842880
1300.0 1842912
1300.5 1842880
1301.0 1842992
1301.5 1843024
1302.0 1843132
1302.5 1842928
1303.0 1842912
1303.5 1842912
1304.0 1842676
1304.5 1843008
1305.0 1842912
1305.5 1843008
1306.0 1843052
1306.5 1842912
1307.0 1842960
1307.5 1842820
1308.0 1842960
1308.5 1842896
1309.0 1842820
1309.5 1842772
1310.0 1842800
1310.5 1842724
1311.0 1842660
1311.5 1843056
1312.0 1843228
1312.5 1842864
1314.8 1837092
1316.6 1837092
1318.2 1837092
1318.9 1837092
1319.4 1837092
1321.4 1837060
1322.1 1837060
1324.2 1837060
1325.3 1837060
1325.8 1837060
1326.3 1837124
1327.7 1837124
1328.4 1837092
1329.7 1837092
1331.5 1837092
1333.8 1837092
1334.5 1837092
1335.0 1842668
1335.5 1842700
1336.0 1842636
1336.5 1842448
1337.0 1842352
1337.5 1842132
1338.0 1842100
1338.5 1842480
1339.0 1842824
1339.5 1842556
1340.0 1843220
1340.5 1842856
1341.0 1842748
1341.5 1842508
1342.0 1842840
1342.5 1843408
1343.0 1842680
1343.5 1842952
1344.0 1843252
1344.5 1843092
1345.0 1842480
1345.5 1842228
1346.0 1842288
1346.5 1842968
1347.0 1842840
1347.5 1843392
1348.0 1843236
1348.5 1843300
1349.0 1842888
1349.5 1842652
1350.0 1843848
1350.5 1843008
1351.0 1843000
1351.5 1843048
1352.0 1843252
1352.5 1843156
1353.0 1842904
1353.5 1843220
1354.0 1843000
1354.5 1842856
1355.0 1843000
1355.5 1842776
1356.0 1842604
1356.5 1842400
1357.0 1842228
1357.5 1842980
1358.0 1841560
1358.8 1837052
1360.3 1837020
1361.3 1837020
1362.1 1837020
1364.9 1837020
1366.9 1837020
1368.6 1837052
1369.6 1837052
1370.5 1837052
1371.5 1837020
1373.7 1837020
1376.2 1837020
1376.9 1837020
1379.5 1837020
1380.0 1842840
1380.5 1842904
1381.0 1842936
1381.5 1843064
1382.0 1843236
1382.5 1843140
1383.0 1842936
1383.5 1842684
1384.0 1842980
1384.5 1842808
1385.0 1842572
1385.5 1842936
1386.0 1843096
1386.5 1842636
1387.0 1842952
1387.5 1842668
1388.0 1842732
1388.5 1843128
1389.0 1843172
1389.5 1842512
1390.0 1842684
1390.5 1842968
1391.0 1842920
1391.5 1843188
1392.0 1842904
1392.5 1843000
1393.0 1842700
1393.5 1842464
1394.0 1842764
1394.5 1842716
1395.0 1842864
1395.5 1842976
1396.0 1842976
1396.5 1842944
1397.0 1843056
1397.5 1842912
1398.0 1843036
1398.5 1842944
1399.0 1843308
1399.5 1842828
1400.0 1844168
1400.5 1843120
1401.0 1842944
1401.5 1842772
1402.0 1843024
1402.5 1843260
1403.0 1837996
1404.6 1836532
1405.8 1836532
1406.9 1836532
1407.4 1836532
1407.9 1836532
1408.5 1836532
1409.0 1836500
1409.5 1836500
1410.0 1836532
1410.5 1836532
1411.0 1836532
1411.5 1836532
1412.0 1836532
1412.5 1836500
1413.0 1836500
1413.5 1836500
1414.0 1836500
1414.5 1836500
1415.0 1836500
1415.6 1836500
1416.1 1836500
1416.6 1836500
1417.1 1836500
1417.6 1836532
1418.1 1836532
1418.6 1836532
1419.1 1836532
1419.6 1836532
1420.1 1836532
1420.6 1836532
1421.1 1836532
1421.6 1836532
1422.2 1836532
1422.7 1836500
1423.2 1836500
1423.7 1836500
1424.2 1836500
1424.7 1842868
1425.2 1842304
1425.7 1842384
1426.2 1842464
1426.7 1842936
1427.2 1842480
1427.7 1843000
1428.2 1842984
1428.7 1842824
1429.2 1842544
1429.7 1842164
1430.2 1842512
1430.7 1842528
1431.2 1842496
1431.7 1842824
1432.2 1842524
1432.7 1842604
1433.2 1842760
1433.7 1842668
1434.2 1842888
1434.7 1842840
1435.2 1842904
1435.7 1842840
1436.2 1842904
1436.7 1842984
1437.2 1842464
1437.7 1842340
1438.2 1842824
1438.7 1842796
1439.2 1842636
1439.7 1842732
1440.2 1842732
1440.7 1842652
1441.2 1843016
1441.7 1842936
1442.2 1842808
1442.7 1842888
1443.2 1843156
1443.7 1843112
1444.2 1842952
1444.7 1842952
1445.2 1843076
1445.7 1843144
1446.2 1842352
1446.7 1842164
1447.2 1842196
1447.7 1842384
1448.2 1836848
1448.7 1836848
1449.2 1836848
1449.8 1836816
1450.3 1836880
1450.8 1836880
1451.3 1836880
1451.8 1836880
1452.3 1836880
1452.8 1836880
1453.3 1836880
1453.8 1836880
1454.3 1836880
1454.8 1836848
1455.3 1836848
1455.8 1836848
1456.3 1836848
1456.8 1836848
1457.3 1836848
1457.8 1836880
1458.3 1836880
1458.8 1836776
1459.3 1836776
1459.8 1836776
1460.3 1836776
1460.8 1836776
1461.3 1836776
1461.8 1836776
1462.3 1836776
1462.8 1836776
1463.3 1836776
1463.8 1836744
1464.3 1836744
1464.8 1836808
1465.3 1836808
1465.8 1836808
1466.3 1836808
1466.8 1836808
1467.3 1836808
1467.8 1836808
1468.3 1836808
1468.8 1836776
1469.4 1836776
1469.9 1842816
1470.4 1843576
1470.9 1843492
1471.4 1842960
1471.9 1843024
1472.4 1843100
1472.9 1842596
1473.4 1842532
1473.9 1842140
1474.4 1842424
1474.9 1842532
1475.4 1842800
1475.9 1842928
1476.4 1843180
1476.9 1843400
1477.4 1843212
1477.9 1843180
1478.4 1842848
1478.9 1842976
1479.4 1843020
1479.9 1843196
1480.4 1842800
1480.9 1842344
1481.4 1842628
1481.9 1842676
1482.4 1842988
1482.9 1843148
1483.4 1843196
1483.9 1843132
1484.4 1843368
1484.9 1843020
1485.4 1842992
1485.9 1843604
1486.4 1843148
1486.9 1843116
1487.4 1842832
1487.9 1842880
1488.4 1842676
1488.9 1843148
1489.4 1842532
1489.9 1842580
1490.4 1842800
1490.9 1842972
1491.4 1843084
1491.9 1843696
1492.4 1842672
1492.9 1841212
1493.4 1837096
1493.9 1837096
1494.4 1837096
1494.9 1837128
1495.4 1837128
1495.9 1837128
1496.4 1837128
1496.9 1837096
1497.4 1837096
1498.0 1837096
1498.6 1837096
1499.1 1837096
1499.6 1837096
1500.1 1837096
1500.7 1837096
1501.2 1837096
1501.7 1837096
1502.3 1837096
1502.8 1837128
1503.3 1837128
1503.8 1837128
1504.4 1837128
1504.9 1837128
1505.4 1837128
1505.9 1837128
1506.4 1837128
1506.9 1837096
1507.4 1837096
1507.9 1837096
1508.4 1837096
1508.9 1837096
1509.4 1837096
1510.0 1837128
1510.5 1837128
1511.0 1837128
1511.5 1837128
1512.0 1837096
1512.5 1837096
1513.0 1837096
1513.5 1837096
1514.0 1837096
1514.5 1837096
1515.0 1842572
1515.5 1842776
1516.0 1842856
1516.5 1843012
1517.0 1842776
1517.5 1842776
1518.0 1843004
1518.5 1843336
1519.0 1842872
1519.5 1842652
1520.0 1842852
1520.5 1842520
1521.0 1842876
1521.5 1842876
1522.0 1842924
1522.5 1842956
1523.0 1842908
1523.5 1842352
1524.0 1842512
1524.5 1842544
1525.0 1842688
1525.5 1842812
1526.0 1842908
1526.5 1843488
1527.0 1842224
1527.5 1843408
1528.0 1843412
1528.5 1843096
1529.0 1843032
1529.5 1843176
1530.0 1842624
1530.5 1842624
1531.0 1842260
1531.5 1843108
1532.0 1843112
1532.5 1843300
1533.0 1843016
1533.5 1842732
1534.0 1842892
1534.5 1842860
1535.0 1843064
1535.5 1843160
1536.0 1843048
1536.5 1843112
1537.0 1843032
1537.5 1842604
1538.0 1836960
1538.5 1836960
1539.0 1836928
1539.5 1836928
1540.1 1836928
1540.6 1836928
1541.1 1836928
1541.6 1836928
1542.1 1836928
1542.6 1836928
1543.1 1836928
1543.6 1836928
1544.1 1836896
1544.6 1836896
1545.1 1836960
1545.6 1836960
1546.1 1836960
1546.6 1836960
1547.1 1836960
1547.6 1836960
1548.1 1836960
1548.6 1836960
1549.1 1836928
1549.7 1836928
1550.2 1836928
1550.7 1836928
1551.2 1836928
1551.7 1836928
1552.2 1836928
1552.7 1836928
1553.2 1836960
1553.7 1836960
1554.3 1836960
1554.8 1836960
1555.3 1836960
1555.8 1836960
1556.3 1836960
1556.8 1836960
1557.3 1836960
1557.8 1836960
1558.3 1836960
1558.8 1836960
1559.3 1836928
1559.8 1843200
1560.3 1843160
1560.8 1842924
1561.3 1843396
1561.8 1843364
1562.3 1843144
1562.8 1842812
1563.3 1843176
1563.8 1843188
1564.3 1842876
1564.8 1843140
1565.3 1843012
1565.8 1842824
1566.3 1843108
1566.8 1842968
1567.3 1842400
1567.8 1842620
1568.3 1842824
1568.8 1842508
1569.3 1842288
1569.8 1842900
1570.3 1842804
1570.8 1842900
1571.3 1843088
1571.8 1842504
1572.3 1842488
1572.8 1842648
1573.3 1842696
1573.8 1843216
1574.3 1843072
1574.8 1842912
1575.3 1842848
1575.8 1842864
1576.3 1842912
1576.8 1842908
1577.3 1843052
1577.8 1843036
1578.3 1843100
1578.8 1842956
1579.3 1842972
1579.8 1843112
1580.3 1843128
1580.8 1842972
1581.3 1842828
1581.8 1841672
1582.3 1836964
1582.8 1837028
1583.3 1837028
1583.8 1837028
1584.3 1837028
1584.8 1837028
1585.4 1837024
1585.9 1837024
1586.4 1836992
1586.9 1836992
1587.4 1836992
1587.9 1836992
1588.4 1836992
1588.9 1836992
1589.4 1836992
1589.9 1836992
1590.4 1836992
1590.9 1836992
1591.4 1836992
1591.9 1836992
1592.4 1836992
1592.9 1836992
1593.4 1836992
1593.9 1836992
1594.4 1836992
1594.9 1836992
1595.4 1836992
1595.9 1836960
1596.4 1836960
1596.9 1836960
1597.4 1836960
1597.9 1837024
1598.4 1837024
1598.9 1837024
1599.4 1837024
1599.9 1837024
1600.4 1837024
1601.0 1836992
1601.5 1836992
1602.0 1836992
1602.5 1836992
1603.0 1836992
1603.5 1836992
1604.0 1836992
1604.5 1836992
1605.0 1843004
1605.5 1843084
1606.0 1842864
1606.5 1843036
1607.0 1843148
1607.5 1842924
1608.0 1843128
1608.5 1843052
1609.0 1843020
1609.5 1842988
1610.0 1843084
1610.5 1842944
1611.0 1843084
1611.5 1843132
1612.0 1843212
1612.5 1842768
1613.0 1843196
1613.5 1842840
1614.0 1842840
1614.5 1842680
1615.0 1843412
1615.5 1843520
1616.0 1843080
1616.5 1843048
1617.0 1842780
1617.5 1842876
1618.0 1842780
1618.5 1843224
1619.0 1843128
1619.5 1843328
1620.0 1843160
1620.5 1843348
1621.0 1842940
1621.5 1842800
1622.0 1842596
1622.5 1842672
1623.0 1843196
1623.5 1843212
1624.0 1843132
1624.5 1843256
1625.0 1843188
1625.5 1843140
1626.0 1842856
1626.5 1842760
1627.0 1836788
1627.5 1836788
1628.0 1836788
1628.5 1836788
1629.0 1836788
1629.5 1836788
1630.0 1836788
1630.5 1836788
1631.0 1836788
1631.5 1836756
1632.0 1836756
1632.5 1836756
1633.0 1836756
1633.5 1836756
1634.0 1836756
1634.5 1836788
1635.0 1836788
1635.5 1836788
1636.1 1836788
1636.6 1836788
1637.1 1836756
1637.6 1836756
1638.1 1836756
1638.6 1836756
1639.1 1836756
1639.6 1836756
1640.1 1836756
1640.6 1836756
1641.1 1836756
1641.6 1836788
1642.1 1836788
1642.6 1836788
1643.1 1836788
1643.6 1836788
1644.1 1836788
1644.6 1836788
1645.1 1836788
1645.6 1836788
1646.1 1836788
1646.6 1836756
1647.1 1836756
1647.6 1836756
1648.1 1836756
1648.6 1836756
1649.1 1836788
1649.6 1836788
1650.1 1842500
1650.6 1842736
1651.1 1843116
1651.6 1843100
1652.1 1842960
1652.6 1842736
1653.1 1842848
1653.6 1842404
1654.1 1842564
1654.6 1842784
1655.1 1843248
1655.6 1843076
1656.1 1842964
1656.6 1842808
1657.1 1842932
1657.6 1842916
1658.1 1842728
1658.6 1842744
1659.1 1843312
1659.6 1843092
1660.1 1843512
1660.6 1843120
1661.1 1843152
1661.6 1842724
1662.1 1843052
1662.6 1843256
1663.1 1843128
1663.6 1842544
1664.1 1842544
1664.6 1842528
1665.1 1842412
1665.6 1842588
1666.1 1842776
1666.6 1842872
1667.1 1843060
1667.6 1843044
1668.1 1842508
1668.6 1843408
1669.1 1842996
1669.6 1842744
1670.1 1842868
1670.6 1842928
1671.1 1843040
1671.6 1842896
1672.1 1837328
1672.6 1837328
1673.2 1837328
1673.7 1837296
1674.2 1837296
1674.7 1837296
1675.2 1837288
1675.7 1837288
1676.2 1837288
1676.7 1837288
1677.2 1837288
1677.7 1837288
1678.2 1837256
1678.7 1837256
1679.2 1837320
1679.7 1837320
1680.2 1837320
1680.7 1837320
1681.2 1837320
1681.7 1837320
1682.2 1837320
1682.8 1837320
1683.3 1837320
1683.8 1837288
1684.3 1837288
1684.8 1837288
1685.3 1837288
1685.8 1837288
1686.3 1837320
1686.8 1837320
1687.3 1837288
1687.8 1837288
1688.3 1837288
1688.8 1837288
1689.3 1837288
1689.8 1837288
1690.3 1837288
1690.8 1837288
1691.3 1837288
1691.8 1837256
1692.3 1837256
1692.8 1837256
1693.3 1837256
1693.8 1837256
1694.4 1837320
1694.9 1837320
1695.4 1843420
1695.9 1842984
1696.4 1843000
1696.9 1843128
1697.4 1842908
1697.9 1842748
1698.4 1843048
1698.9 1843000
1699.4 1842780
1699.9 1842844
1700.4 1842572
1700.9 1843108
1701.4 1842652
1701.9 1842460
1702.4 1842224
1702.9 1842772
1703.4 1842540
1703.9 1842760
1704.4 1842588
1704.9 1842636
1705.4 1842660
1705.9 1842804
1706.4 1842740
1706.9 1842980
1707.4 1842820
1707.9 1843420
1708.4 1842880
1708.9 1843008
1709.4 1842700
1709.9 1843064
1710.4 1843008
1710.9 1842740
1711.4 1842820
1711.9 1842284
1712.4 1842268
1712.9 1842772
1713.4 1843292
1713.9 1842976
1714.4 1842820
1714.9 1842980
1715.4 1842660
1715.9 1842452
1716.4 1842548
1716.9 1842516
1717.4 1836568
1717.9 1836568
1718.4 1836568
1718.9 1836568
1719.4 1836600
1720.0 1836600
1720.5 1836564
1721.0 1836564
1721.5 1836564
1722.1 1836564
1722.6 1836564
1723.1 1836564
1723.6 1836564
1724.1 1836564
1724.6 1836564
1725.1 1836564
1725.6 1836532
1726.1 1836532
1726.6 1836596
1727.1 1836596
1727.7 1836596
1728.2 1836596
1728.7 1836596
1729.2 1836596
1729.7 1836564
1730.2 1836564
1730.7 1836564
1731.2 1836564
1731.7 1836564
1732.2 1836564
1732.7 1836564
1733.2 1836564
1733.7 1836564
1734.2 1836564
1734.7 1836596
1735.2 1836596
1735.7 1836596
1736.2 1836596
1736.7 1836596
1737.2 1836596
1737.7 1836596
1738.2 1836596
1738.8 1836596
1739.4 1836564
1739.9 1836564
1740.4 1842544
1740.9 1842132
1741.4 1842228
1741.9 1842480
1742.4 1843172
1742.9 1843112
1743.4 1843380
1743.9 1843300
1744.4 1843048
1744.9 1842840
1745.4 1842960
1745.9 1843072
1746.4 1842360
1746.9 1842344
1747.4 1843228
1747.9 1843056
1748.4 1842740
1748.9 1842884
1749.4 1842536
1749.9 1842552
1750.4 1842700
1750.9 1842668
1751.4 1842812
1751.9 1843064
1752.4 1842904
1752.9 1843032
1753.4 1842904
1753.9 1843016
1754.4 1842708
1754.9 1842456
1755.4 1843320
1755.9 1843036
1756.4 1843256
1756.9 1843320
1757.4 1842704
1757.9 1842892
1758.4 1842988
1758.9 1843240
1759.4 1843160
1759.9 1843460
1760.4 1843568
1760.9 1843204
1761.4 1843284
1761.9 1843096
1762.4 1836820
1762.9 1836820
1763.5 1836884
1764.0 1836884
1764.5 1836884
1765.0 1836884
1765.5 1836880
1766.0 1836880
1766.6 1836880
1767.1 1836880
1767.6 1836848
1768.1 1836848
1768.7 1836848
1769.2 1836848
1769.8 1836848
1770.3 1836848
1770.8 1836880
1771.3 1836880
1771.8 1836848
1772.3 1836848
1772.8 1836848
1773.3 1836848
1773.8 1836848
1774.3 1836848
1774.8 1836848
1775.3 1836848
1775.8 1836848
1776.3 1836848
1776.8 1836816
1777.3 1836816
1777.9 1836880
1778.4 1836880
1778.9 1836880
1779.4 1836880
1779.9 1836880
1780.4 1836880
1780.9 1836880
1781.5 1836848
1782.0 1836848
1782.5 1836848
1783.0 1836848
1783.5 1836848
1784.0 1836848
1784.5 1836848
1785.0 1842980
1785.5 1842884
1786.0 1843328
1786.5 1843060
1787.0 1842964
1787.5 1843216
1788.0 1843028
1788.5 1842892
1789.0 1842604
1789.5 1842900
1790.0 1843156
1790.5 1842916
1791.0 1842824
1791.5 1843092
1792.0 1842996
1792.5 1842996
1793.0 1842948
1793.5 1842648
1794.0 1843092
1794.5 1842248
1795.0 1842440
1795.5 1842692
1796.0 1842660
1796.5 1842596
1797.0 1842708
1797.5 1842960
1798.0 1843016
1798.5 1842872
1799.0 1842920
1799.5 1843092
1800.0 1843012
1800.5 1842852
1801.0 1843168
1801.5 1843644
1802.0 1842648
1802.5 1843172
1803.0 1843200
1803.5 1842680
1804.0 1843028
1804.5 1842696
1805.0 1843184
1805.5 1842728
1806.0 1842884
1806.5 1843152
1807.0 1837196
1807.5 1837196
1808.0 1837196
1808.5 1837196
1809.0 1837196
1809.5 1837196
1810.0 1837164
1810.5 1837164
1811.1 1837156
1811.6 1837156
1812.1 1837220
1812.6 1837220
1813.2 1837220
1813.7 1837220
1814.2 1837220
1814.7 1837220
1815.2 1837188
1815.7 1837188
1816.2 1837188
1816.7 1837188
1817.2 1837188
1817.7 1837188
1818.2 1837188
1818.7 1837188
1819.2 1837188
1819.7 1837220
1820.3 1837220
1820.8 1837220
1821.3 1837220
1821.8 1837220
1822.3 1837220
1822.8 1837220
1823.3 1837220
1823.8 1837188
1824.3 1837188
1824.8 1837188
1825.3 1837188
1825.9 1837188
1826.4 1837188
1826.9 1837220
1827.4 1837220
1827.9 1837220
1828.4 1837220
1828.9 1837188
1829.4 1837188
1829.9 1843512
1830.4 1843036
1830.9 1843304
1831.4 1842980
1831.9 1843044
1832.4 1843136
1832.9 1843312
1833.4 1843200
1833.9 1843092
1834.4 1842980
1834.9 1842864
1835.4 1842912
1835.9 1842676
1836.4 1843040
1836.9 1842568
1837.4 1842804
1837.9 1843308
1838.4 1842896
1838.9 1842928
1839.4 1842992
1839.9 1843552
1840.4 1843188
1840.9 1842904
1841.4 1842904
1841.9 1842652
1842.4 1843220
1842.9 1842496
1843.4 1841992
1843.9 1841944
1844.4 1842432
1844.9 1842592
1845.4 1842668
1845.9 1843284
1846.4 1842808
1846.9 1842888
1847.4 1842984
1847.9 1843200
1848.4 1843240
1848.9 1843404
1849.4 1843504
1849.9 1843568
1850.4 1843284
1850.9 1843416
1851.4 1842956
1851.9 1837220
1852.4 1837220
1852.9 1837188
1853.4 1837188
1853.9 1837188
1854.4 1837188
1854.9 1837188
1855.4 1837188
1855.9 1837180
1856.5 1837180
1857.0 1837180
1857.5 1837180
1858.0 1837212
1858.5 1837212
1859.0 1837212
1859.5 1837212
1860.0 1837212
1860.5 1837212
1861.0 1837212
1861.5 1837212
1862.1 1837180
1862.6 1837180
1863.2 1837180
1863.7 1837180
1864.2 1837180
1864.7 1837180
1865.2 1837180
1865.7 1837212
1866.2 1837212
1866.7 1837212
1867.2 1837180
1867.7 1837180
1868.2 1837180
1868.7 1837180
1869.2 1837180
1869.7 1837180
1870.2 1837180
1870.7 1837180
1871.2 1837180
1871.7 1837180
1872.2 1837148
1872.7 1837212
1873.3 1837212
1873.8 1837212
1874.3 1837212
1874.8 1837212
1875.3 1842924
1875.8 1843036
1876.3 1842720
1876.8 1843152
1877.3 1844032
1877.8 1843240
1878.3 1842688
1878.8 1842752
1879.3 1843084
1879.8 1843096
1880.3 1843204
1880.8 1843140
1881.3 1843236
1881.8 1842448
1882.3 1842068
1882.8 1842180
1883.3 1842164
1883.8 1842212
1884.3 1842384
1884.8 1842432
1885.3 1842208
1885.8 1842444
1886.3 1842584
1886.8 1842744
1887.3 1842824
1887.8 1842412
1888.3 1842300
1888.8 1842412
1889.3 1843060
1889.8 1842712
1890.3 1842304
1890.8 1842468
1891.3 1842656
1891.8 1842688
1892.3 1843256
1892.8 1842780
1893.3 1842356
1893.8 1842752
1894.3 1842704
1894.8 1842816
1895.3 1842852
1895.8 1842776
1896.3 1842664
1896.8 1842804
1897.3 1836864
1897.8 1836864
1898.3 1836864
1898.8 1836864
1899.3 1836864
1899.8 1836864
1900.3 1836896
1900.8 1836892
1901.3 1836892
1901.9 1836892
1902.4 1836892
1902.9 1836892
1903.4 1836892
1903.9 1836892
1904.4 1836892
1904.9 1836892
1905.4 1836892
1905.9 1836860
1906.4 1836860
1906.9 1836860
1907.4 1836860
1907.9 1836892
1908.4 1836892
1908.9 1836892
1909.4 1836892
1909.9 1836892
1910.4 1836860
1910.9 1836860
1911.4 1836860
1911.9 1836860
1912.4 1836860
1913.0 1836860
1913.5 1836860
1914.0 1836860
1914.5 1836828
1915.0 1836828
1915.5 1836892
1916.0 1836892
1916.5 1836892
1917.0 1836892
1917.5 1836892
1918.0 1836892
1918.5 1836892
1919.0 1836892
1919.5 1836860
1920.0 1842652
1920.5 1842508
1921.0 1843188
1921.5 1843364
1922.0 1843032
1922.5 1842496
1923.0 1842556
1923.5 1842872
1924.0 1842964
1924.5 1843096
1925.0 1843468
1925.5 1843136
1926.0 1843484
1926.5 1843232
1927.0 1843248
1927.5 1843216
1928.0 1842852
1928.5 1842744
1929.0 1843184
1929.5 1843152
1930.0 1843064
1930.5 1842720
1931.0 1842972
1931.5 1843224
1932.0 1842688
1932.5 1842452
1933.0 1842532
1933.5 1842340
1934.0 1842388
1934.5 1842388
1935.0 1842256
1935.5 1842364
1936.0 1842648
1936.5 1842552
1937.0 1843040
1937.5 1843044
1938.0 1843388
1938.5 1842804
1939.0 1842852
1939.5 1842852
1940.0 1842944
1940.5 1842488
1941.0 1842456
1941.5 1842772
1942.0 1836852
1942.5 1836852
1943.0 1836852
1943.5 1836820
1944.0 1836820
1944.5 1836820
1945.0 1836816
1945.5 1836816
1946.0 1836848
1946.5 1836848
1947.0 1836848
1947.5 1836848
1948.0 1836816
1948.5 1836816
1949.0 1836816
1949.5 1836816
1950.0 1836816
1950.6 1836816
1951.1 1836816
1951.6 1836816
1952.1 1836816
1952.6 1836816
1953.1 1836784
1953.6 1836848
1954.1 1836848
1954.6 1836848
1955.1 1836848
1955.6 1836848
1956.1 1836848
1956.6 1836848
1957.1 1836816
1957.6 1836816
1958.2 1836816
1958.7 1836816
1959.2 1836816
1959.7 1836816
1960.2 1836816
1960.7 1836816
1961.2 1836848
1961.7 1836848
1962.2 1836816
1962.7 1836816
1963.2 1836816
1963.7 1836816
1964.2 1836816
1964.7 1843964
1965.2 1842728
1965.7 1842600
1966.2 1842696
1966.7 1842364
1967.2 1842396
1967.7 1842364
1968.2 1842364
1968.7 1842980
1969.2 1843072
1969.7 1843132
1970.2 1842976
1970.7 1843148
1971.2 1843180
1971.7 1843372
1972.2 1842644
1972.7 1842340
1973.2 1842832
1973.7 1842564
1974.2 1842820
1974.7 1842872
1975.2 1842872
1975.7 1842872
1976.2 1842872
1976.7 1842872
1977.2 1842880
1977.7 1843008
1978.2 1842832
1978.7 1842692
1979.2 1842944
1979.7 1842736
1980.2 1843036
1980.7 1842860
1981.2 1843004
1981.7 1842812
1982.2 1842592
1982.7 1842752
1983.2 1843320
1983.7 1843128
1984.2 1843096
1984.7 1842552
1985.2 1842964
1985.7 1843120
1986.2 1843232
1986.7 1843136
1987.2 1843752
1987.7 1843120
1988.2 1837252
1988.7 1837252
1989.2 1837252
1989.8 1837252
1990.3 1837248
1990.8 1837248
1991.3 1837216
1991.8 1837216
1992.4 1837216
1992.9 1837216
1993.4 1837216
1993.9 1837216
1994.4 1837216
1994.9 1837216
1995.5 1837248
1996.0 1837248
1996.5 1837248
1997.0 1837248
1997.5 1837248
1998.0 1837248
1998.5 1837248
1999.0 1837248
1999.5 1837248
2000.0 1837248
2000.5 1837216
2001.0 1837216
2001.5 1837216
2002.0 1837216
2002.5 1837216
2003.0 1837216
2003.5 1837216
2004.0 1837248
2004.5 1837248
2005.0 1837216
2005.5 1837216
2006.0 1837216
2006.5 1837216
2007.0 1837216
2007.5 1837216
2008.0 1837216
2008.5 1837216
2009.0 1837216
2009.5 1837184
2010.0 1843412
2010.5 1843764
2011.0 1843132
2011.5 1842972
2012.0 1842600
2012.5 1843392
2013.0 1843028
2013.5 1842852
2014.0 1842400
2014.5 1842176
2015.0 1842264
2015.5 1842296
2016.0 1842676
2016.5 1842960
2017.0 1843052
2017.5 1842944
2018.0 1843036
2018.5 1843144
2019.0 1842912
2019.5 1842912
2020.0 1842580
2020.5 1842596
2021.0 1842328
2021.5 1842676
2022.0 1842424
2022.5 1842944
2023.0 1842220
2023.5 1842676
2024.0 1842796
2024.5 1842620
2025.0 1842552
2025.5 1842632
2026.0 1842836
2026.5 1842804
2027.0 1842804
2027.5 1843296
2028.0 1843136
2028.5 1842992
2029.0 1843672
2029.5 1843088
2030.0 1843304
2030.5 1843036
2031.0 1843336
2031.5 1843276
2032.0 1843100
2032.5 1842848
2033.0 1843068
2033.5 1836952
2034.0 1836952
2034.5 1836952
2035.0 1836952
2035.6 1836944
2036.1 1836944
2036.6 1836944
2037.1 1836944
2037.6 1836976
2038.1 1836976
2038.6 1836976
2039.1 1836976
2039.6 1836976
2040.1 1836976
2040.6 1836976
2041.1 1836976
2041.6 1836944
2042.1 1836944
2042.6 1836944
2043.1 1836944
2043.6 1836944
2044.1 1836944
2044.6 1836976
2045.1 1836976
2045.6 1836976
2046.1 1836976
2046.6 1836944
2047.1 1836944
2047.6 1836944
2048.1 1836944
2048.6 1836944
2049.1 1836944
2049.7 1836944
2050.2 1836944
2050.7 1836944
2051.2 1836944
2051.8 1836912
2052.3 1836976
2052.8 1836976
2053.3 1836976
2053.8 1836976
2054.3 1836976
2054.8 1844196
2055.3 1843180
2055.8 1843432
2056.3 1843640
2056.8 1843204
2057.3 1843204
2057.8 1843108
2058.3 1843220
2058.8 1842888
2059.3 1842352
2059.8 1842832
2060.3 1842800
2060.8 1842912
2061.3 1842536
2061.8 1842312
2062.3 1842392
2062.8 1842108
2063.3 1842060
2063.8 1842108
2064.3 1842536
2064.8 1842752
2065.3 1843648
2065.8 1843616
2066.3 1842720
2066.8 1842828
2067.3 1843208
2067.8 1843128
2068.3 1843128
2068.8 1843224
2069.3 1843064
2069.8 1843264
2070.3 1843376
2070.8 1843264
2071.3 1843124
2071.8 1842760
2072.3 1842872
2072.8 1842052
2073.3 1842464
2073.8 1842652
2074.3 1842508
2074.8 1842636
2075.3 1842700
2075.8 1842728
2076.3 1842904
2076.8 1842872
2077.3 1836772
2077.8 1836804
2078.3 1836804
2078.8 1836804
2079.3 1836804
2079.8 1836772
2080.3 1836772
2080.8 1836768
2081.3 1836768
2081.8 1836768
2082.4 1836768
2082.9 1836768
2083.4 1836768
2083.9 1836768
2084.4 1836768
2084.9 1836736
2085.5 1836800
2086.0 1836800
2086.5 1836800
2087.0 1836800
2087.5 1836800
2088.0 1836800
2088.5 1836800
2089.0 1836800
2089.5 1836800
2090.0 1836768
2090.6 1836768
2091.1 1836768
2091.6 1836768
2092.1 1836768
2092.6 1836768
2093.1 1836800
2093.6 1836800
2094.1 1836768
2094.7 1836768
2095.2 1836768
2095.7 1836768
2096.2 1836768
2096.7 1836768
2097.2 1836768
2097.7 1836768
2098.2 1836768
2098.7 1836768
2099.2 1836736
2099.7 1842700
2100.2 1842836
2100.7 1843228
2101.2 1842916
2101.7 1842804
2102.2 1843104
2102.7 1843152
2103.2 1842992
2103.7 1842992
2104.2 1843104
2104.7 1842968
2105.2 1844196
2105.7 1843728
2106.2 1843784
2106.7 1843836
2107.2 1844188
2107.7 1843124
2108.2 1841624
2108.7 1842496
2109.2 1842844
2109.7 1843180
2110.2 1843308
2110.7 1843228
2111.2 1842992
2111.7 1842788
2112.2 1842456
2112.7 1843116
2113.2 1842896
2113.7 1842616
2114.2 1843292
2114.7 1842528
2115.2 1843680
2115.7 1843320
2116.2 1843004
2116.7 1843448
2117.2 1843144
2117.7 1843288
2118.2 1843160
2118.7 1843116
2119.2 1842184
2119.7 1842632
2120.2 1842984
2120.7 1843048
2121.2 1843316
2121.7 1843000
2122.2 1836788
2122.7 1836788
2123.2 1836788
2123.7 1836788
2124.2 1836788
2124.7 1836788
2125.2 1836788
2125.7 1836780
2126.2 1836812
2126.7 1836812
2127.2 1836812
2127.7 1836812
2128.2 1836812
2128.7 1836812
2129.2 1836812
2129.7 1836812
2130.3 1836812
2130.8 1836812
2131.3 1836780
2131.8 1836780
2132.3 1836780
2132.8 1836780
2133.3 1836812
2133.8 1836812
2134.3 1836812
2134.8 1836812
2135.3 1836812
2135.9 1836812
2136.4 1836780
2136.9 1836780
2137.4 1836780
2137.9 1836780
2138.4 1836780
2138.9 1836780
2139.4 1836780
2139.9 1836780
2140.4 1836748
2140.9 1836812
2141.4 1836812
2141.9 1836812
2142.4 1836812
2142.9 1836812
2143.4 1836812
2143.9 1836812
2144.4 1836812
2144.9 1842956
2145.4 1842480
2145.9 1842636
2146.4 1843124
2146.9 1843156
2147.4 1842952
2147.9 1842920
2148.4 1842952
2148.9 1843408
2149.4 1842788
2149.9 1842600
2150.4 1842852
2150.9 1843040
2151.4 1842736
2151.9 1843924
2152.4 1843180
2152.9 1843556
2153.4 1843180
2153.9 1843244
2154.4 1843024
2154.9 1843032
2155.4 1842984
2155.9 1843032
2156.4 1843016
2156.9 1842920
2157.4 1842604
2157.9 1843020
2158.4 1843276
2158.9 1843088
2159.4 1842944
2159.9 1843236
2160.4 1843252
2160.9 1842716
2161.4 1842952
2161.9 1842620
2162.4 1842652
2162.9 1842872
2163.4 1843156
2163.9 1843064
2164.4 1842924
2164.9 1843848
2165.4 1842708
2165.9 1843028
2166.4 1843232
2166.9 1837096
2167.4 1837096
2167.9 1837096
2168.5 1837160
2169.0 1837160
2169.5 1837160
2170.0 1837152
2170.5 1837152
2171.0 1837120
2171.5 1837120
2172.0 1837120
2172.5 1837120
2173.0 1837120
2173.5 1837120
2174.0 1837120
2174.5 1837120
2175.0 1837152
2175.5 1837152
2176.0 1837120
2176.5 1837120
2177.0 1837120
2177.5 1837120
2178.0 1837120
2178.5 1837120
2179.0 1837120
2179.5 1837120
2180.0 1837120
2180.6 1837088
2181.1 1837088
2181.9 1837088
2182.6 1837088
2183.1 1837152
2183.6 1837152
2184.1 1837152
2184.6 1837152
2185.1 1837152
2185.7 1837152
2186.2 1837120
2186.7 1837120
2187.2 1837120
2187.9 1837120
2188.4 1837120
2188.9 1837120
2189.4 1837120
2189.9 1841020
2190.4 1842680
2190.9 1842696
2191.4 1842648
2191.9 1842868
2192.4 1842932
2192.9 1842948
2193.4 1842836
2193.9 1843248
2194.4 1842536
2194.9 1842492
2195.4 1842712
2195.9 1842804
2196.4 1843200
2196.9 1843280
2197.4 1843108
2197.9 1842824
2198.4 1842728
2198.9 1842696
2199.4 1842712
2199.9 1842624
2200.4 1842752
2200.9 1843020
2201.4 1842640
2201.9 1842972
2202.4 1842988
2202.9 1843464
2203.4 1843176
2203.9 1844168
2204.4 1843700
2204.9 1842608
2205.4 1843068
2205.9 1843024
2206.4 1842928
2206.9 1843288
2207.4 1843556
2207.9 1843180
2208.4 1843244
2208.9 1842896
2209.4 1842976
2209.9 1843188
2210.4 1843172
2210.9 1843332
2211.4 1843268
2211.9 1841572
2212.4 1836820
2212.9 1836820
2213.4 1836820
2213.9 1836820
2214.4 1836852
2214.9 1836852
2215.4 1836844
2215.9 1836844
2216.4 1836844
2217.0 1836844
2217.5 1836844
2218.0 1836844
2218.5 1836844
2219.0 1836844
2219.5 1836812
2220.0 1836812
2220.5 1836812
2221.0 1836844
2221.5 1836844
2222.0 1836844
2222.5 1836844
2223.2 1836844
2223.7 1836844
2224.2 1836812
2224.7 1836812
2225.2 1836812
2225.7 1836812
2226.2 1836812
2226.7 1836812
2227.2 1836812
2227.7 1836812
2228.2 1836812
2228.7 1836812
2229.2 1836844
2229.7 1836844
2230.2 1836844
2230.7 1836844
2231.2 1836844
2231.7 1836844
2232.2 1836844
2232.8 1836844
2233.3 1836812
2233.8 1836812
2234.3 1836812
2234.8 1844084
2235.3 1842896
2235.8 1843100
2236.3 1842816
2236.8 1842896
2237.3 1842896
2237.8 1842960
2238.3 1842960
2238.8 1843008
2239.3 1842564
2239.8 1842904
2240.3 1843140
2240.8 1842856
2241.3 1842920
2241.8 1843204
2242.3 1842984
2242.8 1842856
2243.3 1843376
2243.8 1842588
2244.3 1842888
2244.8 1842660
2245.3 1842548
2245.8 1842724
2246.3 1842596
2246.8 1842740
2247.3 1842752
2247.8 1842692
2248.3 1843228
2248.8 1842928
2249.3 1843164
2249.8 1842920
2250.3 1843108
2250.8 1842936
2251.3 1842768
2251.8 1842944
2252.3 1843036
2252.8 1842880
2253.3 1842800
2253.8 1842832
2254.3 1842944
2254.8 1842352
2255.3 1842304
2255.8 1842620
2256.3 1843140
2256.8 1837384
2257.3 1836856
2257.8 1836856
2258.4 1836856
2258.9 1836856
2259.4 1836856
2260.0 1836852
2260.5 1836852
2261.0 1836884
2261.5 1836884
2262.0 1836884
2262.5 1836884
2263.0 1836884
2263.5 1836884
2264.0 1836884
2264.5 1836884
2265.0 1836884
2265.6 1836884
2266.1 1836884
2266.6 1836852
2267.1 1836852
2267.6 1836852
2268.1 1836852
2268.6 1836884
2269.2 1836884
2269.7 1836884
2270.2 1836884
2270.7 1836852
2271.2 1836852
2271.7 1836852
2272.2 1836852
2272.7 1836852
2273.2 1836852
2273.7 1836852
2274.2 1836852
2274.7 1836852
2275.2 1836852
2275.7 1836884
2276.2 1836884
2276.7 1836884
2277.2 1836884
2277.7 1836884
2278.2 1836884
2278.7 1836884
2279.2 1836884
2279.7 1839740
2280.2 1842704
2280.7 1842512
2281.2 1842988
2281.7 1843176
2282.2 1843032
2282.7 1842984
2283.2 1843064
2283.7 1843064
2284.2 1843240
2284.7 1842760
2285.2 1843212
2285.7 1842956
2286.2 1842912
2286.7 1842644
2287.2 1842516
2287.7 1842708
2288.2 1842612
2288.7 1842232
2289.2 1842124
2289.7 1842384
2290.2 1842432
2290.7 1842872
2291.2 1843108
2291.7 1843596
2292.2 1843440
2292.7 1843092
2293.2 1843108
2293.7 1843060
2294.2 1842620
2294.7 1842360
2295.2 1842076
2295.7 1842124
2296.2 1842184
2296.7 1842516
2297.2 1843164
2297.7 1843132
2298.2 1843008
2298.7 1843036
2299.2 1842944
2299.7 1843184
2300.2 1843120
2300.7 1842788
2301.2 1843120
2301.7 1843248
2302.2 1837008
2302.7 1837008
2303.2 1837008
2303.7 1836976
2304.2 1837040
2304.7 1837040
2305.2 1837040
2305.7 1837036
2306.2 1837036
2306.7 1837036
2307.2 1837036
2307.7 1837036
2308.2 1837036
2308.7 1837004
2309.2 1837004
2309.8 1837004
2310.4 1837004
2310.9 1837004
2311.4 1837036
2311.9 1837036
2312.4 1837036
2312.9 1837036
2313.4 1837004
2314.1 1837004
2314.6 1837004
2315.1 1837004
2315.8 1837004
2316.3 1837004
2316.8 1837004
2317.3 1837004
2317.8 1837004
2318.3 1836972
2318.8 1836972
2319.4 1836972
2319.9 1837036
2320.4 1837036
2320.9 1837036
2321.4 1837036
2321.9 1837036
2322.4 1837036
2322.9 1837004
2323.4 1837004
2323.9 1837004
2324.4 1837004
2324.9 1837004
2325.4 1843588
2325.9 1842816
2326.4 1842988
2326.9 1843100
2327.4 1842832
2327.9 1842768
2328.4 1842896
2328.9 1842800
2329.4 1842940
2329.9 1843360
2330.4 1843112
2330.9 1843288
2331.4 1843144
2331.9 1843128
2332.4 1842812
2332.9 1842908
2333.4 1843080
2333.9 1843128
2334.4 1842828
2334.9 1843048
2335.4 1842756
2335.9 1842916
2336.4 1842884
2336.9 1842788
2337.4 1842868
2337.9 1842804
2338.4 1842584
2338.9 1842568
2339.4 1842852
2339.9 1842804
2340.4 1842464
2340.9 1842624
2341.4 1842560
2341.9 1842876
2342.4 1843188
2342.9 1842880
2343.4 1842560
2343.9 1842512
2344.4 1842432
2344.9 1842308
2345.4 1843088
2345.9 1842884
2346.4 1842896
2346.9 1842648
2347.4 1836728
2347.9 1836728
2348.4 1836728
2348.9 1836728
2349.4 1836728
2349.9 1836728
2350.4 1836728
2350.9 1836728
2351.4 1836728
2351.9 1836760
2352.4 1836760
2352.9 1836760
2353.4 1836760
2353.9 1836760
2354.4 1836760
2354.9 1836760
2355.4 1836760
2355.9 1836760
2356.4 1836760
2357.0 1836728
2357.5 1836728
2358.0 1836728
2358.5 1836728
2359.0 1836728
2359.5 1836728
2360.0 1836760
2360.5 1836760
2361.0 1836728
2361.5 1836728
2362.0 1836728
2362.5 1836728
2363.0 1836728
2363.5 1836728
2364.0 1836728
2364.5 1836728
2365.2 1836728
2365.7 1836728
2366.2 1836696
2366.7 1836760
2367.2 1836760
2367.7 1836760
2368.2 1836760
2368.8 1836760
2369.3 1836760
2369.8 1843140
2370.3 1843404
2370.8 1843228
2371.3 1843420
2371.8 1842900
2372.3 1842868
2372.8 1842852
2373.3 1843212
2373.8 1842924
2374.3 1843016
2374.8 1842792
2375.3 1843156
2375.8 1843044
2376.3 1843344
2376.8 1843124
2377.3 1843108
2377.8 1842776
2378.3 1842604
2378.8 1842744
2379.3 1842588
2379.8 1843384
2380.3 1843084
2380.8 1843004
2381.3 1842832
2381.8 1843100
2382.3 1842720
2382.8 1842988
2383.3 1842928
2383.8 1843116
2384.3 1843100
2384.8 1843084
2385.3 1843084
2385.8 1843116
2386.3 1843100
2386.8 1843132
2387.3 1842912
2387.8 1842736
2388.3 1842828
2388.8 1842912
2389.3 1842832
2389.8 1842696
2390.3 1842476
2390.8 1842036
2391.3 1841908
2391.8 1836528
2392.3 1836528
2392.9 1836528
2393.4 1836528
2393.9 1836528
2394.4 1836528
2394.9 1836496
2395.4 1836496
2395.9 1836556
2396.4 1836556
2396.9 1836556
2397.4 1836556
2397.9 1836556
2398.4 1836556
2398.9 1836524
2399.4 1836524
2399.9 1836524
2400.4 1836524
2400.9 1836524
2401.4 1836524
2401.9 1836524
2402.4 1836524
2402.9 1836524
2403.4 1836524
2403.9 1836556
2404.4 1836556
2404.9 1836556
2405.4 1836556
2405.9 1836556
2406.4 1836556
2406.9 1836556
2407.4 1836556
2407.9 1836556
2408.4 1836556
2408.9 1836524
2409.4 1836524
2409.9 1836524
2410.4 1836524
2410.9 1836556
2411.4 1836556
2411.9 1836556
2412.4 1836556
2412.9 1836524
2413.5 1836524
2414.0 1836524
2414.5 1836524
2415.0 1842852
2415.5 1842760
2416.0 1842740
2416.5 1842976
2417.0 1842756
2417.5 1843168
2418.0 1843212
2418.5 1843024
2419.0 1842520
2419.5 1842472
2420.0 1842844
2420.5 1842812
2421.0 1842844
2421.5 1843080
2422.0 1842796
2422.5 1843160
2423.0 1843348
2423.5 1843316
2424.0 1843332
2424.5 1843220
2425.0 1843020
2425.5 1843020
2426.0 1842988
2426.5 1842972
2427.0 1843100
2427.5 1843084
2428.0 1843068
2428.5 1842704
2429.0 1842816
2429.5 1842832
2430.0 1842864
2430.5 1842736
2431.0 1842800
2431.5 1843036
2432.0 1842800
2432.5 1843004
2433.0 1842704
2433.5 1842564
2434.0 1842484
2434.5 1842516
2435.0 1842628
2435.5 1842516
2436.0 1842280
2436.5 1842784
2437.0 1837160
2437.5 1837160
2438.0 1837160
2438.5 1837160
2439.0 1837160
2439.5 1837160
2440.0 1837156
2440.6 1837156
2441.2 1837156
2441.7 1837124
2442.2 1837124
2442.7 1837124
2443.2 1837124
2443.7 1837124
2444.2 1837124
2444.8 1837124
2445.3 1837156
2445.8 1837156
2446.3 1837156
2446.8 1837124
2447.3 1837124
2447.8 1837124
2448.3 1837124
2448.8 1837124
2449.3 1837124
2449.8 1837124
2450.3 1837124
2450.8 1837124
2451.3 1837092
2451.8 1837156
2452.3 1837156
2452.8 1837156
2453.3 1837156
2453.8 1837156
2454.3 1837156
2454.8 1837156
2455.3 1837156
2455.8 1837124
2456.3 1837124
2456.8 1837124
2457.3 1837124
2457.8 1837124
2458.3 1837124
2458.8 1837124
2459.3 1837156
2459.8 1837156
2460.3 1843048
2460.8 1842984
2461.3 1843096
2461.8 1842952
2462.3 1843032
2462.8 1843048
2463.3 1843168
2463.8 1842820
2464.3 1842740
2464.8 1843024
2465.3 1843064
2465.8 1843096
2466.3 1842876
2466.8 1842844
2467.3 1842828
2467.8 1842748
2468.3 1842764
2468.8 1842968
2469.3 1842812
2469.8 1842400
2470.3 1842784
2470.8 1842832
2471.3 1842744
2471.8 1842712
2472.3 1843380
2472.8 1843048
2473.3 1843028
2473.8 1842572
2474.3 1842492
2474.8 1842840
2475.3 1842748
2475.8 1842812
2476.3 1842812
2476.8 1842748
2477.3 1843064
2477.8 1843080
2478.3 1843000
2478.8 1842796
2479.3 1843072
2479.8 1843024
2480.3 1843004
2480.8 1842988
2481.3 1843052
2481.8 1843020
2482.3 1843020
2482.8 1843036
2483.3 1837024
2483.9 1837056
2484.5 1837056
2485.0 1837056
2485.5 1837056
2486.0 1837056
2486.5 1837048
2487.0 1837048
2487.5 1837048
2488.0 1837048
2488.6 1837048
2489.1 1837048
2489.6 1837016
2490.1 1837016
2490.6 1837016
2491.2 1837048
2491.7 1837048
2492.2 1837048
2492.9 1837048
2493.4 1837048
2494.1 1837048
2494.6 1837016
2495.1 1837016
2495.7 1837016
2496.2 1837016
2496.7 1837016
2497.3 1837016
2497.9 1837016
2498.4 1837016
2498.9 1837016
2499.4 1837048
2499.9 1837048
2500.4 1837048
2500.9 1837048
2501.4 1837048
2501.9 1837048
2502.4 1837048
2502.9 1837048
2503.4 1837048
2503.9 1837048
2504.4 1837016
2504.9 1837016
2505.4 1843312
2505.9 1843392
2506.4 1842956
2506.9 1843116
2507.4 1842816
2507.9 1843068
2508.4 1843540
2508.9 1842832
2509.4 1842944
2509.9 1842816
2510.4 1843240
2510.9 1843288
2511.4 1842956
2511.9 1843052
2512.4 1843084
2512.9 1842924
2513.4 1842644
2513.9 1842704
2514.4 1842816
2514.9 1842688
2515.4 1842712
2515.9 1842776
2516.4 1843028
2516.9 1842964
2517.4 1842648
2517.9 1842728
2518.4 1842948
2518.9 1843264
2519.4 1842964
2519.9 1843044
2520.4 1842772
2520.9 1842660
2521.4 1842488
2521.9 1843024
2522.4 1843088
2522.9 1843040
2523.4 1842756
2523.9 1842724
2524.4 1842536
2524.9 1842676
2525.4 1843400
2525.9 1843004
2526.4 1842892
2526.9 1843200
2527.4 1842852
2527.9 1842520
2528.4 1836328
2529.0 1836392
2529.5 1836392
2530.0 1836392
2530.5 1836392
2531.0 1836392
2531.5 1836384
2532.0 1836384
2532.5 1836384
2533.1 1836352
2533.6 1836352
2534.1 1836352
2534.6 1836352
2535.1 1836352
2535.6 1836352
2536.1 1836352
2536.6 1836384
2537.1 1836384
2537.6 1836384
2538.1 1836352
2538.6 1836352
2539.1 1836352
2539.6 1836352
2540.1 1836352
2540.6 1836352
2541.1 1836352
2541.6 1836352
2542.1 1836352
2542.7 1836320
2543.2 1836320
2543.7 1836320
2544.2 1836320
2544.7 1836384
2545.2 1836384
2545.7 1836384
2546.2 1836384
2546.7 1836352
2547.2 1836352
2547.7 1836352
2548.2 1836352
2548.7 1836352
2549.2 1836352
2549.7 1836352
2550.2 1842004
2550.7 1842256
2551.2 1842556
2551.7 1842288
2552.2 1842444
2552.7 1842616
2553.2 1842840
2553.7 1842884
2554.2 1843136
2554.7 1842964
2555.2 1842832
2555.7 1843132
2556.2 1843008
2556.7 1843260
2557.2 1843196
2557.7 1842896
2558.2 1842820
2558.7 1843200
2559.2 1843180
2559.7 1843008
2560.2 1842688
2560.7 1842468
2561.2 1842152
2561.7 1842356
2562.2 1842744
2562.7 1842996
2563.2 1843248
2563.7 1842932
2564.2 1843028
2564.7 1842948
2565.2 1842924
2565.7 1842956
2566.2 1843084
2566.7 1843020
2567.2 1842784
2567.7 1842892
2568.2 1843000
2568.7 1842924
2569.2 1842940
2569.7 1842768
2570.2 1843028
2570.7 1842760
2571.2 1842112
2571.7 1842508
2572.2 1842616
2572.7 1843200
2573.2 1839996
2573.7 1837072
2574.2 1837072
2574.7 1837072
2575.3 1837036
2575.8 1837036
2576.3 1837036
2576.8 1837036
2577.3 1837068
2577.8 1837068
2578.3 1837068
2578.8 1837068
2579.3 1837036
2579.8 1837036
2580.3 1837036
2580.8 1837036
2581.3 1837036
2581.9 1837036
2582.4 1837036
2582.9 1837036
2583.5 1837036
2584.0 1837036
2584.5 1837068
2585.0 1837068
2585.5 1837068
2586.0 1837068
2586.5 1837068
2587.0 1837068
2587.6 1837068
2588.1 1837068
2588.6 1837068
2589.1 1837068
2589.7 1837036
2590.2 1837036
2590.8 1837036
2591.3 1837036
2591.8 1837036
2592.3 1837036
2592.8 1837068
2593.3 1837068
2593.8 1837068
2594.3 1837068
2594.8 1837036
2595.3 1842320
2595.8 1842116
2596.3 1842068
2596.8 1842196
2597.3 1842748
2597.8 1842920
2598.3 1842808
2598.8 1842936
2599.3 1842572
2599.8 1843220
2600.3 1842648
2600.8 1842316
2601.3 1842428
2601.8 1842852
2602.3 1843136
2602.8 1843216
2603.3 1843184
2603.8 1842868
2604.3 1842540
2604.8 1842204
2605.3 1842660
2605.8 1842784
2606.3 1842896
2606.8 1843004
2607.3 1842928
2607.8 1842848
2608.3 1843004
2608.8 1843084
2609.3 1843260
2609.8 1842848
2610.3 1842700
2610.8 1842936
2611.3 1842984
2611.8 1842872
2612.3 1842872
2612.8 1842808
2613.3 1842776
2613.8 1842524
2614.3 1842920
2614.8 1842824
2615.3 1843052
2615.8 1842752
2616.3 1842692
2616.8 1842692
2617.3 1842660
2617.8 1842676
2618.3 1836648
2618.8 1836648
2619.3 1836648
2619.8 1836648
2620.3 1836644
2620.8 1836676
2621.3 1836676
2621.9 1836676
2622.4 1836676
2622.9 1836644
2623.4 1836644
2623.9 1836644
2624.4 1836644
2624.9 1836644
2625.4 1836644
2625.9 1836644
2626.4 1836644
2626.9 1836612
2627.4 1836612
2627.9 1836612
2628.4 1836676
2628.9 1836676
2629.4 1836676
2629.9 1836676
2630.5 1836676
2631.0 1836676
2631.5 1836676
2632.0 1836676
2632.5 1836676
2633.0 1836644
2633.5 1836644
2634.0 1836644
2634.5 1836644
2635.0 1836644
2635.5 1836644
2636.0 1836644
2636.6 1836644
2637.1 1836676
2637.7 1836676
2638.2 1836676
2638.7 1836676
2639.2 1836676
2639.7 1836676
2640.2 1842404
2640.7 1842296
2641.2 1842152
2641.7 1842340
2642.2 1842420
2642.7 1842768
2643.2 1842688
2643.7 1842768
2644.2 1842688
2644.7 1842324
2645.2 1842632
2645.7 1843028
2646.2 1843184
2646.7 1842916
2647.2 1842916
2647.7 1842852
2648.2 1842804
2648.7 1843264
2649.2 1842692
2649.7 1842428
2650.2 1842568
2650.7 1842708
2651.2 1842596
2651.7 1842644
2652.2 1842644
2652.7 1842564
2653.2 1842596
2653.7 1842912
2654.2 1842612
2654.7 1842692
2655.2 1842056
2655.7 1842624
2656.2 1842512
2656.7 1842656
2657.2 1842512
2657.7 1842324
2658.2 1843144
2658.7 1843032
2659.2 1842596
2659.7 1842940
2660.2 1843120
2660.7 1843012
2661.2 1843136
2661.7 1842900
2662.2 1842948
2662.7 1842568
2663.2 1838956
2663.7 1836604
2664.2 1836604
2664.7 1836604
2665.2 1836604
2665.7 1836568
2666.2 1836568
2666.7 1836568
2667.2 1836568
2667.7 1836600
2668.4 1836600
2668.9 1836600
2669.4 1836600
2669.9 1836600
2670.4 1836600
2670.9 1836568
2671.4 1836568
2672.0 1836568
2672.5 1836568
2673.0 1836568
2673.5 1836568
2674.0 1836568
2674.6 1836568
2675.1 1836568
2675.6 1836568
2676.1 1836600
2676.6 1836600
2677.1 1836600
2677.6 1836600
2678.1 1836600
2678.6 1836600
2679.1 1836600
2679.6 1836568
2680.1 1836568
2680.8 1836568
2681.3 1836568
2681.8 1836568
2682.3 1836568
2682.8 1836600
2683.3 1836600
2683.8 1836600
2684.4 1836568
2684.9 1842612
2685.4 1843280
2685.9 1843076
2686.4 1842808
2686.9 1842872
2687.4 1842936
2687.9 1842904
2688.4 1842952
2688.9 1843220
2689.4 1842808
2689.9 1843236
2690.4 1842872
2690.9 1842856
2691.4 1843228
2691.9 1843040
2692.4 1843008
2692.9 1843148
2693.4 1843180
2693.9 1843148
2694.4 1843040
2694.9 1842560
2695.4 1842544
2695.9 1842560
2696.4 1842356
2696.9 1842120
2697.4 1842924
2697.9 1842876
2698.4 1843176
2698.9 1843208
2699.4 1842544
2699.9 1842472
2700.4 1843104
2700.9 1842568
2701.4 1842852
2701.9 1843184
2702.4 1842916
2702.9 1842284
2703.4 1842728
2703.9 1843104
2704.4 1843072
2704.9 1843092
2705.4 1843060
2705.9 1843204
2706.4 1843236
2707.0 1837168
2707.5 1837136
2708.0 1837136
2708.5 1837136
2709.0 1837136
2709.5 1837136
2710.0 1837136
2710.5 1837136
2711.0 1837128
2711.5 1837128
2712.0 1837128
2712.5 1837096
2713.0 1837096
2713.5 1837096
2714.0 1837160
2714.5 1837160
2715.1 1837160
2715.6 1837160
2716.1 1837160
2716.6 1837160
2717.1 1837128
2717.6 1837128
2718.1 1837128
2718.6 1837128
2719.1 1837128
2719.6 1837128
2720.1 1837128
2720.6 1837128
2721.1 1837128
2721.6 1837128
2722.1 1837160
2722.6 1837160
2723.1 1837160
2723.6 1837160
2724.1 1837160
2724.6 1837160
2725.1 1837160
2725.6 1837160
2726.1 1837160
2726.6 1837128
2727.2 1837128
2727.7 1837128
2728.2 1837128
2728.7 1837160
2729.2 1837160
2729.7 1843088
2730.2 1842880
2730.7 1842912
2731.2 1842320
2731.7 1842948
2732.2 1842920
2732.7 1842904
2733.2 1842876
2733.7 1843068
2734.2 1842928
2734.7 1842632
2735.2 1842708
2735.7 1842752
2736.2 1842896
2736.7 1842832
2737.2 1842800
2737.7 1843180
2738.2 1842356
2738.7 1843084
2739.2 1842784
2739.7 1842808
2740.2 1843000
2740.7 1843060
2741.2 1843588
2741.7 1843796
2742.2 1843300
2742.7 1843328
2743.2 1842776
2743.7 1842668
2744.2 1842620
2744.7 1842812
2745.2 1842592
2745.7 1842608
2746.2 1842420
2746.7 1842876
2747.2 1843048
2747.7 1842892
2748.2 1842892
2748.7 1842908
2749.2 1842892
2749.7 1842792
2750.2 1842904
2750.7 1842932
2751.2 1843216
2751.7 1843128
2752.2 1837428
2752.7 1837396
2753.2 1837396
2753.7 1837396
2754.2 1837396
2754.8 1837396
2755.3 1837396
2755.8 1837396
2756.3 1837392
2756.8 1837392
2757.3 1837392
2757.8 1837360
2758.3 1837424
2758.8 1837424
2759.3 1837424
2759.8 1837424
2760.3 1837424
2760.8 1837424
2761.3 1837424
2761.8 1837424
2762.3 1837424
2762.8 1837392
2763.3 1837392
2763.8 1837392
2764.3 1837392
2764.8 1837392
2765.3 1837392
2765.8 1837392
2766.3 1837424
2766.9 1837392
2767.4 1837392
2767.9 1837392
2768.4 1837392
2768.9 1837392
2769.4 1837392
2769.9 1837392
2770.4 1837392
2770.9 1837392
2771.5 1837392
2772.0 1837360
2772.6 1837360
2773.1 1837424
2773.6 1837424
2774.1 1837424
2774.6 1837424
2775.1 1842884
2775.6 1842680
2776.1 1842536
2776.6 1842284
2777.1 1842396
2777.6 1842156
2778.1 1842252
2778.6 1842300
2779.1 1842744
2779.6 1843596
2780.1 1843120
2780.6 1843400
2781.1 1842932
2781.6 1842996
2782.1 1842692
2782.6 1842868
2783.1 1843184
2783.6 1842896
2784.1 1843088
2784.6 1842804
2785.1 1842600
2785.6 1842616
2786.1 1842384
2786.6 1842364
2787.1 1842160
2787.6 1842724
2788.1 1842900
2788.6 1842912
2789.1 1842852
2789.6 1843152
2790.1 1842580
2790.6 1843132
2791.1 1843020
2791.6 1842736
2792.1 1843164
2792.6 1843256
2793.1 1843368
2793.6 1843164
2794.1 1843116
2794.6 1842752
2795.1 1842844
2795.6 1843080
2796.1 1843192
2796.6 1842892
2797.1 1836824
2797.6 1836824
2798.1 1836792
2798.6 1836792
2799.1 1836792
2799.6 1836792
2800.1 1836784
2800.6 1836784
2801.1 1836784
2801.6 1836784
2802.1 1836784
2802.6 1836784
2803.1 1836816
2803.6 1836816
2804.1 1836816
2804.6 1836816
2805.1 1836816
2805.6 1836816
2806.1 1836816
2806.6 1836816
2807.1 1836816
2807.6 1836816
2808.1 1836784
2808.6 1836784
2809.1 1836784
2809.6 1836784
2810.1 1836784
2810.6 1836784
2811.1 1836816
2811.8 1836816
2812.3 1836784
2812.8 1836784
2813.3 1836784
2813.8 1836784
2814.3 1836784
2814.8 1836784
2815.3 1836784
2815.8 1836784
2816.4 1836784
2816.9 1836784
2817.4 1836752
2817.9 1836816
2818.4 1836816
2818.9 1836816
2819.4 1836816
2819.9 1842860
2820.4 1842300
2820.9 1842080
2821.4 1842364
2821.9 1842648
2822.4 1842836
2822.9 1843072
2823.4 1842820
2823.9 1843056
2824.4 1842960
2824.9 1843100
2825.4 1842596
2825.9 1842736
2826.4 1842720
2826.9 1843036
2827.4 1842928
2827.9 1843084
2828.4 1842752
2828.9 1842896
2829.4 1842832
2829.9 1843128
2830.4 1843048
2830.9 1843128
2831.4 1842984
2831.9 1842968
2832.4 1843144
2832.9 1843016
2833.4 1842968
2833.9 1843160
2834.4 1842888
2834.9 1843016
2835.4 1842828
2835.9 1842796
2836.4 1843016
2836.9 1842780
2837.4 1842780
2837.9 1842464
2838.4 1843268
2838.9 1842684
2839.4 1842480
2839.9 1843224
2840.4 1842780
2840.9 1843064
2841.4 1843032
2841.9 1836928
2842.4 1836928
2842.9 1836928
2843.4 1836928
2843.9 1836928
2844.4 1836960
2845.0 1836960
2845.5 1836960
2846.0 1836960
2846.5 1836960
2847.0 1836928
2847.5 1836928
2848.1 1836928
2848.7 1836928
2849.3 1836928
2849.8 1836928
2850.3 1836928
2850.8 1836928
2851.3 1836928
2851.8 1836928
2852.3 1836960
2852.8 1836960
2853.3 1836960
2853.8 1836960
2854.3 1836960
2854.8 1836960
2855.3 1836960
2855.8 1836960
2856.3 1836928
2856.8 1836928
2857.3 1836928
2857.8 1836928
2858.3 1836928
2858.8 1836928
2859.3 1836960
2859.8 1836960
2860.3 1836960
2860.8 1836960
2861.3 1836928
2861.8 1836928
2862.3 1836928
2862.8 1836928
2863.3 1836928
2863.8 1836928
2864.3 1836928
2864.8 1836928
2865.3 1842616
2865.8 1842836
2866.3 1842772
2866.8 1843120
2867.3 1842976
2867.8 1843104
2868.3 1843168
2868.8 1842584
2869.3 1842600
2869.8 1842316
2870.3 1843412
2870.8 1843400
2871.3 1843176
2871.8 1842640
2872.3 1842796
2872.8 1842876
2873.3 1842828
2873.8 1843112
2874.3 1842780
2874.8 1842812
2875.3 1843160
2875.8 1842860
2876.3 1842988
2876.8 1842892
2877.3 1842480
2877.8 1843300
2878.3 1842776
2878.8 1842432
2879.3 1843140
2879.8 1842984
2880.3 1843112
2880.8 1843064
2881.3 1843064
2881.8 1842908
2882.3 1842764
2882.8 1842936
2883.3 1843444
2883.8 1843144
2884.3 1843128
2884.8 1843428
2885.3 1842356
2885.8 1842496
2886.3 1842784
2886.8 1842356
2887.3 1836120
2887.8 1836120
2888.3 1836120
2888.8 1836120
2889.3 1836088
2889.8 1836088
2890.3 1836088
2890.8 1836088
2891.3 1836088
2891.8 1836088
2892.3 1836088
2892.8 1836088
2893.3 1836088
2893.8 1836120
2894.3 1836120
2894.8 1836120
2895.3 1836120
2895.8 1836120
2896.3 1836120
2896.8 1836120
2897.3 1836120
2897.8 1836120
2898.3 1836120
2898.8 1836088
2899.3 1836088
2899.8 1836088
2900.4 1836088
2900.9 1836088
2901.4 1836120
2901.9 1836120
2902.5 1836120
2903.0 1836120
2903.5 1836088
2904.0 1836088
2904.5 1836088
2905.0 1836088
2905.5 1836088
2906.0 1836088
2906.5 1836088
2907.0 1836088
2907.6 1836056
2908.1 1836120
2908.6 1836120
2909.1 1836120
2909.6 1836120
2910.1 1842468
2910.6 1842188
2911.1 1842456
2911.6 1842632
2912.1 1842284
2912.6 1842348
2913.1 1842640
2913.6 1842704
2914.1 1842356
2914.6 1842104
2915.1 1841788
2915.6 1841884
2916.1 1842656
2916.6 1842452
2917.1 1842732
2917.6 1842784
2918.1 1843144
2918.6 1843112
2919.1 1843080
2919.6 1842940
2920.1 1843080
2920.6 1842956
2921.1 1842860
2921.6 1842876
2922.1 1842940
2922.6 1842624
2923.1 1842640
2923.6 1842828
2924.1 1842820
2924.6 1843388
2925.1 1843136
2925.6 1843248
2926.1 1843088
2926.6 1843168
2927.1 1842948
2927.6 1843796
2928.1 1843640
2928.6 1843164
2929.1 1842744
2929.6 1843228
2930.1 1842776
2930.6 1842728
2931.1 1842664
2931.6 1842520
2932.1 1836748
2932.6 1836748
2933.1 1836748
2933.6 1836748
2934.1 1836748
2934.6 1836748
2935.1 1836748
2935.7 1836748
2936.2 1836748
2936.7 1836716
2937.2 1836716
2937.7 1836716
2938.2 1836716
2938.7 1836748
2939.2 1836748
2939.7 1836748
2940.2 1836748
2940.7 1836748
2941.2 1836748
2941.7 1836716
2942.2 1836716
2942.7 1836716
2943.2 1836716
2943.7 1836716
2944.2 1836716
2944.7 1836716
2945.2 1836716
2945.7 1836684
2946.2 1836748
2946.8 1836748
2947.4 1836748
2947.9 1836748
2948.4 1836748
2948.9 1836748
2949.4 1836748
2949.9 1836748
2950.4 1836748
2950.9 1836716
2951.4 1836716
2951.9 1836716
2952.4 1836716
2952.9 1836716
2953.4 1836748
2953.9 1836748
2954.4 1836748
2954.9 1836748
2955.4 1842396
2955.9 1843044
2956.4 1842788
2956.9 1842788
2957.4 1842756
2957.9 1842820
2958.4 1842820
2958.9 1843088
2959.4 1842644
2959.9 1843260
2960.4 1842772
2960.9 1842852
2961.4 1843056
2961.9 1843072
2962.4 1842600
2962.9 1842744
2963.4 1842488
2963.9 1842348
2964.4 1842340
2964.9 1842184
2965.4 1842324
2965.9 1842200
2966.4 1842180
2966.9 1842464
2967.4 1842512
2967.9 1842496
2968.4 1842480
2968.9 1842544
2969.4 1842560
2969.9 1842720
2970.4 1842836
2970.9 1842788
2971.4 1842616
2971.9 1842584
2972.4 1842460
2972.9 1842204
2973.4 1842728
2973.9 1843516
2974.4 1843384
2974.9 1843104
2975.4 1843280
2975.9 1842820
2976.4 1842960
2976.9 1843120
2977.4 1836916
2977.9 1836916
2978.4 1836916
2978.9 1836884
2979.4 1836884
2980.1 1836884
2980.6 1836884
2981.1 1836884
2981.6 1836884
2982.1 1836884
2982.6 1836884
2983.1 1836884
2983.6 1836852
2984.1 1836916
2984.6 1836916
2985.1 1836916
2985.6 1836916
2986.1 1836916
2986.6 1836916
2987.1 1836916
2987.6 1836916
2988.1 1836916
2988.6 1836884
2989.1 1836884
2989.6 1836884
2990.1 1836884
2990.6 1836884
2991.1 1836884
2991.6 1836916
2992.1 1836916
2992.6 1836916
2993.1 1836916
2993.6 1836884
2994.1 1836884
2994.6 1836884
2995.1 1836884
2995.6 1836884
2996.1 1836884
2996.6 1836884
2997.1 1836884
2997.6 1836852
2998.1 1836852
2998.6 1836852
2999.1 1836916
2999.6 1836916
3000.1 1843152
