0.5 1754840
1.0 1754840
1.5 1754840
2.5 1754872
5.6 1754872
6.1 1754872
6.6 1754872
8.8 1754836
9.3 1754836
11.1 1754836
11.6 1754836
12.1 1754836
12.6 1754836
14.6 1754836
16.5 1754836
17.0 1754868
17.5 1754868
18.0 1754868
18.6 1754868
19.1 1754868
19.6 1754868
20.1 1754868
20.6 1754868
21.1 1754868
21.6 1754836
22.1 1754836
22.6 1754836
23.1 1754836
23.6 1754836
24.1 1754836
24.6 1754868
25.1 1754868
26.8 1754868
27.7 1754868
29.5 1754836
30.0 1754836
30.5 1759848
31.0 1762580
31.5 1762336
32.0 1762556
32.5 1763140
33.0 1762444
33.5 1762572
34.0 1762712
34.5 1762776
35.0 1763328
35.5 1763132
36.0 1762548
36.5 1762752
37.0 1762704
37.5 1762516
38.0 1762940
38.5 1762988
39.0 1762908
39.5 1763432
40.0 1763356
40.5 1763200
41.0 1762880
41.5 1762848
42.0 1762312
42.5 1762532
43.0 1762896
43.5 1763352
44.0 1763336
44.5 1762976
45.0 1762768
45.5 1762540
46.0 1762652
46.5 1762492
47.0 1762808
47.5 1762572
48.0 1762920
48.5 1762728
49.0 1762880
49.5 1762604
50.0 1762680
50.5 1763096
51.0 1762548
51.5 1762128
52.0 1762348
52.5 1762300
53.0 1756168
53.5 1756168
54.0 1756168
57.4 1756160
59.3 1756160
61.1 1756160
61.6 1756160
62.9 1756160
63.4 1756192
63.9 1756192
67.5 1756192
68.0 1756192
68.5 1756192
69.0 1756192
71.4 1756192
73.3 1756192
74.5 1756160
75.0 1762692
75.5 1762836
76.0 1762740
76.5 1763008
77.0 1763056
77.5 1762568
78.0 1762536
78.5 1762600
79.0 1762740
79.5 1763104
80.0 1762748
80.5 1762860
81.0 1762684
81.5 1762424
82.0 1762488
82.5 1762928
83.0 1763212
83.5 1762804
84.0 1762772
84.5 1762404
85.0 1762532
85.5 1762580
86.0 1762404
86.5 1762468
87.0 1762596
87.5 1762596
88.0 1762136
88.5 1762472
89.0 1762720
89.5 1762768
90.0 1762444
90.5 1762808
91.0 1762840
91.5 1762368
92.0 1762272
92.5 1763108
93.0 1762648
93.5 1763028
94.0 1763188
94.5 1762664
95.0 1763120
95.5 1762896
96.0 1763040
96.5 1763040
97.0 1757044
97.5 1757044
98.0 1757044
101.7 1757040
108.8 1757072
109.3 1757072
109.8 1757072
111.6 1757040
113.4 1757040
118.6 1757040
119.1 1757040
119.6 1757040
120.1 1762984
120.6 1763616
121.1 1762924
121.6 1763068
122.1 1762728
122.6 1762452
123.1 1762912
123.6 1763020
124.1 1763004
124.6 1763084
125.1 1762604
125.6 1762776
126.1 1762856
126.6 1762728
127.1 1762476
127.6 1762100
128.1 1761956
128.6 1761876
129.1 1762052
129.6 1762652
130.1 1762300
130.6 1762584
131.1 1762596
131.6 1762820
132.1 1763056
132.6 1763104
133.1 1762820
133.6 1763072
134.1 1762552
134.6 1762552
135.1 1762260
135.6 1762388
136.1 1762464
136.6 1762828
137.1 1762668
137.6 1763316
138.1 1763160
138.6 1763064
139.1 1762920
139.6 1762872
140.1 1762792
140.6 1762916
141.1 1762792
141.6 1762648
142.1 1756768
142.6 1756768
144.4 1756768
145.4 1756732
147.2 1756732
149.0 1756732
150.8 1756732
152.7 1756732
153.2 1756732
155.0 1756764
155.5 1756764
157.4 1756732
158.0 1756732
159.8 1756732
161.7 1756732
164.5 1756732
165.0 1763024
165.5 1762676
166.0 1763072
166.5 1763136
167.0 1762772
167.5 1762708
168.0 1762772
168.5 1762864
169.0 1762976
169.5 1763184
170.0 1763052
170.5 1762940
171.0 1762908
171.5 1762640
172.0 1762688
172.5 1762624
173.0 1762640
173.5 1762768
174.0 1763084
174.5 1763004
175.0 1762976
175.5 1763024
176.0 1763004
176.5 1762896
177.0 1762692
177.5 1762960
178.0 1762376
178.5 1762660
179.0 1763040
179.5 1762944
180.0 1762956
180.5 1763084
181.0 1762736
181.5 1762592
182.0 1762848
182.5 1762624
183.0 1762972
183.5 1762940
184.0 1763332
184.5 1763020
185.0 1762984
185.5 1762572
186.0 1762528
186.5 1762840
187.0 1760520
187.7 1757192
188.4 1757192
189.3 1757192
190.5 1757192
191.0 1757152
192.0 1757152
192.9 1757152
193.4 1757152
193.9 1757152
194.8 1757152
195.3 1757152
195.8 1757152
196.3 1757152
196.8 1757184
198.7 1757184
199.2 1757184
199.7 1757184
200.2 1757184
201.0 1757184
201.5 1757184
202.1 1757184
202.6 1757184
203.1 1757152
203.6 1757152
204.1 1757152
204.6 1757152
205.1 1757184
206.1 1757184
206.6 1757184
207.6 1757184
208.1 1757184
209.2 1757152
209.7 1757152
210.2 1763024
210.7 1763036
211.2 1763292
211.7 1762976
212.2 1762800
212.7 1762692
213.2 1763024
213.7 1763148
214.2 1763196
214.7 1762944
215.2 1762904
215.7 1762888
216.2 1762920
216.7 1762936
217.2 1762984
217.7 1762480
218.2 1762400
218.7 1762496
219.2 1762132
219.7 1761928
220.2 1762492
220.7 1763524
221.2 1762332
221.7 1762632
222.2 1762916
222.7 1762792
223.2 1762476
223.7 1763104
224.2 1762916
224.7 1763012
225.2 1762404
225.7 1762988
226.2 1763192
226.7 1763064
227.2 1763256
227.7 1763068
228.2 1763020
228.7 1762812
229.2 1762828
229.7 1762560
230.2 1762712
230.7 1763048
231.2 1763108
231.7 1763172
232.2 1756836
233.0 1756804
234.3 1756868
234.8 1756868
235.3 1756868
235.8 1756868
237.1 1756864
237.8 1756864
238.4 1756864
238.9 1756864
240.5 1756832
241.0 1756832
241.5 1756832
242.0 1756832
242.6 1756832
243.1 1756832
243.6 1756832
244.1 1756864
244.6 1756864
245.1 1756832
245.6 1756832
246.2 1756832
246.7 1756832
247.5 1756832
248.0 1756832
248.5 1756832
249.0 1756832
249.5 1756832
250.0 1756800
250.7 1756800
251.3 1756800
251.9 1756864
252.4 1756864
253.1 1756864
253.9 1756864
254.5 1756864
255.0 1763248
255.5 1762664
256.0 1762916
256.5 1762948
257.0 1762616
257.5 1763044
258.0 1762932
258.5 1762364
259.0 1762504
259.5 1762836
260.0 1762924
260.5 1762892
261.0 1762924
261.5 1762688
262.0 1762892
262.5 1763224
263.0 1763304
263.5 1763036
264.0 1763288
264.5 1763224
265.0 1763124
265.5 1762936
266.0 1763060
266.5 1763304
267.0 1762904
267.5 1763140
268.0 1763348
268.5 1763060
269.0 1763156
269.5 1763772
270.0 1763200
270.5 1762620
271.0 1762664
271.5 1762948
272.0 1762964
272.5 1762764
273.0 1763188
273.5 1762952
274.0 1762904
274.5 1763016
275.0 1762856
275.5 1762936
276.0 1762872
276.5 1762872
277.0 1756900
277.5 1756900
278.0 1756892
278.7 1756892
279.2 1756860
279.7 1756860
280.2 1756860
280.7 1756860
281.2 1756860
281.7 1756860
282.7 1756860
283.5 1756860
284.0 1756924
285.5 1756892
286.0 1756892
286.5 1756892
287.0 1756892
287.5 1756892
288.0 1756892
288.5 1756892
289.0 1756892
289.5 1756892
290.4 1756860
290.9 1756860
291.4 1756860
292.4 1756860
292.9 1756860
294.7 1756892
295.2 1756892
295.7 1756892
296.2 1756892
298.1 1756860
299.5 1756860
300.0 1763276
300.5 1762904
301.0 1762968
301.5 1762904
302.0 1762776
302.5 1762824
303.0 1762856
303.5 1762528
304.0 1763172
304.5 1762872
305.0 1763176
305.5 1763032
306.0 1762528
306.5 1762640
307.0 1762988
307.5 1762812
308.0 1762892
308.5 1762812
309.0 1762908
309.5 1762576
310.0 1762912
310.5 1762928
311.0 1762848
311.5 1762548
312.0 1762500
312.5 1762956
313.0 1763172
313.5 1763252
314.0 1763124
314.5 1763172
315.0 1762912
315.5 1762928
316.0 1762880
316.5 1762960
317.0 1762912
317.5 1762960
318.0 1763024
318.5 1762660
319.0 1762440
319.5 1762268
320.0 1762436
320.5 1762404
321.0 1762404
321.5 1762436
322.0 1756500
322.5 1756500
324.4 1756500
333.4 1756560
338.8 1756560
339.3 1756560
341.1 1756528
344.5 1756528
345.0 1762556
345.5 1762416
346.0 1762336
346.5 1762336
347.0 1762400
347.5 1762256
348.0 1762588
348.5 1762272
349.0 1762368
349.5 1762448
350.0 1762220
350.5 1762112
351.0 1762332
351.5 1762712
352.0 1762648
352.5 1762220
353.0 1762044
353.5 1763152
354.0 1763072
354.5 1762648
355.0 1762796
355.5 1763160
356.0 1763216
356.5 1762956
357.0 1762292
357.5 1762260
358.0 1762624
358.5 1762608
359.0 1763208
359.5 1762656
360.0 1763420
360.5 1763024
361.0 1763092
361.5 1762632
362.0 1762112
362.5 1762032
363.0 1762220
363.5 1762080
364.0 1762208
364.5 1761764
365.0 1761948
365.5 1762060
366.0 1762312
366.5 1762376
367.0 1756372
367.5 1756404
368.1 1756404
368.6 1756404
369.1 1756404
369.9 1756404
370.4 1756396
371.6 1756396
372.1 1756396
372.6 1756396
373.4 1756364
373.9 1756364
374.4 1756364
374.9 1756364
375.4 1756364
376.0 1756364
377.4 1756396
378.0 1756396
378.9 1756396
379.8 1756364
380.3 1756364
380.8 1756364
382.3 1756364
382.8 1756364
383.3 1756364
383.8 1756364
384.4 1756364
384.9 1756364
386.8 1756332
387.3 1756396
387.8 1756396
388.3 1756396
389.3 1756396
389.8 1762448
390.3 1762448
390.8 1762652
391.3 1762684
391.8 1762760
392.3 1762700
392.8 1763028
393.3 1763012
393.8 1763060
394.3 1762872
394.8 1762784
395.3 1763400
395.8 1762988
396.3 1763156
396.8 1762936
397.3 1762684
397.8 1762776
398.3 1762792
398.8 1762968
399.3 1762904
399.8 1762864
400.3 1762848
400.8 1762704
401.3 1762724
401.8 1762676
402.3 1762864
402.8 1762768
403.3 1762800
403.8 1762376
404.3 1762312
404.8 1762120
405.3 1762260
405.8 1762560
406.3 1762308
406.8 1763256
407.3 1763336
407.8 1763252
408.3 1762984
408.8 1763048
409.3 1763096
409.8 1763060
410.3 1762504
410.8 1762960
411.3 1762536
411.8 1756992
412.6 1756800
414.0 1756800
414.5 1756800
415.9 1756800
416.4 1756800
417.9 1756768
418.4 1756768
419.2 1756768
420.0 1756768
420.5 1756768
421.0 1756768
421.5 1756800
422.7 1756800
423.5 1756800
424.0 1756800
424.6 1756768
426.3 1756768
427.1 1756768
428.6 1756768
432.2 1756768
434.0 1756768
434.5 1756768
435.0 1762932
435.5 1762760
436.0 1762552
436.5 1762860
437.0 1762908
437.5 1762876
438.0 1763160
438.5 1763112
439.0 1762684
439.5 1762720
440.0 1762512
440.5 1762924
441.0 1763192
441.5 1762496
442.0 1763272
442.5 1762956
443.0 1762828
443.5 1762672
444.0 1762308
444.5 1762960
445.0 1762812
445.5 1762752
446.0 1762812
446.5 1762672
447.0 1762496
447.5 1762780
448.0 1763388
448.5 1762576
449.0 1762544
449.5 1762464
450.0 1762756
450.5 1762772
451.0 1763120
451.5 1762868
452.0 1762992
452.5 1762852
453.0 1762868
453.5 1762552
454.0 1762900
454.5 1763168
455.0 1763108
455.5 1762888
456.0 1763188
456.5 1762776
457.0 1761540
457.5 1756948
458.5 1756948
460.5 1756948
461.0 1756940
464.5 1756908
466.4 1756908
470.0 1756972
470.5 1756972
471.0 1756972
476.1 1756972
479.5 1756940
480.0 1762880
480.5 1762800
481.0 1762704
481.5 1762988
482.0 1762688
482.5 1763320
483.0 1763100
483.5 1762968
484.0 1763044
484.5 1762712
485.0 1762956
485.5 1762688
486.0 1762232
486.5 1762172
487.0 1762596
487.5 1762704
488.0 1763116
488.5 1763084
489.0 1762768
489.5 1763412
490.0 1762900
490.5 1763076
491.0 1763168
491.5 1762648
492.0 1762824
492.5 1762888
493.0 1762744
493.5 1762776
494.0 1762368
494.5 1761956
495.0 1761916
495.5 1761964
496.0 1761996
496.5 1762012
497.0 1762404
497.5 1762264
498.0 1762612
498.5 1762232
499.0 1762564
499.5 1762468
500.0 1762760
500.5 1762948
501.0 1762932
501.5 1762900
502.0 1759976
502.5 1756716
504.2 1756716
504.9 1756716
505.4 1756716
507.3 1756740
507.8 1756740
508.3 1756740
508.9 1756740
509.4 1756740
511.3 1756740
513.6 1756740
514.1 1756740
514.6 1756740
515.1 1756708
515.6 1756708
516.1 1756708
516.6 1756708
517.1 1756740
518.7 1756740
520.2 1756740
520.7 1756740
521.2 1756740
521.7 1756740
522.2 1756708
522.7 1756708
523.2 1756708
523.7 1756708
524.5 1756708
525.0 1764484
525.5 1763012
526.0 1762996
526.5 1763012
527.0 1762856
527.5 1762712
528.0 1763028
528.5 1762964
529.0 1762728
529.5 1763044
530.0 1762832
530.5 1762800
531.0 1762784
531.5 1762800
532.0 1762988
532.5 1763212
533.0 1762672
533.5 1763084
534.0 1762864
534.5 1762972
535.0 1763252
535.5 1763044
536.0 1762996
536.5 1762856
537.0 1762932
537.5 1763108
538.0 1763044
538.5 1762964
539.0 1763012
539.5 1762616
540.0 1763004
540.5 1762924
541.0 1763036
541.5 1763004
542.0 1763176
542.5 1763320
543.0 1762972
543.5 1763004
544.0 1763132
544.5 1763512
545.0 1763432
545.5 1763340
546.0 1763040
546.5 1762804
547.0 1762992
547.5 1760388
548.0 1756980
548.5 1756980
549.0 1756980
550.0 1756980
550.5 1756980
551.0 1756944
552.9 1756944
556.5 1756944
559.3 1756944
561.1 1756944
561.6 1756944
563.4 1756976
563.9 1756944
565.7 1756944
566.2 1756944
566.7 1756944
568.7 1756944
569.2 1756944
569.7 1760656
570.2 1762656
570.7 1762972
571.2 1762864
571.7 1762704
572.2 1762752
572.7 1762720
573.2 1762988
573.7 1763116
574.2 1762940
574.7 1762780
575.2 1763096
575.7 1763000
576.2 1763000
576.7 1762228
577.2 1762736
577.7 1763508
578.2 1763724
578.7 1763576
579.2 1763644
579.7 1763252
580.2 1763308
580.7 1763672
581.2 1762996
581.7 1763028
582.2 1762980
582.7 1763136
583.2 1762856
583.7 1762760
584.2 1762888
584.7 1762788
585.2 1763072
585.7 1762612
586.2 1762852
586.7 1762300
587.2 1762632
587.7 1762852
588.2 1762724
588.7 1762628
589.2 1762900
589.7 1763080
590.2 1762720
590.7 1762656
591.2 1763288
591.7 1762784
592.2 1756496
592.7 1756496
593.2 1756496
593.7 1756496
594.2 1756496
594.7 1756496
595.2 1756460
599.1 1756460
599.6 1756460
603.0 1756460
603.5 1756460
607.2 1756460
609.1 1756492
609.6 1756492
610.1 1756492
610.6 1756492
613.3 1756492
613.8 1756492
614.3 1756492
614.8 1756492
615.3 1762472
615.8 1762804
616.3 1762432
616.8 1762384
617.3 1762700
617.8 1762984
618.3 1762668
618.8 1762572
619.3 1762732
619.8 1762652
620.3 1762556
620.8 1761988
621.3 1762300
621.8 1762792
622.3 1762412
622.8 1762304
623.3 1762948
623.8 1763376
624.3 1762996
624.8 1762884
625.3 1762928
625.8 1762944
626.3 1762416
626.8 1762496
627.3 1762828
627.8 1762748
628.3 1763000
628.8 1762936
629.3 1763124
629.8 1763284
630.3 1762964
630.8 1763140
631.3 1762520
631.8 1763124
632.3 1762932
632.8 1762964
633.3 1762884
633.8 1762980
634.3 1762696
634.8 1762808
635.3 1763100
635.8 1763508
636.3 1762772
636.8 1762928
637.3 1756916
637.8 1756916
638.3 1756916
638.8 1756916
639.3 1756916
646.4 1756940
650.0 1756940
652.4 1756940
654.2 1756940
655.7 1756940
659.1 1756908
659.6 1756908
660.1 1762612
660.6 1763072
661.1 1762808
661.6 1762684
662.1 1762796
662.6 1762876
663.1 1762984
663.6 1762808
664.1 1762904
664.6 1762904
665.1 1763120
665.6 1762992
666.1 1762788
666.6 1763196
667.1 1762960
667.6 1763008
668.1 1763072
668.6 1763100
669.1 1762816
669.6 1763180
670.1 1763124
670.6 1762700
671.1 1762984
671.6 1762904
672.1 1762588
672.6 1762608
673.1 1761912
673.6 1762212
674.1 1762116
674.6 1762432
675.1 1763560
675.6 1763340
676.1 1763040
676.6 1762724
677.1 1762676
677.6 1762740
678.1 1763276
678.6 1762944
679.1 1763212
679.6 1762880
680.1 1762952
680.6 1763140
681.1 1763268
681.6 1763044
682.1 1763252
682.6 1756868
683.1 1756868
683.6 1756868
685.7 1756860
686.2 1756860
686.7 1756860
687.2 1756860
687.7 1756924
694.9 1756892
698.6 1756892
699.1 1756892
699.6 1756892
700.1 1756892
700.6 1756892
702.5 1756892
704.5 1756860
705.0 1762428
705.5 1762540
706.0 1762808
706.5 1762588
707.0 1762840
707.5 1762352
708.0 1763100
708.5 1762628
709.0 1762816
709.5 1762752
710.0 1762952
710.5 1762796
711.0 1762872
711.5 1762920
712.0 1763504
712.5 1762904
713.0 1762904
713.5 1762856
714.0 1763424
714.5 1762948
715.0 1763100
715.5 1762832
716.0 1763080
716.5 1763468
717.0 1763684
717.5 1763960
718.0 1763156
718.5 1762808
719.0 1763252
719.5 1763124
720.0 1762564
720.5 1762740
721.0 1762928
721.5 1762296
722.0 1762880
722.5 1762816
723.0 1762532
723.5 1763024
724.0 1762864
724.5 1763132
725.0 1762936
725.5 1762964
726.0 1762712
726.5 1762808
727.0 1756376
727.5 1756376
729.3 1756344
729.8 1756344
731.7 1756400
732.2 1756400
734.7 1756400
738.4 1756400
740.2 1756400
742.0 1756368
745.6 1756368
747.4 1756368
749.5 1756368
750.0 1762580
750.5 1762456
751.0 1762468
751.5 1762596
752.0 1762644
752.5 1762596
753.0 1762500
753.5 1762800
754.0 1762596
754.5 1762580
755.0 1762416
755.5 1763172
756.0 1762996
756.5 1762964
757.0 1763012
757.5 1762744
758.0 1762920
758.5 1762888
759.0 1762980
759.5 1762620
760.0 1762736
760.5 1762880
761.0 1763004
761.5 1762800
762.0 1762816
762.5 1762784
763.0 1763084
763.5 1762960
764.0 1762872
764.5 1762888
765.0 1762848
765.5 1762864
766.0 1762532
766.5 1762692
767.0 1762752
767.5 1762612
768.0 1762092
768.5 1762328
769.0 1762548
769.5 1762864
770.0 1763108
770.5 1762808
771.0 1762508
771.5 1762668
772.0 1760728
772.5 1757056
773.0 1757056
773.5 1757056
777.1 1757048
777.6 1757048
779.4 1757016
779.9 1757016
780.4 1757016
780.9 1757016
781.4 1757016
781.9 1757016
782.4 1757016
782.9 1757080
783.4 1757048
784.2 1757048
784.7 1757048
785.6 1757048
786.1 1757048
786.6 1757048
787.1 1757048
787.6 1757048
788.1 1757048
788.6 1757048
789.1 1757016
789.6 1757016
790.1 1757016
790.6 1757048
791.1 1757048
791.6 1757048
792.1 1757048
793.0 1757048
793.6 1757048
794.1 1757016
794.6 1757016
795.1 1762580
795.6 1762516
796.1 1762564
796.6 1762912
797.1 1762736
797.6 1762736
798.1 1762912
798.6 1762800
799.1 1762880
799.6 1762784
800.1 1762652
800.6 1762728
801.1 1762872
801.6 1762684
802.1 1762300
802.6 1762288
803.1 1762556
803.6 1762572
804.1 1762776
804.6 1763076
805.1 1763052
805.6 1762768
806.1 1763352
806.6 1763116
807.1 1763036
807.6 1762548
808.1 1762500
808.6 1762912
809.1 1762880
809.6 1762880
810.1 1762696
810.6 1762680
811.1 1762760
811.6 1763044
812.1 1763204
812.6 1762828
813.1 1763092
813.6 1762740
814.1 1762856
814.6 1762980
815.1 1763036
815.6 1763036
816.1 1763004
816.6 1763004
817.1 1756824
817.6 1756824
822.3 1756816
822.8 1756816
824.6 1756816
825.1 1756816
832.2 1756816
834.6 1756784
836.1 1756784
836.6 1756784
838.4 1756848
838.9 1756848
839.5 1756848
840.0 1762800
840.5 1762768
841.0 1762624
841.5 1763084
842.0 1762216
842.5 1762152
843.0 1762640
843.5 1762864
844.0 1762800
844.5 1762940
845.0 1762572
845.5 1763048
846.0 1762312
846.5 1762028
847.0 1761868
847.5 1762232
848.0 1762488
848.5 1762572
849.0 1762728
849.5 1762936
850.0 1762816
850.5 1762736
851.0 1762580
851.5 1762360
852.0 1762216
852.5 1762248
853.0 1762404
853.5 1762688
854.0 1762972
854.5 1762908
855.0 1762524
855.5 1762680
856.0 1762868
856.5 1763060
857.0 1763200
857.5 1762572
858.0 1762492
858.5 1762840
859.0 1762808
859.5 1762760
860.0 1763164
860.5 1762972
861.0 1763304
861.5 1762892
862.0 1756936
862.5 1756936
863.0 1756936
864.9 1756896
866.8 1756896
868.6 1756896
870.4 1756896
870.9 1756896
871.4 1756896
871.9 1756928
873.8 1756928
877.4 1756896
881.0 1756896
882.9 1756896
883.4 1756896
884.5 1756896
885.0 1762736
885.5 1762972
886.0 1762924
886.5 1762404
887.0 1763068
887.5 1762688
888.0 1763004
888.5 1762764
889.0 1763004
889.5 1762956
890.0 1762948
890.5 1762932
891.0 1762992
891.5 1762940
892.0 1762928
892.5 1762232
893.0 1761948
893.5 1762152
894.0 1762452
894.5 1762688
895.0 1762996
895.5 1763060
896.0 1762664
896.5 1762856
897.0 1762996
897.5 1762964
898.0 1762632
898.5 1762948
899.0 1762900
899.5 1762948
900.0 1763012
900.5 1762728
901.0 1762632
901.5 1762728
902.0 1762556
902.5 1762316
903.0 1762664
903.5 1762680
904.0 1762728
904.5 1762900
905.0 1762988
905.5 1762892
906.0 1763112
906.5 1762768
907.0 1759340
907.5 1756456
908.0 1756456
908.6 1756456
909.1 1756456
909.6 1756456
910.1 1756448
910.7 1756448
911.2 1756416
911.7 1756416
912.2 1756416
912.7 1756416
913.2 1756448
913.8 1756448
914.3 1756448
914.8 1756448
915.3 1756416
916.0 1756416
916.5 1756416
917.0 1756416
917.5 1756416
918.0 1756416
918.5 1756416
919.0 1756416
919.5 1756416
920.0 1756416
920.6 1756448
921.1 1756448
921.6 1756448
922.1 1756448
922.6 1756448
923.5 1756448
924.0 1756448
924.5 1756448
925.0 1756448
925.5 1756416
926.0 1756416
926.5 1756416
927.0 1756416
927.5 1756416
928.0 1756416
928.5 1756448
929.1 1756448
929.6 1756416
930.1 1762420
930.6 1762416
931.1 1763100
931.6 1762868
932.1 1763120
932.6 1763280
933.1 1762884
933.6 1762916
934.1 1762160
934.6 1762588
935.1 1762580
935.6 1762880
936.1 1762560
936.6 1762420
937.1 1762388
937.6 1762640
938.1 1762908
938.6 1762816
939.1 1763052
939.6 1762864
940.1 1762744
940.6 1762760
941.1 1762648
941.6 1762868
942.1 1762964
942.6 1762728
943.1 1762804
943.6 1763264
944.1 1763028
944.6 1762980
945.1 1762704
945.6 1762908
946.1 1763004
946.6 1763208
947.1 1763068
947.6 1762656
948.1 1762860
948.6 1762924
949.1 1763224
949.6 1762940
950.1 1762900
950.6 1762948
951.1 1763404
951.6 1762724
952.1 1756768
952.8 1756768
953.3 1756736
953.8 1756736
954.3 1756736
954.8 1756736
955.4 1756792
955.9 1756792
956.4 1756792
956.9 1756792
957.4 1756792
957.9 1756792
958.4 1756760
958.9 1756760
959.4 1756760
959.9 1756760
960.4 1756760
960.9 1756760
961.4 1756760
961.9 1756760
962.4 1756792
962.9 1756760
963.4 1756760
963.9 1756760
964.4 1756760
964.9 1756760
965.4 1756760
965.9 1756760
966.4 1756760
966.9 1756760
967.4 1756728
967.9 1756728
968.4 1756728
968.9 1756728
969.5 1756792
970.0 1756792
970.5 1756792
971.0 1756792
971.6 1756792
972.1 1756792
972.6 1756760
973.1 1756760
973.6 1756760
974.1 1756760
974.6 1756760
975.1 1763128
975.6 1763272
976.1 1762836
976.6 1763104
977.1 1762804
977.6 1762788
978.1 1762852
978.6 1762820
979.1 1762508
979.6 1762744
980.1 1762860
980.6 1763096
981.1 1763112
981.6 1763352
982.1 1763036
982.6 1763020
983.1 1763068
983.6 1762876
984.1 1762892
984.6 1762924
985.1 1762884
985.6 1763012
986.1 1763184
986.6 1762868
987.1 1763056
987.6 1762776
988.1 1762648
988.6 1762444
989.1 1762224
989.6 1762332
990.1 1762924
990.6 1762812
991.1 1763016
991.6 1763332
992.1 1762952
992.6 1762844
993.1 1762656
993.6 1763128
994.1 1763144
994.6 1762956
995.1 1762316
995.6 1762364
996.1 1762744
996.6 1763076
997.1 1757220
997.6 1757220
998.1 1757220
998.6 1757220
999.1 1757220
999.6 1757220
1000.1 1757220
1000.6 1757244
1001.1 1757244
1001.6 1757244
1002.1 1757244
1002.6 1757244
1003.1 1757244
1003.6 1757244
1004.1 1757244
1004.6 1757244
1005.1 1757244
1005.6 1757212
1006.1 1757212
1006.7 1757212
1007.2 1757212
1007.7 1757244
1008.3 1757244
1008.8 1757244
1009.3 1757244
1009.8 1757244
1010.3 1757244
1010.8 1757212
1011.3 1757212
1011.9 1757212
1012.4 1757212
1012.9 1757212
1013.4 1757212
1013.9 1757212
1014.4 1757212
1015.0 1757212
1015.5 1757212
1016.0 1757244
1016.5 1757244
1017.0 1757244
1017.5 1757244
1018.0 1757244
1018.5 1757244
1019.0 1757244
1019.5 1757244
1020.0 1762852
1020.5 1763072
1021.0 1762820
1021.5 1762884
1022.0 1763028
1022.5 1763264
1023.0 1763232
1023.5 1763056
1024.0 1762788
1024.5 1763184
1025.0 1763144
1025.5 1763348
1026.0 1762844
1026.5 1762620
1027.0 1762732
1027.5 1762716
1028.0 1762796
1028.5 1763208
1029.0 1763376
1029.5 1762840
1030.0 1762824
1030.5 1762936
1031.0 1763204
1031.5 1763140
1032.0 1763236
1032.5 1763472
1033.0 1763076
1033.5 1763280
1034.0 1763188
1034.5 1762872
1035.0 1763608
1035.5 1762944
1036.0 1762628
1036.5 1762972
1037.0 1762896
1037.5 1763132
1038.0 1763228
1038.5 1762848
1039.0 1763240
1039.5 1763116
1040.0 1762976
1040.5 1762832
1041.0 1763164
1041.5 1763016
1042.0 1759084
1042.5 1757200
1043.0 1757200
1043.5 1757200
1044.0 1757200
1044.5 1757232
1045.0 1757232
1045.5 1757232
1046.1 1757200
1046.6 1757200
1047.1 1757200
1047.7 1757200
1048.2 1757200
1048.7 1757200
1049.2 1757200
1049.7 1757200
1050.2 1757200
1050.7 1757200
1051.2 1757200
1051.7 1757232
1052.2 1757232
1052.7 1757232
1053.2 1757232
1053.7 1757232
1054.2 1757232
1054.7 1757232
1055.2 1757232
1055.7 1757200
1056.2 1757200
1056.7 1757200
1057.2 1757200
1057.7 1757200
1058.2 1757200
1058.7 1757200
1059.2 1757200
1059.7 1757232
1060.2 1757200
1060.7 1757200
1061.3 1757200
1061.8 1757200
1062.3 1757200
1062.8 1757200
1063.3 1757200
1063.8 1757200
1064.3 1757200
1064.8 1764376
1065.3 1763092
1065.8 1763032
1066.3 1762696
1066.8 1762636
1067.3 1762984
1067.8 1762856
1068.3 1762360
1068.8 1762504
1069.3 1762536
1069.8 1762628
1070.3 1762644
1070.8 1762816
1071.3 1762852
1071.8 1763284
1072.3 1763616
1072.8 1763180
1073.3 1763180
1073.8 1763020
1074.3 1763040
1074.8 1762912
1075.3 1762800
1075.8 1762944
1076.3 1762848
1076.8 1762944
1077.3 1762784
1077.8 1762736
1078.3 1762784
1078.8 1763036
1079.3 1763100
1079.8 1762596
1080.3 1762660
1080.8 1762660
1081.3 1762564
1081.8 1763196
1082.3 1762848
1082.8 1762912
1083.3 1762816
1083.8 1762912
1084.3 1762960
1084.8 1763224
1085.3 1763508
1085.8 1763496
1086.3 1764340
1086.8 1763688
1087.6 1757200
1088.4 1757200
1090.2 1757168
1091.7 1757168
1092.2 1757168
1093.3 1757168
1094.7 1757168
1095.9 1757168
1096.9 1757200
1098.3 1757200
1099.4 1757200
1101.4 1757168
1102.8 1757168
1104.8 1757168
1107.0 1757168
1109.3 1757168
1109.8 1763416
1110.3 1762892
1110.8 1763084
1111.3 1763132
1111.8 1762736
1112.3 1763116
1112.8 1763208
1113.3 1762628
1113.8 1763164
1114.3 1763020
1114.8 1762812
1115.3 1763160
1115.8 1763048
1116.3 1763412
1116.8 1763128
1117.3 1762988
1117.8 1762876
1118.3 1762924
1118.8 1763096
1119.3 1763016
1119.8 1763456
1120.3 1762888
1120.8 1762936
1121.3 1763376
1121.8 1763124
1122.3 1762556
1122.8 1762808
1123.3 1763220
1123.8 1763296
1124.3 1763248
1124.8 1763228
1125.3 1763200
1125.8 1763168
1126.3 1763688
1126.8 1763544
1127.3 1763560
1127.8 1763496
1128.3 1763512
1128.8 1763436
1129.3 1763608
1129.8 1763716
1130.3 1763004
1130.8 1763652
1131.3 1763336
1131.8 1763384
1133.2 1757500
1133.7 1757500
1134.5 1757468
1135.3 1757464
1136.0 1757464
1136.7 1757464
1137.4 1757464
1137.9 1757464
1138.4 1757464
1140.2 1757464
1141.6 1757464
1142.3 1757496
1143.1 1757496
1143.6 1757496
1144.9 1757496
1145.6 1757496
1147.6 1757496
1149.4 1757496
1150.0 1757496
1150.5 1757464
1151.5 1757464
1152.2 1757464
1153.1 1757464
1154.4 1757464
1154.9 1763356
1155.4 1763576
1155.9 1763024
1156.4 1763248
1156.9 1763072
1157.4 1763336
1157.9 1763356
1158.4 1763196
1158.9 1763420
1159.4 1763260
1159.9 1763336
1160.4 1763636
1160.9 1763636
1161.4 1763368
1161.9 1763336
1162.4 1763384
1162.9 1763416
1163.4 1763068
1163.9 1763084
1164.4 1763228
1164.9 1763080
1165.4 1763128
1165.9 1763252
1166.4 1763220
1166.9 1763380
1167.4 1763396
1167.9 1763380
1168.4 1763316
1168.9 1762844
1169.4 1763160
1169.9 1763012
1170.4 1763252
1170.9 1762696
1171.4 1762936
1171.9 1763456
1172.4 1763424
1172.9 1763044
1173.4 1763312
1173.9 1762888
1174.4 1762808
1174.9 1763216
1175.4 1762884
1175.9 1762740
1176.4 1763040
1176.9 1759544
1177.8 1757228
1178.3 1757228
1179.1 1757228
1180.1 1757224
1181.2 1757224
1182.1 1757224
1186.4 1757192
1188.0 1757192
1189.9 1757192
1191.4 1757192
1192.7 1757224
1195.2 1757224
1197.7 1757192
1198.9 1757192
1199.5 1757192
1200.0 1763192
1200.5 1763352
1201.0 1762848
1201.5 1763368
1202.0 1763288
1202.5 1763432
1203.0 1763036
1203.5 1763036
1204.0 1762988
1204.5 1763288
1205.0 1763540
1205.5 1763080
1206.0 1763160
1206.5 1763096
1207.0 1763112
1207.5 1762672
1208.0 1762640
1208.5 1762592
1209.0 1762640
1209.5 1763600
1210.0 1763108
1210.5 1762996
1211.0 1763328
1211.5 1763060
1212.0 1763408
1212.5 1763548
1213.0 1764604
1213.5 1763800
1214.0 1763044
1214.5 1763376
1215.0 1763184
1215.5 1763088
1216.0 1763024
1216.5 1763120
1217.0 1763072
1217.5 1762868
1218.0 1763104
1218.5 1762648
1219.0 1762520
1219.5 1762284
1220.0 1762436
1220.5 1762436
1221.0 1762708
1221.5 1763288
1222.0 1763416
1224.1 1757108
1228.0 1757104
1229.6 1757104
1230.1 1757104
1230.6 1757104
1231.3 1757072
1231.8 1757072
1233.3 1757072
1233.8 1757072
1234.7 1757072
1235.4 1757104
1235.9 1757104
1236.6 1757104
1238.3 1757104
1238.8 1757072
1239.9 1757072
1240.9 1757072
1241.5 1757072
1242.3 1757072
1242.9 1757072
1243.4 1757072
1243.9 1757072
1244.4 1757072
1244.9 1763120
1245.4 1763164
1245.9 1763088
1246.4 1762992
1246.9 1763544
1247.4 1763228
1247.9 1763372
1248.4 1763212
1248.9 1763340
1249.4 1763120
1249.9 1763004
1250.4 1762972
1250.9 1762864
1251.4 1762232
1251.9 1762548
1252.4 1762564
1252.9 1762548
1253.4 1762516
1253.9 1762344
1254.4 1762532
1254.9 1763112
1255.4 1763160
1255.9 1763444
1256.4 1763552
1256.9 1763028
1257.4 1763364
1257.9 1763220
1258.4 1763712
1258.9 1763412
1259.4 1763032
1259.9 1762884
1260.4 1762980
1260.9 1763044
1261.4 1763156
1261.9 1763452
1262.4 1763440
1262.9 1763232
1263.4 1763392
1263.9 1763484
1264.4 1763484
1264.9 1762820
1265.4 1763120
1265.9 1763040
1266.4 1763244
1266.9 1757524
1268.9 1757164
1269.5 1757164
1270.0 1757164
1271.4 1757160
1273.4 1757160
1275.5 1757160
1276.3 1757160
1277.4 1757192
1277.9 1757160
1279.8 1757160
1284.0 1757160
1285.9 1757160
1286.4 1757160
1287.2 1757160
1288.2 1757160
1289.5 1757128
1290.0 1763124
1290.5 1763200
1291.0 1763248
1291.5 1763216
1292.0 1763516
1292.5 1763164
1293.0 1763320
1293.5 1762924
1294.0 1763112
1294.5 1763368
1295.0 1762796
1295.5 1762920
1296.0 1763332
1296.5 1763568
1297.0 1763176
1297.5 1763252
1298.0 1763268
1298.5 1763112
1299.0 1762828
1299.5 1762560
1300.0 1762824
1300.5 1762712
1301.0 1762808
1301.5 1763108
1302.0 1763596
1302.5 1763580
1303.0 1763784
1303.5 1763344
1304.0 1763424
1304.5 1763104
1305.0 1763228
1305.5 1763592
1306.0 1763952
1306.5 1763168
1307.0 1763132
1307.5 1763340
1308.0 1763340
1308.5 1763324
1309.0 1762960
1309.5 1763056
1310.0 1762940
1310.5 1763188
1311.0 1764020
1311.5 1763932
1312.0 1757260
1313.0 1757260
1314.7 1757260
1315.2 1757228
1315.8 1757224
1316.3 1757224
1316.9 1757224
1317.9 1757224
1319.3 1757224
1321.0 1757256
1321.7 1757256
1323.2 1757224
1324.0 1757224
1324.6 1757224
1326.5 1757224
1328.7 1757224
1330.7 1757216
1332.4 1757216
1334.3 1757184
1334.8 1764680
1335.3 1763340
1335.8 1763008
1336.3 1763088
1336.8 1763104
1337.3 1763040
1337.8 1763276
1338.3 1762944
1338.8 1763024
1339.3 1763132
1339.8 1763348
1340.3 1763552
1340.8 1763440
1341.3 1763048
1341.8 1763316
1342.3 1763000
1342.8 1762496
1343.3 1762384
1343.8 1762244
1344.3 1762180
1344.8 1762964
1345.3 1763040
1345.8 1762656
1346.3 1763276
1346.8 1763324
1347.3 1762960
1347.8 1763024
1348.3 1763120
1348.8 1763024
1349.3 1763148
1349.8 1763284
1350.3 1763156
1350.8 1763096
1351.3 1763140
1351.8 1763204
1352.3 1763316
1352.8 1763156
1353.3 1762920
1353.8 1763552
1354.3 1763300
1354.8 1763308
1355.3 1763276
1355.8 1763244
1356.3 1762976
1356.8 1762772
1357.3 1756924
1358.7 1756892
1359.3 1756892
1361.3 1756884
1361.9 1756884
1362.5 1756916
1363.1 1756916
1363.6 1756916
1365.1 1756916
1365.6 1756916
1367.8 1756884
1370.0 1756884
1371.9 1756884
1372.4 1756884
1372.9 1756884
1374.9 1756884
1375.5 1756884
1376.7 1756884
1377.6 1756884
1379.5 1756916
1380.0 1762652
1380.5 1762952
1381.0 1763204
1381.5 1763204
1382.0 1763440
1382.5 1763316
1383.0 1763284
1383.5 1763316
1384.0 1763076
1384.5 1763204
1385.0 1763276
1385.5 1763260
1386.0 1762976
1386.5 1763212
1387.0 1763164
1387.5 1763164
1388.0 1763544
1388.5 1763056
1389.0 1763672
1389.5 1762912
1390.0 1762888
1390.5 1763220
1391.0 1763504
1391.5 1763536
1392.0 1763140
1392.5 1763364
1393.0 1763204
1393.5 1763600
1394.0 1763440
1394.5 1763360
1395.0 1763148
1395.5 1763244
1396.0 1763512
1396.5 1763196
1397.0 1763448
1397.5 1762644
1398.0 1762848
1398.5 1763072
1399.0 1763072
1399.5 1762960
1400.0 1763108
1400.5 1763108
1401.0 1763028
1401.5 1763520
1402.5 1757124
1404.6 1757124
1406.9 1757116
1407.7 1757116
1408.9 1757116
1410.2 1757116
1412.1 1757116
1412.8 1757116
1414.6 1757084
1416.1 1757084
1416.7 1757084
1418.3 1757148
1419.1 1757148
1419.6 1757148
1420.5 1757148
1421.8 1757148
1422.8 1757116
1423.5 1757116
1424.5 1757116
1425.0 1763292
1425.5 1762896
1426.0 1762740
1426.5 1762676
1427.0 1762884
1427.5 1762960
1428.0 1762848
1428.5 1763112
1429.0 1762936
1429.5 1763504
1430.0 1763244
1430.5 1763196
1431.0 1763324
1431.5 1763464
1432.0 1763308
1432.5 1763116
1433.0 1763712
1433.5 1763244
1434.0 1763228
1434.5 1762836
1435.0 1762840
1435.5 1763172
1436.0 1763204
1436.5 1762936
1437.0 1763220
1437.5 1763928
1438.0 1763172
1438.5 1763504
1439.0 1763488
1439.5 1763408
1440.0 1763196
1440.5 1763384
1441.0 1763372
1441.5 1763228
1442.0 1763228
1442.5 1763052
1443.0 1763116
1443.5 1762724
1444.0 1763228
1444.5 1763604
1445.0 1763504
1445.5 1763308
1446.0 1763480
1446.5 1762976
1447.0 1756292
1448.6 1756292
1449.1 1756292
1450.5 1756284
1451.0 1756284
1451.5 1756284
1453.4 1756284
1453.9 1756252
1457.5 1756252
1459.3 1756252
1461.2 1756252
1463.0 1756252
1468.1 1756284
1469.5 1756252
1470.0 1762320
1470.5 1762676
1471.0 1762164
1471.5 1762816
1472.0 1762564
1472.5 1762488
1473.0 1762864
1473.5 1762752
1474.0 1762864
1474.5 1762844
1475.0 1763108
1475.5 1763172
1476.0 1763156
1476.5 1763028
1477.0 1763060
1477.5 1763140
1478.0 1762872
1478.5 1762888
1479.0 1763012
1479.5 1763408
1480.0 1763384
1480.5 1763336
1481.0 1763084
1481.5 1763416
1482.0 1763196
1482.5 1763304
1483.0 1763400
1483.5 1763164
1484.0 1763196
1484.5 1763256
1485.0 1763280
1485.5 1763236
1486.0 1763376
1486.5 1763140
1487.0 1763076
1487.5 1763220
1488.0 1763376
1488.5 1763580
1489.0 1763296
1489.5 1763204
1490.0 1762784
1490.5 1762612
1491.0 1763180
1491.5 1763384
1492.0 1757192
1493.8 1757192
1495.9 1757152
1496.4 1757152
1498.0 1757152
1498.5 1757152
1499.0 1757152
1499.5 1757152
1500.0 1757152
1501.0 1757152
1502.9 1757120
1505.1 1757120
1506.0 1757184
1506.5 1757184
1508.4 1757184
1512.3 1757184
1512.8 1757184
1514.5 1757184
1515.0 1763084
1515.5 1763036
1516.0 1763368
1516.5 1763272
1517.0 1763344
1517.5 1763164
1518.0 1763292
1518.5 1763040
1519.0 1762944
1519.5 1763244
1520.0 1763108
1520.5 1763204
1521.0 1763012
1521.5 1762904
1522.0 1762696
1522.5 1763188
1523.0 1763360
1523.5 1763296
1524.0 1762888
1524.5 1763236
1525.0 1763304
1525.5 1763148
1526.0 1763132
1526.5 1763260
1527.0 1762896
1527.5 1762612
1528.0 1762676
1528.5 1762264
1529.0 1762200
1529.5 1762740
1530.0 1762620
1530.5 1763000
1531.0 1762384
1531.5 1762652
1532.0 1762400
1532.5 1762384
1533.0 1762728
1533.5 1763236
1534.0 1763440
1534.5 1763440
1535.0 1763244
1535.5 1763076
1536.0 1763200
1536.5 1762368
1537.0 1756808
1538.4 1756808
1540.1 1757052
1540.6 1757052
1542.5 1757020
1544.4 1757020
1544.9 1757020
1545.4 1757084
1547.3 1757084
1549.1 1757084
1550.5 1757084
1551.7 1757084
1552.2 1757052
1552.7 1757052
1553.4 1757052
1553.9 1757052
1555.5 1757052
1556.0 1757052
1557.8 1757052
1559.2 1757052
1559.7 1763524
1560.2 1763004
1560.7 1763020
1561.2 1763084
1561.7 1763448
1562.2 1763272
1562.7 1763068
1563.2 1763636
1563.7 1763432
1564.2 1763320
1564.7 1763360
1565.2 1763280
1565.7 1763408
1566.2 1763676
1566.7 1763392
1567.2 1762760
1567.7 1762904
1568.2 1762824
1568.7 1763344
1569.2 1763440
1569.7 1763628
1570.2 1763548
1570.7 1763736
1571.2 1763420
1571.7 1762912
1572.2 1763088
1572.7 1763236
1573.2 1763340
1573.7 1763456
1574.2 1763220
1574.7 1763036
1575.2 1763052
1575.7 1763288
1576.2 1763336
1576.7 1763432
1577.2 1763208
1577.7 1763464
1578.2 1763256
1578.7 1762752
1579.2 1762968
1579.7 1762752
1580.2 1763444
1580.7 1763304
1581.2 1763304
1581.7 1759832
1582.2 1757316
1582.7 1757316
1583.2 1757316
1586.9 1757276
1587.8 1757276
1588.3 1757276
1589.4 1757276
1589.9 1757340
1590.4 1757340
1591.0 1757340
1591.5 1757340
1592.0 1757340
1592.5 1757308
1594.4 1757308
1594.9 1757308
1595.4 1757308
1595.9 1757308
1596.4 1757308
1596.9 1757308
1597.4 1757308
1599.5 1757340
1600.0 1757340
1602.0 1757340
1602.5 1757340
1604.5 1757340
1605.0 1763232
1605.5 1763152
1606.0 1763596
1606.5 1763376
1607.0 1762992
1607.5 1762948
1608.0 1763156
1608.5 1763344
1609.0 1763328
1609.5 1763328
1610.0 1763320
1610.5 1763208
1611.0 1763400
1611.5 1762864
1612.0 1762840
1612.5 1763044
1613.0 1763028
1613.5 1762392
1614.0 1763256
1614.5 1763280
1615.0 1763192
1615.5 1763400
1616.0 1762988
1616.5 1763192
1617.0 1763036
1617.5 1762768
1618.0 1762768
1618.5 1762752
1619.0 1762816
1619.5 1762848
1620.0 1762760
1620.5 1763232
1621.0 1763328
1621.5 1763408
1622.0 1763312
1622.5 1763580
1623.0 1763832
1623.5 1763360
1624.0 1763328
1624.5 1763344
1625.0 1763352
1625.5 1763084
1626.0 1762956
1626.5 1762752
1627.0 1756560
1628.8 1756560
1630.4 1756520
1632.4 1756520
1634.2 1756520
1636.2 1756520
1636.7 1756520
1637.2 1756520
1637.7 1756520
1639.5 1756584
1640.0 1756552
1641.9 1756552
1642.4 1756552
1646.6 1756552
1647.1 1756552
1649.5 1756552
1650.0 1762760
1650.5 1763152
1651.0 1763428
1651.5 1763012
1652.0 1762932
1652.5 1762556
1653.0 1762776
1653.5 1763408
1654.0 1763376
1654.5 1763200
1655.0 1763508
1655.5 1763176
1656.0 1763492
1656.5 1763128
1657.0 1763304
1657.5 1763368
1658.0 1763224
1658.5 1763208
1659.0 1762736
1659.5 1762612
1660.0 1762364
1660.5 1762508
1661.0 1762412
1661.5 1762460
1662.0 1762852
1662.5 1763216
1663.0 1763452
1663.5 1763420
1664.0 1763200
1664.5 1763264
1665.0 1763128
1665.5 1763192
1666.0 1763256
1666.5 1763272
1667.0 1763680
1667.5 1763540
1668.0 1763540
1668.5 1763288
1669.0 1762848
1669.5 1762428
1670.0 1762564
1670.5 1763052
1671.0 1763100
1671.5 1762988
1672.0 1757080
1672.5 1757080
1673.0 1757080
1674.9 1757080
1680.2 1757040
1680.7 1757040
1681.2 1757040
1683.1 1757072
1685.0 1757072
1687.6 1757072
1688.4 1757072
1690.3 1757072
1691.5 1757040
1692.0 1757040
1693.9 1757040
1694.4 1757040
1694.9 1757040
1695.4 1762468
1695.9 1762532
1696.4 1762768
1696.9 1762768
1697.4 1762736
1697.9 1762972
1698.4 1763272
1698.9 1763604
1699.4 1763192
1699.9 1763272
1700.4 1763756
1700.9 1763532
1701.4 1763468
1701.9 1763468
1702.4 1762996
1702.9 1763376
1703.4 1763280
1703.9 1763452
1704.4 1763160
1704.9 1763272
1705.4 1763280
1705.9 1762996
1706.4 1762728
1706.9 1762872
1707.4 1762552
1707.9 1762792
1708.4 1763184
1708.9 1763232
1709.4 1763132
1709.9 1763076
1710.4 1763224
1710.9 1763412
1711.4 1763320
1711.9 1763412
1712.4 1763256
1712.9 1763352
1713.4 1762908
1713.9 1763124
1714.4 1762768
1714.9 1762892
1715.4 1763392
1715.9 1763044
1716.4 1762948
1716.9 1762444
1717.4 1756920
1717.9 1756984
1721.7 1757228
1723.6 1756976
1727.1 1756976
1728.3 1756944
1730.2 1756944
1731.6 1756944
1732.1 1756944
1732.6 1756944
1733.1 1756944
1733.8 1756944
1736.9 1757008
1738.8 1756976
1739.5 1756976
1740.0 1762544
1740.5 1762812
1741.0 1763112
1741.5 1763224
1742.0 1763032
1742.5 1763192
1743.0 1763252
1743.5 1763428
1744.0 1763572
1744.5 1763668
1745.0 1762996
1745.5 1763300
1746.0 1764228
1746.5 1762860
1747.0 1762576
1747.5 1762908
1748.0 1762972
1748.5 1762796
1749.0 1763004
1749.5 1762688
1750.0 1762648
1750.5 1762664
1751.0 1763040
1751.5 1764020
1752.0 1762932
1752.5 1762680
1753.0 1763248
1753.5 1763120
1754.0 1762964
1754.5 1763248
1755.0 1762940
1755.5 1762920
1756.0 1763224
1756.5 1763380
1757.0 1763284
1757.5 1763412
1758.0 1763112
1758.5 1763364
1759.0 1763272
1759.5 1763460
1760.0 1763136
1760.5 1763388
1761.0 1763136
1761.5 1762976
1762.0 1757400
1766.1 1757360
1766.6 1757360
1768.4 1757360
1768.9 1757360
1770.8 1757360
1771.6 1757360
1772.1 1757392
1772.6 1757360
1773.1 1757360
1774.6 1757360
1775.1 1757360
1775.6 1757360
1777.8 1757360
1778.3 1757360
1780.2 1757360
1781.4 1757360
1781.9 1757360
1783.7 1757328
1784.2 1757328
1784.7 1757328
1785.2 1757392
1785.7 1763152
1786.2 1763500
1786.7 1763216
1787.2 1763072
1787.7 1763056
1788.2 1763072
1788.7 1763072
1789.2 1763184
1789.7 1763088
1790.2 1762600
1790.7 1762624
1791.2 1763348
1791.7 1762988
1792.2 1762892
1792.7 1762924
1793.2 1763452
1793.7 1763540
1794.2 1762876
1794.7 1763256
1795.2 1762876
1795.7 1762696
1796.2 1762696
1796.7 1762552
1797.2 1762916
1797.7 1762772
1798.2 1762264
1798.7 1763168
1799.2 1763388
1799.7 1763228
1800.2 1763088
1800.7 1763168
1801.2 1763292
1801.7 1762996
1802.2 1763248
1802.7 1763184
1803.2 1762868
1803.7 1762932
1804.2 1763228
1804.7 1762932
1805.2 1763136
1805.7 1762560
1806.2 1762688
1806.7 1762752
1807.2 1762812
1807.7 1757032
1808.2 1757032
1809.4 1757032
1811.0 1757024
1811.5 1757024
1812.4 1757024
1814.2 1756992
1815.5 1756992
1817.3 1757056
1818.4 1757056
1818.9 1757056
1820.8 1757056
1821.3 1757056
1823.1 1757056
1823.6 1757024
1825.4 1757024
1825.9 1757024
1827.7 1757024
1829.5 1757024
1830.0 1763128
1830.5 1763064
1831.0 1763000
1831.5 1762984
1832.0 1763160
1832.5 1763584
1833.0 1763200
1833.5 1763596
1834.0 1763260
1834.5 1763372
1835.0 1763380
1835.5 1763364
1836.0 1763600
1836.5 1763508
1837.0 1763428
1837.5 1763176
1838.0 1763492
1838.5 1763664
1839.0 1763188
1839.5 1763316
1840.0 1763256
1840.5 1763404
1841.0 1763420
1841.5 1763216
1842.0 1762976
1842.5 1763452
1843.0 1763292
1843.5 1763420
1844.0 1763216
1844.5 1762884
1845.0 1763080
1845.5 1763128
1846.0 1763064
1846.5 1763268
1847.0 1763188
1847.5 1763140
1848.0 1763520
1848.5 1763568
1849.0 1762708
1849.5 1762608
1850.0 1762916
1850.5 1762976
1851.0 1762648
1851.5 1763072
1852.0 1757408
1852.5 1757408
1853.0 1757408
1855.6 1757400
1856.1 1757400
1857.9 1757400
1859.7 1757368
1861.7 1757368
1863.6 1757368
1865.0 1757368
1865.5 1757368
1867.8 1757400
1869.1 1757400
1869.6 1757400
1870.1 1757400
1871.9 1757368
1874.5 1757368
1875.0 1763048
1875.5 1763032
1876.0 1763476
1876.5 1763300
1877.0 1763332
1877.5 1763016
1878.0 1762560
1878.5 1762496
1879.0 1762844
1879.5 1762588
1880.0 1763228
1880.5 1763180
1881.0 1763276
1881.5 1763372
1882.0 1763104
1882.5 1763388
1883.0 1763072
1883.5 1762880
1884.0 1762772
1884.5 1762616
1885.0 1762464
1885.5 1763300
1886.0 1763268
1886.5 1763220
1887.0 1763188
1887.5 1763220
1888.0 1763268
1888.5 1762952
1889.0 1762988
1889.5 1763348
1890.0 1763684
1890.5 1763276
1891.0 1763180
1891.5 1763228
1892.0 1763260
1892.5 1763564
1893.0 1763212
1893.5 1763260
1894.0 1762912
1894.5 1762896
1895.0 1763488
1895.5 1763488
1896.0 1763536
1896.5 1763316
1897.0 1757136
1897.8 1757136
1899.0 1757136
1900.1 1757192
1902.0 1757192
1909.1 1757192
1909.6 1757192
1916.8 1757160
1917.3 1757160
1918.2 1757160
1919.5 1757160
1920.0 1763388
1920.5 1763132
1921.0 1763432
1921.5 1764064
1922.0 1763236
1922.5 1763332
1923.0 1763156
1923.5 1763300
1924.0 1763252
1924.5 1763268
1925.0 1763292
1925.5 1763308
1926.0 1763212
1926.5 1763356
1927.0 1763164
1927.5 1763292
1928.0 1763180
1928.5 1763212
1929.0 1763024
1929.5 1763688
1930.0 1763332
1930.5 1763040
1931.0 1763324
1931.5 1763244
1932.0 1762440
1932.5 1762392
1933.0 1762504
1933.5 1763012
1934.0 1763260
1934.5 1763212
1935.0 1763568
1935.5 1764304
1936.0 1763324
1936.5 1763008
1937.0 1762628
1937.5 1762660
1938.0 1762536
1938.5 1762632
1939.0 1762852
1939.5 1763072
1940.0 1763300
1940.5 1763220
1941.0 1763172
1941.5 1763140
1942.0 1757092
1942.5 1757124
1943.7 1757124
1950.9 1757116
1951.4 1757116
1951.9 1757116
1952.5 1757116
1956.0 1757084
1959.7 1757084
1961.5 1757084
1963.3 1757084
1964.5 1757084
1965.0 1762596
1965.5 1762504
1966.0 1762896
1966.5 1763180
1967.0 1762932
1967.5 1763000
1968.0 1763188
1968.5 1763220
1969.0 1763124
1969.5 1763236
1970.0 1762852
1970.5 1763148
1971.0 1763432
1971.5 1762960
1972.0 1763164
1972.5 1763544
1973.0 1763148
1973.5 1763260
1974.0 1763156
1974.5 1763092
1975.0 1763164
1975.5 1763196
1976.0 1762780
1976.5 1763096
1977.0 1762848
1977.5 1762596
1978.0 1762676
1978.5 1763052
1979.0 1763244
1979.5 1763180
1980.0 1762888
1980.5 1762400
1981.0 1762148
1981.5 1762368
1982.0 1762684
1982.5 1762732
1983.0 1762508
1983.5 1762556
1984.0 1762556
1984.5 1762844
1985.0 1762328
1985.5 1762488
1986.0 1762692
1986.5 1762848
1987.0 1757460
1987.5 1757460
1989.4 1757460
1992.3 1757420
1992.8 1757420
1993.3 1757420
1993.8 1757420
1994.3 1757420
1994.8 1757452
1995.3 1757452
1996.7 1757452
1997.2 1757420
1997.7 1757420
1998.3 1757420
1998.8 1757420
1999.3 1757420
1999.8 1757420
2000.3 1757420
2000.8 1757420
2001.7 1757420
2002.2 1757420
2002.7 1757420
2003.2 1757452
2003.7 1757452
2004.2 1757452
2004.7 1757452
2005.5 1757452
2006.0 1757452
2006.5 1757452
2007.9 1757420
2008.4 1757420
2008.9 1757420
2009.4 1757420
2009.9 1757420
2010.4 1763188
2010.9 1763520
2011.4 1763440
2011.9 1763268
2012.4 1763248
2012.9 1763384
2013.4 1763100
2013.9 1763276
2014.4 1763148
2014.9 1763260
2015.4 1763124
2015.9 1763188
2016.4 1763360
2016.9 1763652
2017.4 1763100
2017.9 1763228
2018.4 1762784
2018.9 1763448
2019.4 1763464
2019.9 1762992
2020.4 1762620
2020.9 1762636
2021.4 1762888
2021.9 1762952
2022.4 1762776
2022.9 1762620
2023.4 1763188
2023.9 1762904
2024.4 1763204
2024.9 1763360
2025.4 1763448
2025.9 1763180
2026.4 1763320
2026.9 1763084
2027.4 1763052
2027.9 1763244
2028.4 1763732
2028.9 1763320
2029.4 1763224
2029.9 1763100
2030.4 1763124
2030.9 1762968
2031.4 1763032
2031.9 1763204
2032.4 1757144
2032.9 1757144
2033.4 1757144
2033.9 1757144
2034.4 1757144
2036.3 1757168
2036.8 1757136
2037.3 1757136
2037.8 1757136
2038.3 1757136
2038.8 1757136
2040.7 1757136
2041.2 1757136
2041.7 1757136
2043.6 1757136
2044.1 1757136
2047.7 1757104
2049.3 1757168
2050.2 1757168
2050.7 1757168
2052.5 1757168
2053.1 1757168
2053.9 1757168
2054.5 1757168
2055.0 1762896
2055.5 1763116
2056.0 1763212
2056.5 1763020
2057.0 1763084
2057.5 1763244
2058.0 1763068
2058.5 1763164
2059.0 1763352
2059.5 1763400
2060.0 1763140
2060.5 1763140
2061.0 1763108
2061.5 1763060
2062.0 1763344
2062.5 1763248
2063.0 1763944
2063.5 1763188
2064.0 1763392
2064.5 1763300
2065.0 1763020
2065.5 1763272
2066.0 1763448
2066.5 1763432
2067.0 1763116
2067.5 1763892
2068.0 1763164
2068.5 1763256
2069.0 1763352
2069.5 1763084
2070.0 1763296
2070.5 1763296
2071.0 1763016
2071.5 1762668
2072.0 1762952
2072.5 1763800
2073.0 1763328
2073.5 1763280
2074.0 1763676
2074.5 1763440
2075.0 1763432
2075.5 1762988
2076.0 1763984
2076.5 1763872
2077.0 1757348
2077.5 1757348
2079.3 1757316
2081.2 1757308
2082.3 1757308
2084.2 1757308
2084.7 1757308
2085.2 1757308
2087.1 1757340
2087.6 1757340
2088.1 1757308
2089.9 1757308
2091.7 1757308
2092.5 1757308
2093.0 1757308
2094.8 1757308
2095.3 1757308
2097.2 1757308
2099.1 1757276
2099.6 1757276
2100.1 1763472
2100.6 1763216
2101.1 1763060
2101.6 1763280
2102.1 1763328
2102.6 1763516
2103.1 1763296
2103.6 1763864
2104.1 1763028
2104.6 1763644
2105.1 1763840
2105.6 1763476
2106.1 1763652
2106.6 1763084
2107.1 1763304
2107.6 1763168
2108.1 1763100
2108.6 1763448
2109.1 1763400
2109.6 1763256
2110.1 1763296
2110.6 1763452
2111.1 1763264
2111.6 1763124
2112.1 1763060
2112.6 1762996
2113.1 1763044
2113.6 1763044
2114.1 1763092
2114.6 1762948
2115.1 1763416
2115.6 1762956
2116.1 1763068
2116.6 1763208
2117.1 1763272
2117.6 1763288
2118.1 1763416
2118.6 1762452
2119.1 1762484
2119.6 1762472
2120.1 1762244
2120.6 1762788
2121.1 1763360
2121.6 1763468
2122.1 1757056
2122.9 1757120
2123.4 1757120
2124.1 1757120
2124.6 1757120
2125.4 1757112
2125.9 1757112
2126.8 1757112
2127.7 1757112
2128.2 1757080
2128.7 1757080
2130.5 1757080
2131.0 1757080
2132.8 1757080
2133.3 1757080
2135.3 1757144
2135.8 1757112
2140.5 1757112
2141.0 1757112
2141.5 1757112
2142.0 1757112
2144.5 1757112
2145.0 1763224
2145.5 1763320
2146.0 1763116
2146.5 1763116
2147.0 1763272
2147.5 1763412
2148.0 1763304
2148.5 1763036
2149.0 1762672
2149.5 1763224
2150.0 1763328
2150.5 1763468
2151.0 1763468
2151.5 1763564
2152.0 1763580
2152.5 1763012
2153.0 1762996
2153.5 1763596
2154.0 1763184
2154.5 1763200
2155.0 1763036
2155.5 1763336
2156.0 1763336
2156.5 1763380
2157.0 1763132
2157.5 1762892
2158.0 1763004
2158.5 1763036
2159.0 1763288
2159.5 1762988
2160.0 1763376
2160.5 1763140
2161.0 1763200
2161.5 1762948
2162.0 1762996
2162.5 1762980
2163.0 1762460
2163.5 1762444
2164.0 1762996
2164.5 1763016
2165.0 1762516
2165.5 1763132
2166.0 1763084
2166.5 1763052
2167.0 1760560
2167.5 1756844
2168.0 1756844
2168.5 1756844
2169.0 1756844
2169.5 1756812
2170.0 1756804
2170.9 1756804
2171.4 1756804
2171.9 1756804
2172.4 1756804
2173.1 1756804
2173.6 1756804
2174.1 1756804
2174.6 1756804
2175.1 1756804
2175.6 1756836
2176.1 1756836
2176.8 1756836
2177.3 1756836
2177.8 1756836
2178.3 1756836
2178.9 1756836
2179.4 1756836
2179.9 1756836
2180.4 1756804
2180.9 1756804
2181.4 1756804
2181.9 1756804
2182.9 1756836
2183.4 1756836
2183.9 1756836
2184.4 1756836
2184.9 1756836
2185.4 1756804
2185.9 1756804
2186.5 1756804
2187.8 1756804
2188.3 1756804
2189.5 1756804
2190.0 1762800
2190.5 1762972
2191.0 1763676
2191.5 1763376
2192.0 1763184
2192.5 1763484
2193.0 1763168
2193.5 1763264
2194.0 1763216
2194.5 1762980
2195.0 1763288
2195.5 1763004
2196.0 1762832
2196.5 1762656
2197.0 1763272
2197.5 1763100
2198.0 1763256
2198.5 1763208
2199.0 1762892
2199.5 1763524
2200.0 1763468
2200.5 1763216
2201.0 1763280
2201.5 1762884
2202.0 1763028
2202.5 1762916
2203.0 1763184
2203.5 1763420
2204.0 1763360
2204.5 1763136
2205.0 1763096
2205.5 1763128
2206.0 1763160
2206.5 1763272
2207.0 1763176
2207.5 1763192
2208.0 1763128
2208.5 1763272
2209.0 1763556
2209.5 1763320
2210.0 1763072
2210.5 1762492
2211.0 1762412
2211.5 1762316
2212.0 1760892
2212.5 1756564
2213.0 1756564
2213.5 1756564
2214.0 1756564
2214.5 1756564
2215.0 1756564
2215.5 1756588
2216.0 1756588
2216.5 1756588
2217.0 1756588
2217.5 1756588
2218.0 1756588
2218.5 1756588
2219.0 1756588
2219.5 1756556
2220.0 1756556
2220.5 1756556
2221.0 1756556
2221.5 1756556
2222.0 1756556
2222.5 1756588
2223.0 1756588
2223.5 1756588
2224.0 1756588
2224.5 1756556
2225.1 1756556
2225.6 1756556
2226.1 1756556
2226.6 1756556
2227.1 1756556
2227.6 1756556
2228.1 1756556
2228.6 1756556
2229.2 1756556
2229.7 1756524
2230.2 1756588
2230.7 1756588
2231.2 1756588
2231.7 1756588
2232.2 1756588
2232.7 1756588
2233.2 1756588
2233.7 1756556
2234.2 1756556
2234.7 1756556
2235.2 1762848
2235.7 1763304
2236.2 1763360
2236.7 1763580
2237.2 1763692
2237.7 1763612
2238.2 1763376
2238.7 1763344
2239.2 1763200
2239.7 1763312
2240.2 1763384
2240.7 1763368
2241.2 1762892
2241.7 1763336
2242.2 1763316
2242.7 1763036
2243.2 1763368
2243.7 1762720
2244.2 1763480
2244.7 1763096
2245.2 1763336
2245.7 1763596
2246.2 1763264
2246.7 1763596
2247.2 1763068
2247.7 1763280
2248.2 1763280
2248.7 1763152
2249.2 1763360
2249.7 1762948
2250.2 1763020
2250.7 1763444
2251.2 1762856
2251.7 1763020
2252.2 1763096
2252.7 1763052
2253.2 1762924
2253.7 1763256
2254.2 1763556
2254.7 1763428
2255.2 1763184
2255.7 1763184
2256.2 1763248
2256.7 1763280
2257.2 1762288
2257.7 1757316
2258.2 1757316
2258.7 1757316
2259.2 1757316
2259.7 1757316
2260.2 1757316
2260.7 1757308
2261.2 1757308
2261.7 1757276
2262.2 1757276
2262.7 1757276
2263.2 1757276
2263.7 1757340
2264.2 1757340
2264.7 1757340
2265.2 1757340
2265.7 1757340
2266.2 1757340
2266.7 1757308
2267.2 1757308
2267.7 1757308
2268.2 1757308
2268.7 1757308
2269.2 1757308
2269.7 1757308
2270.2 1757308
2270.7 1757340
2271.2 1757340
2271.7 1757340
2272.2 1757340
2272.7 1757340
2273.2 1757340
2273.7 1757340
2274.2 1757340
2274.7 1757340
2275.2 1757340
2275.7 1757308
2276.2 1757308
2276.7 1757308
2277.2 1757308
2277.7 1757340
2278.2 1757340
2278.7 1757340
2279.2 1757340
2279.7 1757340
2280.2 1762852
2280.7 1763152
2281.2 1763136
2281.7 1763024
2282.2 1763532
2282.7 1763324
2283.2 1763356
2283.7 1763372
2284.2 1763200
2284.7 1763248
2285.2 1763380
2285.7 1763144
2286.2 1763316
2286.7 1763444
2287.2 1763160
2287.7 1762640
2288.2 1762452
2288.7 1762500
2289.2 1762720
2289.7 1763676
2290.2 1763764
2290.7 1763372
2291.2 1763264
2291.7 1763044
2292.2 1763388
2292.7 1763200
2293.2 1763436
2293.7 1763104
2294.2 1763516
2294.7 1763120
2295.2 1763288
2295.7 1763492
2296.2 1763144
2296.7 1763396
2297.2 1763064
2297.7 1763096
2298.2 1763224
2298.7 1763112
2299.2 1763128
2299.7 1763364
2300.2 1763420
2300.7 1763436
2301.2 1762868
2301.7 1762536
2302.2 1756780
2302.7 1756588
2303.2 1756588
2304.0 1756620
2304.5 1756620
2305.0 1756620
2305.5 1756612
2306.0 1756612
2306.5 1756612
2307.0 1756612
2307.9 1756612
2308.4 1756612
2308.9 1756612
2309.4 1756612
2309.9 1756580
2310.4 1756580
2311.0 1756580
2311.5 1756580
2312.4 1756612
2312.9 1756612
2313.5 1756612
2314.0 1756612
2314.5 1756580
2315.0 1756580
2315.5 1756580
2316.0 1756580
2316.5 1756580
2317.0 1756580
2317.5 1756580
2318.0 1756580
2318.5 1756580
2319.0 1756580
2319.5 1756580
2320.0 1756612
2320.5 1756612
2321.0 1756612
2321.5 1756612
2322.0 1756612
2322.5 1756612
2323.0 1756612
2323.5 1756612
2324.0 1756580
2324.5 1756580
2325.0 1762648
2325.5 1763384
2326.0 1763356
2326.5 1763372
2327.0 1763088
2327.5 1763388
2328.0 1763324
2328.5 1762992
2329.0 1763104
2329.5 1763200
2330.0 1763540
2330.5 1763348
2331.0 1763396
2331.5 1763300
2332.0 1763208
2332.5 1763316
2333.0 1763000
2333.5 1763272
2334.0 1763412
2334.5 1763192
2335.0 1763340
2335.5 1763088
2336.0 1763404
2336.5 1763436
2337.0 1763408
2337.5 1763640
2338.0 1763672
2338.5 1763200
2339.0 1763452
2339.5 1763468
2340.0 1763112
2340.5 1763380
2341.0 1763144
2341.5 1763272
2342.0 1763096
2342.5 1763112
2343.0 1762972
2343.5 1763268
2344.0 1763268
2344.5 1763380
2345.0 1763608
2345.5 1763452
2346.0 1763308
2346.5 1763088
2347.0 1757196
2347.5 1756940
2348.0 1756940
2348.5 1756940
2349.0 1756940
2349.5 1756940
2350.0 1756940
2350.5 1756964
2351.0 1756964
2351.5 1756964
2352.0 1756964
2352.5 1756964
2353.0 1756932
2353.5 1756932
2354.1 1756932
2354.6 1756932
2355.1 1756932
2355.6 1756932
2356.1 1756932
2356.6 1756932
2357.1 1756900
2357.6 1756964
2358.1 1756964
2358.6 1756964
2359.1 1756964
2359.6 1756964
2360.1 1756964
2360.6 1756964
2361.1 1756932
2361.6 1756932
2362.1 1756932
2362.6 1756932
2363.1 1756932
2363.6 1756932
2364.1 1756932
2364.6 1756932
2365.1 1756964
2365.6 1756964
2366.1 1756964
2366.6 1756964
2367.1 1756932
2367.6 1756932
2368.1 1756932
2368.6 1756932
2369.1 1756932
2369.6 1756932
2370.1 1762792
2370.6 1763804
2371.1 1763380
2371.6 1762836
2372.1 1762268
2372.6 1762440
2373.1 1762600
2373.6 1762820
2374.1 1763024
2374.6 1762948
2375.1 1762496
2375.6 1762420
2376.1 1762276
2376.6 1762276
2377.1 1762688
2377.6 1762592
2378.1 1762844
2378.6 1763128
2379.1 1763176
2379.6 1763016
2380.1 1762456
2380.6 1762788
2381.1 1763120
2381.6 1763276
2382.1 1763372
2382.6 1763164
2383.1 1763040
2383.6 1763088
2384.1 1763308
2384.6 1763388
2385.1 1763664
2385.6 1762764
2386.1 1762860
2386.6 1762624
2387.1 1762748
2387.6 1762684
2388.1 1762560
2388.6 1762576
2389.1 1762308
2389.6 1763664
2390.1 1762860
2390.6 1762732
2391.1 1762860
2391.6 1763000
2392.1 1762408
2392.6 1757196
2393.1 1757196
2393.6 1757196
2394.1 1757164
2394.6 1757228
2395.1 1757228
2395.6 1757228
2396.1 1757220
2396.6 1757220
2397.1 1757220
2397.6 1757220
2398.1 1757220
2398.6 1757220
2399.1 1757188
2399.6 1757188
2400.1 1757188
2400.6 1757188
2401.2 1757188
2401.7 1757188
2402.2 1757188
2402.7 1757188
2403.2 1757220
2403.7 1757188
2404.2 1757188
2404.7 1757188
2405.2 1757188
2405.7 1757188
2406.2 1757188
2406.7 1757188
2407.2 1757188
2407.7 1757188
2408.2 1757156
2408.7 1757156
2409.2 1757220
2409.7 1757220
2410.2 1757220
2410.8 1757220
2411.3 1757220
2411.8 1757220
2412.3 1757220
2412.8 1757188
2413.3 1757188
2413.8 1757188
2414.3 1757188
2414.8 1757188
2415.3 1762824
2415.8 1762812
2416.3 1763312
2416.8 1763144
2417.3 1763380
2417.8 1762984
2418.3 1763048
2418.8 1763016
2419.3 1763032
2419.8 1763032
2420.3 1763168
2420.8 1762724
2421.3 1763424
2421.8 1763324
2422.3 1763496
2422.8 1763308
2423.3 1762932
2423.8 1762820
2424.3 1762932
2424.8 1762960
2425.3 1763284
2425.8 1763380
2426.3 1763284
2426.8 1762260
2427.3 1762528
2427.8 1762404
2428.3 1762576
2428.8 1763348
2429.3 1763412
2429.8 1763648
2430.3 1763576
2430.8 1763512
2431.3 1763216
2431.8 1763276
2432.3 1763244
2432.8 1763120
2433.3 1762884
2433.8 1762976
2434.3 1762836
2434.8 1763056
2435.3 1763096
2435.8 1763364
2436.3 1763300
2436.8 1763048
2437.3 1759896
2437.8 1757224
2438.3 1757224
2438.8 1757256
2439.3 1757256
2439.9 1757256
2440.4 1757256
2440.9 1757256
2441.4 1757248
2441.9 1757216
2442.4 1757216
2442.9 1757216
2443.4 1757216
2443.9 1757216
2444.4 1757216
2444.9 1757216
2445.4 1757216
2445.9 1757216
2446.4 1757248
2446.9 1757248
2447.4 1757248
2447.9 1757248
2448.4 1757248
2448.9 1757248
2449.4 1757248
2449.9 1757248
2450.4 1757248
2450.9 1757248
2451.4 1757216
2451.9 1757216
2452.4 1757216
2452.9 1757216
2453.4 1757216
2453.9 1757216
2454.4 1757248
2454.9 1757248
2455.4 1757216
2455.9 1757216
2456.4 1757216
2456.9 1757216
2457.4 1757216
2457.9 1757216
2458.4 1757216
2458.9 1757216
2459.4 1757216
2459.9 1763044
2460.4 1763820
2460.9 1762936
2461.4 1763316
2461.9 1763172
2462.4 1763268
2462.9 1763412
2463.4 1763268
2463.9 1763552
2464.4 1763632
2464.9 1763640
2465.4 1763640
2465.9 1762736
2466.4 1763308
2466.9 1763136
2467.4 1763324
2467.9 1763068
2468.4 1763296
2468.9 1763688
2469.4 1763960
2469.9 1763616
2470.4 1763204
2470.9 1763284
2471.4 1763268
2471.9 1763284
2472.4 1763284
2472.9 1763504
2473.4 1763236
2473.9 1762924
2474.4 1763032
2474.9 1762804
2475.4 1762772
2475.9 1762724
2476.4 1762740
2476.9 1762644
2477.4 1763388
2477.9 1763244
2478.4 1763420
2478.9 1763372
2479.4 1763260
2479.9 1763504
2480.4 1763488
2480.9 1763300
2481.4 1763440
2481.9 1763680
2482.4 1757208
2482.9 1757208
2483.4 1757208
2484.0 1757208
2484.5 1757176
2485.0 1757176
2485.5 1757168
2486.0 1757168
2486.5 1757232
2487.0 1757232
2487.5 1757232
2488.0 1757232
2488.5 1757232
2489.0 1757200
2489.5 1757200
2490.0 1757200
2490.5 1757200
2491.0 1757200
2491.5 1757200
2492.0 1757200
2492.5 1757200
2493.0 1757200
2493.5 1757232
2494.0 1757232
2494.5 1757232
2495.0 1757232
2495.5 1757232
2496.0 1757232
2496.5 1757232
2497.0 1757232
2497.5 1757232
2498.0 1757232
2498.5 1757200
2499.0 1757200
2499.5 1757200
2500.0 1757232
2500.5 1757232
2501.0 1757232
2501.5 1757232
2502.0 1757232
2502.5 1757200
2503.0 1757200
2503.5 1757200
2504.0 1757200
2504.5 1757200
2505.0 1763340
2505.5 1763276
2506.0 1763512
2506.5 1763276
2507.0 1763228
2507.5 1762896
2508.0 1763196
2508.5 1763656
2509.0 1763308
2509.5 1763244
2510.0 1763472
2510.5 1763504
2511.0 1763220
2511.5 1763424
2512.0 1763552
2512.5 1762840
2513.0 1763692
2513.5 1763348
2514.0 1763124
2514.5 1763332
2515.0 1763116
2515.5 1764156
2516.0 1763304
2516.5 1762552
2517.0 1762564
2517.5 1763132
2518.0 1763228
2518.5 1763180
2519.0 1763292
2519.5 1763132
2520.0 1762936
2520.5 1762968
2521.0 1762872
2521.5 1762968
2522.0 1763560
2522.5 1763100
2523.0 1763228
2523.5 1763148
2524.0 1763196
2524.5 1762928
2525.0 1762936
2525.5 1763032
2526.0 1763140
2526.5 1763820
2527.0 1757460
2527.5 1757460
2528.0 1757460
2528.5 1757460
2529.0 1757460
2529.5 1757460
2530.0 1757456
2530.5 1757452
2531.0 1757452
2531.5 1757420
2532.0 1757420
2532.5 1757484
2533.0 1757484
2533.5 1757484
2534.0 1757484
2534.5 1757484
2535.0 1757484
2535.5 1757452
2536.0 1757452
2536.5 1757452
2537.0 1757452
2537.5 1757452
2538.0 1757452
2538.5 1757452
2539.0 1757452
2539.5 1757516
2540.1 1757516
2540.6 1757484
2541.1 1757484
2541.6 1757484
2542.1 1757484
2542.6 1757484
2543.1 1757484
2543.6 1757484
2544.1 1757484
2544.6 1757484
2545.1 1757484
2545.6 1757452
2546.1 1757452
2546.6 1757452
2547.1 1757484
2547.6 1757484
2548.1 1757484
2548.6 1757484
2549.1 1757484
2549.6 1757452
2550.1 1757452
2550.6 1763084
2551.1 1763276
2551.6 1763040
2552.1 1762596
2552.6 1762836
2553.1 1762424
2553.6 1762440
2554.1 1762932
2554.6 1763080
2555.1 1763188
2555.6 1762640
2556.1 1763008
2556.6 1763116
2557.1 1763504
2557.6 1763424
2558.1 1763220
2558.6 1763332
2559.1 1763076
2559.6 1763204
2560.1 1763252
2560.6 1763480
2561.1 1763180
2561.6 1763212
2562.1 1763244
2562.6 1763276
2563.1 1763056
2563.6 1763308
2564.1 1763464
2564.6 1763544
2565.1 1763276
2565.6 1763552
2566.1 1763188
2566.6 1763092
2567.1 1763408
2567.6 1763360
2568.1 1763520
2568.6 1763284
2569.1 1763188
2569.6 1763204
2570.1 1763220
2570.6 1762928
2571.1 1763008
2571.6 1762880
2572.1 1763324
2572.6 1757296
2573.1 1757232
2573.6 1757232
2574.1 1757232
2574.6 1757296
2575.2 1757296
2576.0 1757296
2576.5 1757288
2577.0 1757288
2577.5 1757288
2578.0 1757288
2578.5 1757256
2579.0 1757256
2579.5 1757256
2580.0 1757256
2580.5 1757256
2581.0 1757256
2581.5 1757256
2582.0 1757256
2582.5 1757288
2583.0 1757256
2583.5 1757256
2584.0 1757256
2584.5 1757256
2585.0 1757256
2585.6 1757256
2586.1 1757256
2586.6 1757256
2587.1 1757256
2587.6 1757224
2588.1 1757224
2588.6 1757224
2589.1 1757224
2589.6 1757288
2590.1 1757288
2590.6 1757288
2591.1 1757288
2591.6 1757288
2592.1 1757288
2592.6 1757256
2593.1 1757256
2593.6 1757256
2594.1 1757256
2594.6 1760484
2595.1 1762936
2595.6 1762620
2596.1 1762500
2596.6 1763116
2597.1 1763368
2597.6 1763480
2598.1 1763148
2598.6 1763244
2599.1 1763244
2599.6 1763248
2600.1 1763536
2600.6 1763188
2601.1 1763392
2601.6 1763408
2602.1 1763488
2602.6 1763872
2603.1 1764288
2603.6 1763936
2604.1 1763732
2604.6 1763584
2605.1 1762824
2605.6 1763424
2606.1 1763076
2606.6 1763456
2607.1 1763232
2607.6 1763220
2608.1 1762968
2608.6 1762888
2609.1 1762808
2609.6 1763100
2610.1 1763100
2610.6 1763116
2611.1 1763100
2611.6 1763368
2612.1 1763368
2612.6 1763336
2613.1 1763716
2613.6 1763148
2614.1 1763200
2614.6 1763520
2615.1 1763520
2615.6 1763628
2616.1 1763424
2616.6 1763360
2617.1 1757324
2617.6 1757324
2618.1 1757324
2618.6 1757324
2619.1 1757324
2619.6 1757292
2620.1 1757292
2620.6 1757284
2621.1 1757284
2621.6 1757348
2622.1 1757348
2622.6 1757348
2623.1 1757348
2623.6 1757348
2624.1 1757348
2624.6 1757316
2625.1 1757316
2625.6 1757316
2626.1 1757316
2626.6 1757316
2627.1 1757316
2627.6 1757316
2628.1 1757316
2628.6 1757380
2629.1 1757348
2629.6 1757348
2630.1 1757348
2630.6 1757348
2631.1 1757348
2631.6 1757348
2632.1 1757348
2632.7 1757348
2633.2 1757348
2633.7 1757316
2634.2 1757316
2634.7 1757316
2635.2 1757316
2635.7 1757316
2636.2 1757316
2636.7 1757348
2637.2 1757348
2637.7 1757348
2638.2 1757348
2638.7 1757316
2639.2 1757316
2639.7 1757316
2640.2 1763312
2640.7 1763280
2641.2 1762980
2641.7 1763692
2642.2 1762972
2642.7 1763320
2643.2 1763544
2643.7 1763540
2644.2 1763304
2644.7 1763368
2645.2 1763424
2645.7 1763456
2646.2 1763172
2646.7 1763220
2647.2 1762964
2647.7 1763188
2648.2 1763124
2648.7 1763504
2649.2 1763440
2649.7 1763580
2650.2 1763620
2650.7 1763400
2651.2 1763240
2651.7 1763432
2652.2 1763272
2652.7 1763288
2653.2 1763132
2653.7 1763352
2654.2 1763416
2654.7 1763180
2655.2 1762980
2655.7 1762856
2656.2 1762744
2656.7 1762888
2657.2 1762936
2657.7 1763204
2658.2 1763156
2658.7 1763280
2659.2 1763108
2659.7 1762840
2660.2 1762800
2660.7 1762960
2661.2 1762880
2661.7 1763148
2662.2 1756520
2662.8 1756520
2663.3 1756520
2663.8 1756520
2664.3 1756520
2664.8 1756552
2665.3 1756552
2665.8 1756544
2666.3 1756544
2666.8 1756544
2667.3 1756544
2667.8 1756512
2668.5 1756512
2669.0 1756512
2670.2 1756512
2670.7 1756512
2671.2 1756512
2672.1 1756512
2672.6 1756512
2673.1 1756512
2673.6 1756512
2674.1 1756544
2674.7 1756544
2675.2 1756544
2675.7 1756544
2676.2 1756544
2676.7 1756544
2677.2 1756544
2677.7 1756512
2679.0 1756512
2679.5 1756512
2680.0 1756512
2680.5 1756512
2681.0 1756512
2681.8 1756544
2682.3 1756544
2682.8 1756544
2683.3 1756544
2683.9 1756512
2684.5 1756512
2685.0 1762668
2685.5 1762716
2686.0 1762508
2686.5 1762460
2687.0 1762540
2687.5 1762744
2688.0 1762904
2688.5 1762696
2689.0 1763060
2689.5 1762932
2690.0 1762452
2690.5 1762548
2691.0 1763764
2691.5 1763004
2692.0 1763328
2692.5 1763532
2693.0 1763740
2693.5 1763296
2694.0 1763280
2694.5 1763108
2695.0 1763256
2695.5 1763036
2696.0 1763100
2696.5 1763304
2697.0 1762816
2697.5 1762908
2698.0 1763068
2698.5 1763240
2699.0 1763272
2699.5 1762988
2700.0 1762808
2700.5 1762996
2701.0 1763248
2701.5 1763328
2702.0 1763044
2702.5 1763344
2703.0 1763344
2703.5 1763044
2704.0 1763028
2704.5 1763092
2705.0 1763028
2705.5 1763360
2706.0 1763708
2706.5 1763408
2707.0 1760100
2707.5 1757220
2708.0 1757220
2708.5 1757220
2709.0 1757220
2709.5 1757220
2710.0 1757252
2710.5 1757252
2711.0 1757244
2711.5 1757244
2712.0 1757212
2712.5 1757212
2713.0 1757212
2713.5 1757212
2714.0 1757212
2714.5 1757212
2715.0 1757212
2715.5 1757212
2716.0 1757212
2716.5 1757212
2717.0 1757244
2717.5 1757244
2718.0 1757244
2718.5 1757244
2719.0 1757244
2719.5 1757244
2720.0 1757244
2720.5 1757244
2721.0 1757244
2721.5 1757244
2722.0 1757212
2722.5 1757212
2723.0 1757212
2723.6 1757212
2724.1 1757244
2724.6 1757244
2725.1 1757244
2725.6 1757244
2726.1 1757212
2726.6 1757212
2727.1 1757212
2727.6 1757212
2728.1 1757212
2728.6 1757212
2729.1 1757212
2729.6 1757212
2730.1 1763424
2730.6 1763372
2731.1 1763296
2731.6 1762768
2732.1 1763076
2732.6 1763216
2733.1 1762996
2733.6 1763328
2734.1 1763392
2734.6 1763264
2735.1 1763464
2735.6 1763448
2736.1 1763384
2736.6 1763256
2737.1 1763384
2737.6 1763256
2738.1 1763368
2738.6 1763080
2739.1 1763684
2739.6 1763348
2740.1 1763280
2740.6 1762884
2741.1 1763388
2741.6 1763564
2742.1 1763532
2742.6 1763060
2743.1 1763376
2743.6 1763232
2744.1 1763356
2744.6 1763200
2745.1 1763084
2745.6 1762816
2746.1 1762248
2746.6 1762580
2747.1 1762532
2747.6 1762768
2748.1 1763224
2748.6 1763464
2749.1 1763364
2749.6 1763556
2750.1 1763580
2750.6 1763548
2751.1 1763212
2751.6 1763372
2752.1 1757992
2752.6 1757736
2753.1 1757736
2753.6 1757736
2754.1 1757736
2754.6 1757736
2755.2 1757736
2755.7 1757736
2756.2 1757696
2756.7 1757696
2757.2 1757696
2757.7 1757696
2758.2 1757760
2758.7 1757760
2759.2 1757760
2759.7 1757760
2760.2 1757760
2760.7 1757760
2761.2 1757728
2761.8 1757728
2762.3 1757728
2762.8 1757728
2763.3 1757728
2763.8 1757728
2764.3 1757728
2764.8 1757728
2765.3 1757728
2765.8 1757728
2766.3 1757760
2766.8 1757760
2767.3 1757760
2767.8 1757760
2768.3 1757760
2768.8 1757760
2769.3 1757760
2769.8 1757760
2770.3 1757728
2770.8 1757728
2771.3 1757728
2771.8 1757728
2772.3 1757728
2772.8 1757728
2773.3 1757760
2773.8 1757760
2774.3 1757760
2774.8 1757760
2775.3 1757728
2775.8 1763200
2776.3 1763216
2776.8 1763424
2777.3 1763168
2777.8 1763280
2778.3 1763120
2778.8 1763076
2779.3 1763012
2779.8 1763060
2780.3 1763044
2780.8 1763112
2781.3 1763132
2781.8 1762972
2782.3 1763004
2782.8 1763112
2783.3 1762924
2783.8 1763492
2784.3 1763192
2784.8 1763412
2785.3 1762876
2785.8 1762932
2786.3 1763200
2786.8 1763612
2787.3 1763736
2787.8 1763424
2788.3 1763644
2788.8 1763376
2789.3 1763456
2789.8 1763152
2790.3 1763500
2790.8 1763668
2791.3 1763588
2791.8 1763476
2792.3 1763412
2792.8 1763240
2793.3 1763176
2793.8 1763320
2794.3 1762924
2794.8 1763324
2795.3 1762896
2795.8 1762696
2796.3 1762712
2796.8 1762600
2797.3 1763076
2797.8 1761056
2798.3 1757480
2798.8 1757448
2799.3 1757448
2799.8 1757448
2800.3 1757512
2800.9 1757504
2801.4 1757504
2801.9 1757504
2802.4 1757504
2802.9 1757504
2803.4 1757504
2803.9 1757504
2804.4 1757472
2804.9 1757472
2805.4 1757472
2805.9 1757472
2806.4 1757472
2806.9 1757504
2807.4 1757504
2807.9 1757472
2808.4 1757472
2808.9 1757472
2809.4 1757472
2809.9 1757472
2810.4 1757472
2810.9 1757472
2811.4 1757472
2811.9 1757472
2812.4 1757472
2813.0 1757440
2813.5 1757440
2814.0 1757440
2814.5 1757440
2815.0 1757504
2815.5 1757504
2816.0 1757504
2816.5 1757504
2817.0 1757504
2817.5 1757504
2818.0 1757472
2818.5 1757472
2819.0 1757472
2819.5 1757472
2820.0 1763368
2820.5 1763240
2821.0 1763368
2821.5 1763224
2822.0 1763256
2822.5 1763556
2823.0 1763348
2823.5 1763460
2824.0 1763460
2824.5 1763572
2825.0 1763452
2825.5 1763296
2826.0 1763108
2826.5 1763420
2827.0 1763280
2827.5 1763344
2828.0 1763376
2828.5 1763388
2829.0 1763264
2829.5 1763452
2830.0 1763160
2830.5 1763208
2831.0 1763288
2831.5 1763224
2832.0 1763176
2832.5 1762940
2833.0 1763428
2833.5 1762892
2834.0 1762784
2834.5 1762624
2835.0 1762584
2835.5 1762680
2836.0 1762824
2836.5 1763076
2837.0 1763340
2837.5 1763372
2838.0 1763516
2838.5 1763484
2839.0 1763292
2839.5 1763404
2840.0 1763112
2840.5 1763288
2841.0 1762924
2841.5 1763096
2842.0 1762504
2842.5 1757496
2843.0 1757496
2843.5 1757496
2844.0 1757496
2844.5 1757496
2845.0 1757496
2845.5 1757520
2846.0 1757488
2846.5 1757488
2847.0 1757488
2847.5 1757488
2848.0 1757488
2848.5 1757488
2849.0 1757488
2849.5 1757488
2850.0 1757488
2850.6 1757488
2851.1 1757488
2851.6 1757456
2852.1 1757456
2852.6 1757456
2853.1 1757520
2853.6 1757520
2854.1 1757520
2854.6 1757520
2855.1 1757520
2855.6 1757520
2856.1 1757488
2856.6 1757488
2857.4 1757488
2857.9 1757488
2858.4 1757488
2858.9 1757488
2859.4 1757488
2859.9 1757488
2860.4 1757520
2860.9 1757520
2861.4 1757520
2861.9 1757520
2862.4 1757520
2862.9 1757520
2863.4 1757520
2863.9 1757520
2864.4 1757520
2864.9 1757520
2865.4 1762664
2865.9 1763200
2866.4 1763136
2866.9 1762992
2867.4 1763420
2867.9 1763152
2868.4 1763324
2868.9 1763040
2869.4 1763136
2869.9 1763088
2870.4 1763444
2870.9 1763176
2871.4 1763112
2871.9 1763160
2872.4 1763412
2872.9 1763332
2873.4 1763320
2873.9 1762800
2874.4 1762688
2874.9 1762688
2875.4 1762584
2875.9 1762696
2876.4 1762728
2876.9 1762804
2877.4 1763040
2877.9 1763024
2878.4 1762992
2878.9 1763024
2879.4 1762912
2879.9 1763136
2880.4 1763380
2880.9 1763176
2881.4 1763444
2881.9 1763080
2882.4 1763064
2882.9 1763096
2883.4 1763300
2883.9 1763176
2884.4 1763256
2884.9 1763144
2885.4 1763120
2885.9 1763024
2886.4 1762900
2886.9 1762788
2887.4 1759716
2887.9 1757156
2888.4 1757124
2888.9 1757124
2889.4 1757124
2889.9 1757124
2890.4 1757116
2890.9 1757116
2891.4 1757116
2891.9 1757116
2892.4 1757180
2892.9 1757148
2893.4 1757148
2893.9 1757148
2894.4 1757148
2894.9 1757148
2895.4 1757148
2895.9 1757148
2896.4 1757148
2896.9 1757148
2897.4 1757148
2898.0 1757148
2898.5 1757116
2899.0 1757116
2899.5 1757116
2900.0 1757116
2900.5 1757148
2901.0 1757148
2901.5 1757148
2902.0 1757148
2902.5 1757116
2903.0 1757116
2903.5 1757116
2904.0 1757116
2904.5 1757116
2905.0 1757116
2905.5 1757116
2906.0 1757116
2906.5 1757116
2907.0 1757116
2907.5 1757148
2908.0 1757148
2908.5 1757148
2909.0 1757148
2909.5 1757148
2910.0 1763028
2910.5 1763120
2911.0 1763516
2911.5 1763524
2912.0 1763556
2912.5 1762844
2913.0 1762720
2913.5 1762812
2914.0 1763096
2914.5 1763080
2915.0 1763356
2915.5 1763024
2916.0 1763436
2916.5 1763040
2917.0 1763452
2917.5 1763420
2918.0 1763184
2918.5 1763136
2919.0 1762692
2919.5 1762960
2920.0 1763112
2920.5 1763552
2921.0 1763240
2921.5 1763412
2922.0 1763096
2922.5 1763680
2923.0 1763412
2923.5 1762624
2924.0 1762764
2924.5 1762928
2925.0 1763452
2925.5 1763168
2926.0 1763404
2926.5 1763324
2927.0 1762788
2927.5 1762788
2928.0 1763168
2928.5 1763120
2929.0 1762772
2929.5 1762852
2930.0 1762908
2930.5 1762860
2931.0 1762924
2931.5 1762416
2932.0 1759072
2932.5 1756672
2933.0 1756672
2933.5 1756672
2934.0 1756672
2934.5 1756672
2935.0 1756672
2935.5 1756632
2936.0 1756696
2936.5 1756696
2937.0 1756696
2937.5 1756696
2938.0 1756696
2938.5 1756696
2939.0 1756696
2939.5 1756696
2940.0 1756696
2940.5 1756664
2941.0 1756664
2941.5 1756664
2942.0 1756664
2942.5 1756664
2943.0 1756664
2943.5 1756664
2944.0 1756696
2944.5 1756664
2945.0 1756664
2945.5 1756664
2946.0 1756664
2946.5 1756664
2947.0 1756664
2947.5 1756664
2948.0 1756664
2948.5 1756664
2949.0 1756664
2949.5 1756664
2950.0 1756632
2950.5 1756696
2951.0 1756696
2951.5 1756696
2952.0 1756696
2952.5 1756696
2953.0 1756696
2953.5 1756696
2954.0 1756696
2954.5 1756696
2955.0 1762932
2955.5 1762944
2956.0 1763136
2956.5 1762424
2957.0 1762616
2957.5 1763064
2958.0 1763144
2958.5 1763096
2959.0 1762924
2959.5 1762748
2960.0 1762600
2960.5 1762900
2961.0 1762664
2961.5 1762584
2962.0 1762536
2962.5 1762852
2963.0 1763056
2963.5 1763008
2964.0 1762852
2964.5 1762708
2965.0 1762968
2965.5 1763380
2966.0 1762684
2966.5 1762748
2967.0 1763240
2967.5 1762968
2968.0 1763444
2968.5 1762940
2969.0 1762920
2969.5 1763112
2970.0 1763276
2970.5 1763592
2971.0 1763292
2971.5 1763356
2972.0 1763072
2972.5 1763372
2973.0 1763104
2973.5 1763040
2974.0 1762976
2974.5 1762852
2975.0 1763024
2975.5 1763324
2976.0 1763388
2976.5 1763276
2977.0 1757296
2977.5 1757264
2978.0 1757264
2978.5 1757264
2979.0 1757264
2979.5 1757264
2980.0 1757264
2980.5 1757288
2981.0 1757288
2981.5 1757288
2982.0 1757288
2982.5 1757288
2983.0 1757256
2983.5 1757256
2984.0 1757256
2984.5 1757256
2985.0 1757256
2985.6 1757256
2986.1 1757256
2986.6 1757256
2987.1 1757224
2987.6 1757288
2988.1 1757288
2988.6 1757288
2989.1 1757288
2989.6 1757288
2990.1 1757288
2990.6 1757288
2991.1 1757288
2991.6 1757288
2992.1 1757256
2992.6 1757256
2993.1 1757256
2993.6 1757256
2994.1 1757256
2994.6 1757256
2995.1 1757288
2995.6 1757288
2996.2 1757288
2996.7 1757256
2997.2 1757256
2997.7 1757256
2998.2 1757256
2998.7 1757256
2999.2 1757256
2999.7 1757256
3000.2 1763252
