0.6 1819520
1.1 1819520
1.6 1819520
2.2 1819488
2.7 1819488
4.1 1819552
4.6 1819552
5.1 1819552
5.6 1819552
6.2 1819552
7.5 1819552
9.2 1819520
9.7 1819520
10.2 1819520
12.1 1819520
12.6 1819520
13.1 1819520
13.6 1819520
15.2 1819584
15.7 1819552
17.6 1819552
18.1 1819552
19.0 1819552
19.5 1819552
20.1 1819552
20.6 1819552
21.1 1819552
22.6 1819552
23.1 1819552
23.6 1819552
24.1 1819520
25.9 1819520
27.8 1819552
29.5 1819552
30.0 1826348
30.5 1826612
31.0 1827052
31.5 1827796
32.0 1827684
32.5 1827684
33.0 1827068
33.5 1827324
34.0 1827480
34.5 1827764
35.0 1828136
35.5 1827980
36.0 1827996
36.5 1827996
37.0 1828200
37.5 1827948
38.0 1827996
38.5 1828392
39.0 1827916
39.5 1828012
40.0 1827908
40.5 1828160
41.0 1827876
41.5 1827892
42.0 1828068
42.5 1827716
43.0 1827940
43.5 1828460
44.0 1828176
44.5 1828116
45.0 1828200
45.5 1828096
46.0 1828944
46.5 1828544
47.0 1828608
47.5 1827616
48.0 1827600
48.5 1827868
49.0 1827884
49.5 1827852
50.0 1828024
50.5 1827740
51.0 1827752
51.5 1828008
52.0 1827912
52.5 1828148
53.0 1825284
53.5 1821716
54.4 1821716
54.9 1821676
55.4 1821676
55.9 1821740
57.2 1821740
58.3 1821740
58.8 1821740
59.3 1821740
60.6 1821740
61.1 1821740
61.6 1821740
62.1 1821708
62.6 1821708
63.1 1821708
63.6 1821708
64.1 1821708
64.6 1821708
65.1 1821708
65.6 1821708
66.1 1821740
66.6 1821740
67.1 1821740
67.6 1821740
68.1 1821740
68.6 1821740
69.1 1821740
69.6 1821740
70.1 1821740
70.6 1821740
71.1 1821708
71.6 1821708
72.1 1821708
72.6 1821708
73.1 1821740
73.6 1821740
74.1 1821740
74.6 1826172
75.1 1828168
75.6 1827928
76.1 1827912
76.6 1828480
77.1 1828316
77.6 1828520
78.1 1828204
78.6 1828140
79.1 1828188
79.6 1828152
80.1 1828184
80.6 1828056
81.1 1828216
81.6 1828152
82.1 1828028
82.6 1827900
83.1 1827916
83.6 1827868
84.1 1827884
84.6 1828196
85.1 1827864
85.6 1828116
86.1 1828180
86.6 1828228
87.1 1828228
87.6 1828100
88.1 1827944
88.6 1828244
89.1 1827976
89.6 1828108
90.1 1828024
90.6 1828008
91.1 1827924
91.6 1827880
92.1 1827912
92.6 1828008
93.1 1828008
93.6 1827816
94.1 1827864
94.6 1827604
95.1 1827636
95.6 1828220
96.1 1827840
96.6 1828204
97.1 1828140
97.6 1828048
98.1 1822120
98.6 1822120
99.1 1822088
99.6 1822088
100.1 1822084
100.6 1822084
101.1 1822148
101.6 1822148
102.1 1822148
102.6 1822148
103.1 1822148
103.6 1822148
104.1 1822116
104.6 1822116
105.1 1822116
105.6 1822116
106.1 1822116
106.6 1822116
107.1 1822116
107.6 1822116
108.1 1822148
108.6 1822148
109.2 1822148
109.7 1822148
110.2 1822148
110.7 1822148
111.2 1822148
111.7 1822148
112.2 1822148
112.7 1822148
113.2 1822116
113.7 1822116
114.2 1822116
114.7 1822116
115.2 1822148
115.7 1822148
116.2 1822148
116.7 1822148
117.2 1822148
117.7 1822148
118.2 1822116
118.7 1822116
119.2 1822116
119.7 1829480
120.2 1828096
120.7 1827924
121.2 1827940
121.7 1827576
122.2 1827544
122.7 1828148
123.2 1828700
123.7 1828032
124.2 1827956
124.7 1828200
125.2 1827980
125.7 1828088
126.2 1828136
126.7 1828372
127.2 1828056
127.7 1828088
128.2 1828088
128.7 1828104
129.2 1828008
129.7 1828176
130.2 1827812
130.7 1827860
131.2 1827844
131.7 1827732
132.2 1828128
132.7 1828016
133.2 1828316
133.7 1828412
134.2 1827920
134.7 1828108
135.2 1827792
135.7 1828108
136.2 1827952
136.7 1827936
137.2 1827412
137.7 1827400
138.2 1827460
138.7 1827352
139.2 1827288
139.7 1828184
140.2 1828104
140.7 1828056
141.2 1827756
141.7 1828088
142.2 1827804
142.7 1827852
143.2 1822108
143.7 1822140
144.2 1822140
144.7 1822140
145.2 1822140
145.7 1822132
146.2 1822100
146.7 1822100
147.2 1822100
147.7 1822100
148.2 1822100
148.7 1822100
149.2 1822100
149.7 1822100
150.2 1822100
150.7 1822132
151.2 1822132
151.7 1822132
152.2 1822132
152.7 1822132
153.2 1822132
153.7 1822132
154.3 1822132
154.8 1822132
155.3 1822100
155.8 1822100
156.3 1822100
156.8 1822100
157.3 1822100
157.8 1822100
158.3 1822100
158.8 1822132
159.3 1822132
159.8 1822132
160.3 1822100
160.8 1822100
161.3 1822100
161.8 1822100
162.3 1822100
162.8 1822100
163.3 1822100
163.8 1822100
164.4 1822100
164.9 1828072
165.4 1828024
165.9 1828104
166.4 1827924
166.9 1827780
167.4 1827812
167.9 1827908
168.4 1827764
168.9 1827876
169.4 1827876
169.9 1828108
170.4 1827856
170.9 1827756
171.4 1828068
171.9 1827880
172.4 1827752
172.9 1827580
173.4 1827564
173.9 1828240
174.4 1827864
174.9 1827844
175.4 1828004
175.9 1827844
176.4 1828300
176.9 1828128
177.4 1827908
177.9 1828160
178.4 1828128
178.9 1827872
179.4 1827436
179.9 1827224
180.4 1827480
180.9 1827432
181.4 1827384
181.9 1827084
182.4 1827100
182.9 1827256
183.4 1827400
183.9 1827432
184.4 1827368
184.9 1827172
185.4 1827392
185.9 1827344
186.4 1827108
186.9 1827044
187.4 1826916
187.9 1824176
188.4 1821416
188.9 1821416
189.4 1821416
190.0 1821416
190.5 1821416
191.0 1821416
191.5 1821416
192.0 1821416
192.5 1821448
193.0 1821416
193.5 1821416
194.0 1821416
194.5 1821416
195.0 1821416
195.5 1821416
196.0 1821416
196.5 1821416
197.0 1821416
197.5 1821416
198.0 1821416
198.5 1821384
199.0 1821448
199.5 1821448
200.0 1821448
200.5 1821448
201.0 1821448
201.5 1821448
202.0 1821448
202.5 1821416
203.0 1821416
203.5 1821416
204.1 1821416
204.6 1821416
205.1 1821416
205.6 1821416
206.1 1821416
206.6 1821480
207.4 1821448
207.9 1821448
208.4 1821448
208.9 1821448
209.4 1821448
209.9 1827232
210.4 1827484
210.9 1827452
211.4 1827592
211.9 1827792
212.4 1827744
212.9 1827808
213.4 1827884
213.9 1828124
214.4 1827872
214.9 1827620
215.4 1827668
215.9 1827476
216.4 1827776
216.9 1827760
217.4 1827492
217.9 1827948
218.4 1827728
218.9 1828108
219.4 1827776
219.9 1827836
220.4 1827756
220.9 1828372
221.4 1827944
221.9 1828164
222.4 1827900
222.9 1827660
223.4 1827788
223.9 1827696
224.4 1827612
224.9 1828212
225.4 1828052
225.9 1828052
226.4 1828052
226.9 1828020
227.4 1827832
227.9 1828196
228.4 1828036
228.9 1828052
229.4 1827956
229.9 1828204
230.4 1828012
230.9 1828232
231.4 1827980
231.9 1828052
232.4 1828100
232.9 1828400
233.4 1821984
234.0 1821984
234.5 1821984
235.0 1821952
235.5 1822012
236.0 1822012
236.5 1822012
237.0 1822012
237.5 1822012
238.0 1822012
238.5 1822012
239.0 1822012
239.5 1822012
240.0 1821980
240.5 1821980
241.0 1821980
241.5 1821980
242.0 1821980
242.5 1821980
243.0 1821980
243.5 1822012
244.0 1821980
244.5 1821980
245.0 1821980
245.5 1821980
246.0 1821980
246.5 1821980
247.0 1821980
247.5 1821980
248.0 1821980
248.5 1821948
249.0 1821948
249.5 1821948
250.0 1821948
250.5 1821948
251.0 1822012
251.5 1822012
252.0 1822012
252.5 1822012
253.0 1822012
253.5 1821980
254.0 1821980
254.5 1821980
255.0 1827772
255.5 1827804
256.0 1827820
256.5 1827772
257.0 1827740
257.5 1827724
258.0 1827600
258.5 1828120
259.0 1827804
259.5 1827772
260.0 1827736
260.5 1827656
261.0 1827436
261.5 1827516
262.0 1827548
262.5 1827484
263.0 1827612
263.5 1827816
264.0 1827492
264.5 1828044
265.0 1827708
265.5 1827976
266.0 1828024
266.5 1827724
267.0 1827708
267.5 1828008
268.0 1828056
268.5 1828048
269.0 1828188
269.5 1828048
270.0 1828072
270.5 1828024
271.0 1827820
271.5 1828100
272.0 1828008
272.5 1827724
273.0 1827300
273.5 1827520
274.0 1827852
274.5 1827600
275.0 1827484
275.5 1827516
276.0 1827168
276.5 1827248
277.0 1827216
277.5 1827248
278.0 1821392
278.5 1821392
279.0 1821392
279.5 1821392
280.0 1821392
280.5 1821392
281.0 1821352
281.5 1821352
282.0 1821352
282.5 1821352
283.0 1821352
283.5 1821352
284.0 1821352
284.5 1821352
285.0 1821384
285.5 1821352
286.0 1821352
286.5 1821352
287.0 1821352
287.5 1821352
288.0 1821352
288.5 1821352
289.0 1821352
289.5 1821352
290.0 1821352
290.5 1821352
291.0 1821320
291.5 1821320
292.0 1821384
292.6 1821384
293.1 1821384
293.6 1821384
294.1 1821384
294.6 1821384
295.1 1821352
295.6 1821352
296.1 1821352
296.6 1821352
297.1 1821352
297.6 1821352
298.1 1821352
298.6 1821352
299.1 1821352
299.6 1821352
300.1 1827556
300.6 1827856
301.1 1827272
301.6 1827312
302.1 1828092
302.6 1828156
303.1 1828028
303.6 1828012
304.1 1828028
304.6 1828028
305.1 1827832
305.6 1827768
306.1 1827688
306.6 1827720
307.1 1828036
307.6 1827516
308.1 1827992
308.6 1827644
309.1 1828368
309.6 1828068
310.1 1828144
310.6 1828016
311.1 1827968
311.6 1828220
312.1 1828188
312.6 1828064
313.1 1827636
313.6 1828276
314.1 1828120
314.6 1828104
315.1 1828396
315.6 1828128
316.1 1828080
316.6 1827808
317.1 1827968
317.6 1827968
318.1 1827984
318.6 1828460
319.1 1828332
319.6 1828064
320.1 1828340
320.6 1828056
321.1 1828040
321.6 1828120
322.1 1828308
322.6 1828324
323.1 1825848
324.5 1822020
326.3 1822020
327.0 1822020
328.1 1822052
329.9 1822052
331.6 1822052
332.7 1822052
334.0 1822020
335.0 1822020
336.7 1822020
338.0 1822020
338.9 1822020
339.4 1822020
340.1 1822020
342.9 1822020
343.5 1821988
344.0 1822052
344.5 1822052
345.0 1827788
345.5 1827740
346.0 1828308
346.5 1827992
347.0 1828228
347.5 1828008
348.0 1828008
348.5 1827896
349.0 1827596
349.5 1827676
350.0 1827180
350.5 1828044
351.0 1827936
351.5 1828456
352.0 1827856
352.5 1827872
353.0 1828504
353.5 1827984
354.0 1828064
354.5 1827888
355.0 1828260
355.5 1827800
356.0 1828136
356.5 1827928
357.0 1827976
357.5 1827884
358.0 1828308
358.5 1827644
359.0 1827724
359.5 1827568
360.0 1827416
360.5 1827780
361.0 1828244
361.5 1828008
362.0 1827912
362.5 1827708
363.0 1827644
363.5 1828056
364.0 1827864
364.5 1827960
365.0 1827696
365.5 1827764
366.0 1827904
366.5 1827856
367.0 1827760
367.5 1828016
368.0 1828128
368.5 1822264
369.3 1822296
370.1 1822288
370.6 1822288
371.5 1822288
374.5 1822256
375.6 1822256
376.1 1822256
376.6 1822256
377.5 1822256
378.0 1822256
378.8 1822256
379.3 1822256
379.8 1822256
381.6 1822288
382.1 1822288
382.6 1822288
383.1 1822288
383.6 1822288
385.5 1822288
386.0 1822288
386.5 1822288
387.2 1822288
388.6 1822256
389.1 1822256
389.6 1822256
390.1 1828268
390.6 1827792
391.1 1828236
391.6 1828000
392.1 1828044
392.6 1827984
393.1 1827984
393.6 1828236
394.1 1827936
394.6 1828000
395.1 1828012
395.6 1827648
396.1 1827728
396.6 1828076
397.1 1827996
397.6 1828180
398.1 1827916
398.6 1827916
399.1 1828028
399.6 1828060
400.1 1827956
400.6 1828272
401.1 1828224
401.6 1827956
402.1 1827736
402.6 1827608
403.1 1828208
403.6 1828176
404.1 1827940
404.6 1828208
405.1 1828152
405.6 1828120
406.1 1827884
406.6 1828404
407.1 1827568
407.6 1827900
408.1 1828184
408.6 1828248
409.1 1828316
409.6 1827672
410.1 1827480
410.6 1827084
411.1 1827416
411.6 1827528
412.1 1827652
412.6 1827732
413.1 1821444
413.6 1821444
414.3 1821444
415.0 1821472
415.8 1821472
416.3 1821472
417.6 1821440
419.4 1821440
420.4 1821440
420.9 1821440
421.4 1821440
421.9 1821440
422.5 1821440
423.7 1821440
424.2 1821440
426.5 1821408
427.0 1821408
427.7 1821472
428.4 1821472
428.9 1821472
429.5 1821472
431.1 1821472
431.6 1821472
433.4 1821440
433.9 1821440
434.4 1821440
434.9 1827216
435.4 1827468
435.9 1828156
436.4 1828012
436.9 1827916
437.4 1828028
437.9 1828232
438.4 1828408
438.9 1828136
439.4 1828012
439.9 1827940
440.4 1828004
440.9 1827940
441.4 1827736
441.9 1828144
442.4 1828052
442.9 1828176
443.4 1828160
443.9 1828128
444.4 1828064
444.9 1828184
445.4 1828436
445.9 1827964
446.4 1828136
446.9 1828232
447.4 1828232
447.9 1827980
448.4 1828216
448.9 1828348
449.4 1827488
449.9 1827688
450.4 1827956
450.9 1827608
451.4 1828192
451.9 1827988
452.4 1828208
452.9 1828144
453.4 1828256
453.9 1827956
454.4 1828144
454.9 1827884
455.4 1827916
455.9 1827712
456.4 1827648
456.9 1827508
457.4 1827664
457.9 1828184
458.4 1822180
459.0 1822180
460.7 1822176
461.6 1822176
462.1 1822176
462.6 1822176
463.1 1822176
465.4 1822144
466.4 1822144
467.3 1822144
469.6 1822176
470.3 1822176
470.9 1822176
473.5 1822144
475.1 1822144
475.6 1822144
476.1 1822144
476.6 1822144
478.0 1822144
479.5 1822144
480.0 1827880
480.5 1827880
481.0 1827864
481.5 1827536
482.0 1827424
482.5 1827280
483.0 1827124
483.5 1827076
484.0 1827676
484.5 1827848
485.0 1827908
485.5 1828128
486.0 1828112
486.5 1828192
487.0 1828932
487.5 1828052
488.0 1827972
488.5 1828176
489.0 1828240
489.5 1828144
490.0 1827936
490.5 1827904
491.0 1827808
491.5 1827904
492.0 1827952
492.5 1828016
493.0 1828156
493.5 1828124
494.0 1828124
494.5 1827840
495.0 1828308
495.5 1828152
496.0 1828184
496.5 1828040
497.0 1828120
497.5 1827616
498.0 1827648
498.5 1827760
499.0 1827728
499.5 1827648
500.0 1827608
500.5 1827544
501.0 1827624
501.5 1827388
502.0 1827340
502.5 1827228
503.0 1825952
503.6 1821288
504.2 1821288
505.0 1821256
505.5 1821252
506.0 1821252
506.5 1821316
507.0 1821316
507.5 1821316
508.2 1821316
510.7 1821316
513.1 1821316
514.4 1821284
515.4 1821284
518.6 1821284
520.0 1821284
521.6 1821284
522.1 1821284
522.8 1821284
524.5 1821316
525.0 1827688
525.5 1827440
526.0 1827580
526.5 1827864
527.0 1827924
527.5 1827296
528.0 1827912
528.5 1827660
529.0 1827740
529.5 1827960
530.0 1828000
530.5 1827712
531.0 1827608
531.5 1827464
532.0 1827664
532.5 1827760
533.0 1827820
533.5 1827820
534.0 1828232
534.5 1828200
535.0 1828480
535.5 1828036
536.0 1828256
536.5 1828020
537.0 1828288
537.5 1827816
538.0 1827832
538.5 1827912
539.0 1828304
539.5 1828196
540.0 1827908
540.5 1828032
541.0 1827920
541.5 1827924
542.0 1828128
542.5 1828000
543.0 1828096
543.5 1828112
544.0 1828160
544.5 1828032
545.0 1827948
545.5 1828028
546.0 1828076
546.5 1827872
547.0 1827996
547.5 1827996
548.0 1827428
548.5 1821220
549.4 1821220
550.3 1821220
550.8 1821216
551.3 1821216
551.8 1821216
552.7 1821248
554.7 1821248
555.2 1821248
556.0 1821216
557.9 1821216
559.0 1821216
560.6 1821216
561.1 1821216
562.0 1821216
562.8 1821216
564.7 1821184
565.2 1821184
565.7 1821184
566.2 1821184
566.7 1821248
568.5 1821248
569.0 1821248
569.5 1821248
570.0 1827868
570.5 1827820
571.0 1827900
571.5 1828248
572.0 1828152
572.5 1828152
573.0 1827956
573.5 1828152
574.0 1827616
574.5 1827648
575.0 1827876
575.5 1828128
576.0 1828096
576.5 1828176
577.0 1828240
577.5 1827876
578.0 1828112
578.5 1827908
579.0 1828144
579.5 1829084
580.0 1828376
580.5 1827804
581.0 1828104
581.5 1828340
582.0 1828216
582.5 1827868
583.0 1827948
583.5 1827616
584.0 1827332
584.5 1827632
585.0 1827580
585.5 1827596
586.0 1827784
586.5 1828004
587.0 1828228
587.5 1828400
588.0 1828504
588.5 1828432
589.0 1828212
589.5 1827896
590.0 1827872
590.5 1827744
591.0 1828012
591.5 1828172
592.0 1827936
592.5 1827792
593.0 1827776
593.5 1821764
594.0 1821764
594.8 1821732
597.5 1821724
598.8 1821724
600.0 1821724
600.5 1821724
601.4 1821724
602.0 1821724
603.8 1821724
605.6 1821692
606.1 1821692
608.6 1821692
610.0 1821756
611.5 1821756
613.3 1821756
613.9 1821756
614.5 1821756
615.0 1828512
615.5 1828132
616.0 1827996
616.5 1828332
617.0 1828060
617.5 1828076
618.0 1827824
618.5 1828108
619.0 1827996
619.5 1828044
620.0 1827708
620.5 1827600
621.0 1827692
621.5 1827772
622.0 1828180
622.5 1827760
623.0 1827736
623.5 1828128
624.0 1827844
624.5 1827764
625.0 1827992
625.5 1827788
626.0 1827852
626.5 1827852
627.0 1828040
627.5 1828120
628.0 1828500
628.5 1828024
629.0 1828072
629.5 1828324
630.0 1828332
630.5 1828048
631.0 1828348
631.5 1828128
632.0 1828268
632.5 1828208
633.0 1828284
633.5 1828016
634.0 1828428
634.5 1827968
635.0 1828336
635.5 1828324
636.0 1828120
636.5 1827884
637.0 1827552
637.5 1827820
638.0 1825628
638.5 1821856
639.0 1821856
639.5 1821856
641.4 1821848
642.0 1821848
643.7 1821848
644.8 1821848
645.3 1821848
646.4 1821848
646.9 1821816
647.4 1821816
648.2 1821880
648.7 1821880
649.4 1821880
651.3 1821880
652.0 1821880
652.5 1821880
653.5 1821880
655.4 1821848
655.9 1821848
656.4 1821848
657.2 1821848
657.7 1821848
658.4 1821848
659.5 1821848
660.0 1828204
660.5 1828140
661.0 1827560
661.5 1827780
662.0 1827700
662.5 1827908
663.0 1827384
663.5 1827284
664.0 1827348
664.5 1827520
665.0 1828004
665.5 1827888
666.0 1828028
666.5 1828344
667.0 1828548
667.5 1828120
668.0 1828172
668.5 1827728
669.0 1827916
669.5 1827540
670.0 1827612
670.5 1827420
671.0 1827376
671.5 1827532
672.0 1827956
672.5 1827940
673.0 1828004
673.5 1828004
674.0 1827988
674.5 1828192
675.0 1827840
675.5 1827744
676.0 1827776
676.5 1828188
677.0 1828060
677.5 1828012
678.0 1828012
678.5 1827836
679.0 1827444
679.5 1827776
680.0 1828052
680.5 1828176
681.0 1828368
681.5 1827972
682.0 1827972
682.5 1827704
683.0 1827400
683.5 1821660
684.3 1821628
687.8 1821624
688.3 1821624
688.9 1821624
693.5 1821656
694.6 1821656
695.4 1821656
696.0 1821656
698.1 1821624
698.6 1821624
699.3 1821624
700.5 1821624
701.0 1821624
702.0 1821624
702.5 1821624
703.6 1821624
704.5 1821592
705.0 1828168
705.5 1828228
706.0 1827576
706.5 1827608
707.0 1827704
707.5 1827576
708.0 1827528
708.5 1827464
709.0 1827828
709.5 1828096
710.0 1827928
710.5 1827708
711.0 1827992
711.5 1828196
712.0 1828212
712.5 1827756
713.0 1827788
713.5 1827820
714.0 1827504
714.5 1827584
715.0 1827716
715.5 1827812
716.0 1827636
716.5 1828080
717.0 1828584
717.5 1828364
718.0 1828156
718.5 1828228
719.0 1827960
719.5 1827912
720.0 1828928
720.5 1828676
721.0 1828032
721.5 1827952
722.0 1827968
722.5 1828000
723.0 1828032
723.5 1828316
724.0 1827732
724.5 1828252
725.0 1828056
725.5 1827740
726.0 1827912
726.5 1827996
727.0 1827960
727.5 1828056
728.0 1826168
729.5 1821884
730.0 1821884
731.0 1821940
732.8 1821940
733.4 1821940
735.4 1821940
736.0 1821940
737.5 1821940
738.4 1821940
741.0 1821908
742.2 1821908
744.0 1821908
744.7 1821908
745.6 1821908
746.5 1821908
748.3 1821908
748.9 1821940
749.5 1821940
750.0 1827756
750.5 1828212
751.0 1827944
751.5 1827692
752.0 1827960
752.5 1828260
753.0 1828040
753.5 1828020
754.0 1827720
754.5 1828260
755.0 1827908
755.5 1827956
756.0 1827988
756.5 1827924
757.0 1827624
757.5 1827592
758.0 1828288
758.5 1828144
759.0 1828368
759.5 1828020
760.0 1827884
760.5 1828012
761.0 1828040
761.5 1828092
762.0 1828280
762.5 1828296
763.0 1828060
763.5 1827964
764.0 1827844
764.5 1827564
765.0 1827476
765.5 1827364
766.0 1827476
766.5 1827632
767.0 1828216
767.5 1827648
768.0 1827916
768.5 1828028
769.0 1828012
769.5 1828312
770.0 1828056
770.5 1827552
771.0 1827832
771.5 1828180
772.0 1828228
772.5 1828164
773.0 1823828
773.5 1821884
774.7 1821884
775.3 1821876
777.1 1821876
778.8 1821876
779.9 1821876
781.8 1821908
782.3 1821908
782.9 1821908
783.4 1821908
785.8 1821908
786.3 1821908
787.3 1821908
789.0 1821908
790.0 1821908
790.5 1821876
792.3 1821876
794.1 1821876
794.6 1827200
795.1 1827660
795.6 1828372
796.1 1827992
796.6 1827912
797.1 1828040
797.6 1828008
798.1 1828180
798.6 1828088
799.1 1827816
799.6 1828080
800.1 1827832
800.6 1828084
801.1 1828228
801.6 1828052
802.1 1828228
802.6 1827880
803.1 1827724
803.6 1827452
804.1 1827676
804.6 1827996
805.1 1828124
805.6 1828140
806.1 1827920
806.6 1827872
807.1 1828140
807.6 1828268
808.1 1828268
808.6 1828252
809.1 1828188
809.6 1827812
810.1 1828256
810.6 1828048
811.1 1827924
811.6 1827924
812.1 1828080
812.6 1827988
813.1 1827940
813.6 1828240
814.1 1828224
814.6 1827764
815.1 1828228
815.6 1828244
816.1 1828180
816.6 1828276
817.1 1827348
817.6 1827376
818.1 1821520
818.6 1821520
819.5 1821520
820.1 1821520
820.6 1821480
821.1 1821544
822.8 1821544
823.3 1821544
823.8 1821544
824.3 1821544
825.4 1821544
826.3 1821544
826.9 1821544
828.9 1821512
831.9 1821512
833.4 1821512
835.3 1821512
835.8 1821512
836.3 1821544
836.8 1821544
837.6 1821512
838.1 1821512
838.6 1821512
839.5 1821512
840.0 1827796
840.5 1827480
841.0 1827320
841.5 1827240
842.0 1827508
842.5 1827832
843.0 1827172
843.5 1827456
844.0 1827488
844.5 1827616
845.0 1827240
845.5 1827416
846.0 1827620
846.5 1827384
847.0 1827764
847.5 1828156
848.0 1827968
848.5 1828124
849.0 1828268
849.5 1827904
850.0 1827892
850.5 1827860
851.0 1827844
851.5 1828016
852.0 1828160
852.5 1828240
853.0 1827876
853.5 1828052
854.0 1827972
854.5 1827844
855.0 1827800
855.5 1827944
856.0 1827960
856.5 1828084
857.0 1828228
857.5 1828052
858.0 1827820
858.5 1827864
859.0 1828040
859.5 1827896
860.0 1828172
860.5 1828076
861.0 1828172
861.5 1828488
862.0 1828168
862.5 1828296
863.0 1824540
863.7 1821900
864.5 1821900
865.2 1821900
865.7 1821860
867.0 1821860
868.3 1821924
869.3 1821924
869.8 1821924
870.3 1821924
872.1 1821924
874.0 1821924
874.8 1821924
875.3 1821892
876.3 1821892
878.5 1821892
881.8 1821892
882.3 1821892
882.8 1821892
884.0 1821956
884.5 1821924
885.0 1828392
885.5 1828076
886.0 1827948
886.5 1828156
887.0 1828016
887.5 1827900
888.0 1828140
888.5 1828172
889.0 1828244
889.5 1828184
890.0 1828416
890.5 1828100
891.0 1827800
891.5 1828476
892.0 1827880
892.5 1827784
893.0 1827848
893.5 1827880
894.0 1827688
894.5 1828148
895.0 1827192
895.5 1827684
896.0 1828092
896.5 1828076
897.0 1827792
897.5 1827744
898.0 1827904
898.5 1827920
899.0 1828580
899.5 1827936
900.0 1827848
900.5 1827800
901.0 1827516
901.5 1827612
902.0 1827720
902.5 1827912
903.0 1827944
903.5 1828164
904.0 1828368
904.5 1827644
905.0 1827336
905.5 1827176
906.0 1827256
906.5 1827588
907.0 1827776
907.5 1828328
908.0 1822584
908.5 1822168
909.0 1822168
909.6 1822168
910.4 1822168
910.9 1822164
911.4 1822164
912.1 1822164
912.6 1822164
913.1 1822164
913.6 1822132
914.1 1822132
914.6 1822132
915.1 1822132
915.6 1822132
916.1 1822132
916.6 1822164
917.1 1822164
917.6 1822132
918.1 1822132
918.7 1822132
919.2 1822132
919.7 1822132
920.2 1822132
920.8 1822132
921.3 1822132
921.8 1822132
922.3 1822132
922.8 1822132
923.3 1822132
923.8 1822164
924.4 1822164
924.9 1822164
925.4 1822164
925.9 1822164
926.4 1822164
926.9 1822164
927.4 1822164
927.9 1822132
928.4 1822132
928.9 1822132
929.5 1822132
930.0 1828024
930.5 1828264
931.0 1827992
931.5 1828088
932.0 1828136
932.5 1827976
933.0 1828340
933.5 1827740
934.0 1827724
934.5 1827868
935.0 1827748
935.5 1827796
936.0 1827828
936.5 1827764
937.0 1827812
937.5 1827748
938.0 1827796
938.5 1828032
939.0 1828000
939.5 1827968
940.0 1827992
940.5 1828104
941.0 1828040
941.5 1828024
942.0 1827976
942.5 1828056
943.0 1827708
943.5 1827928
944.0 1828184
944.5 1828072
945.0 1827796
945.5 1828016
946.0 1828284
946.5 1828052
947.0 1827984
947.5 1827656
948.0 1827308
948.5 1827748
949.0 1828048
949.5 1827764
950.0 1827996
950.5 1828248
951.0 1827932
951.5 1828088
952.0 1828132
952.5 1828036
953.0 1821992
953.5 1822024
954.0 1822024
954.5 1822024
955.0 1821992
955.5 1821992
956.0 1821984
956.5 1821984
957.0 1821984
957.5 1821984
958.0 1821984
958.5 1821984
959.0 1821984
959.5 1821984
960.0 1821952
960.5 1822016
961.0 1822016
961.6 1822016
962.1 1822016
962.6 1822016
963.1 1822016
963.6 1822016
964.1 1821984
964.6 1821984
965.1 1821984
965.6 1821984
966.1 1821984
966.6 1821984
967.1 1821984
967.6 1821984
968.1 1822016
968.6 1821984
969.1 1821984
969.7 1821984
970.2 1821984
970.7 1821984
971.2 1821984
971.7 1821984
972.2 1821984
972.7 1821984
973.2 1821984
973.7 1821984
974.2 1821952
974.7 1821952
975.2 1828020
975.7 1827924
976.2 1828068
976.7 1828068
977.2 1828164
977.7 1827912
978.2 1827688
978.7 1828004
979.2 1827796
979.7 1828100
980.2 1827888
980.7 1827964
981.2 1828028
981.7 1827824
982.2 1827988
982.7 1828068
983.2 1827800
983.7 1827592
984.2 1828132
984.7 1828240
985.2 1828316
985.7 1827904
986.2 1828032
986.7 1828016
987.2 1827876
987.7 1827212
988.2 1827544
988.7 1827624
989.2 1827964
989.7 1828508
990.2 1828736
990.7 1829308
991.2 1829324
991.7 1829588
992.2 1829452
992.7 1829092
993.2 1829056
993.7 1828548
994.2 1827744
994.7 1827872
995.2 1827784
995.7 1827496
996.2 1827780
996.7 1827548
997.2 1828956
997.7 1828580
998.2 1822024
998.7 1822024
999.2 1822024
999.7 1822024
1000.2 1822024
1000.7 1822024
1001.2 1822048
1001.7 1822048
1002.2 1822048
1002.7 1822048
1003.2 1822048
1003.7 1822048
1004.2 1822048
1004.8 1822048
1005.3 1822048
1005.8 1822048
1006.3 1822016
1006.8 1822016
1007.3 1822016
1007.8 1822016
1008.3 1822048
1008.8 1822048
1009.3 1822048
1009.8 1822048
1010.3 1822016
1010.8 1822016
1011.4 1822016
1011.9 1822016
1012.4 1822016
1012.9 1822016
1013.4 1822016
1013.9 1822016
1014.4 1822016
1014.9 1821984
1015.4 1821984
1015.9 1822048
1016.4 1822048
1016.9 1822048
1017.4 1822048
1017.9 1822048
1018.4 1822048
1018.9 1822048
1019.4 1822048
1019.9 1827792
1020.4 1827964
1020.9 1827980
1021.4 1828312
1021.9 1828012
1022.4 1827728
1022.9 1827572
1023.4 1827696
1023.9 1828248
1024.4 1828076
1024.9 1828224
1025.4 1828272
1025.9 1828320
1026.4 1828304
1026.9 1828288
1027.4 1828192
1027.9 1828036
1028.4 1827752
1028.9 1827596
1029.4 1827468
1029.9 1828328
1030.4 1827872
1030.9 1828392
1031.4 1828232
1031.9 1827460
1032.4 1828204
1032.9 1828044
1033.4 1828328
1033.9 1828060
1034.4 1828280
1034.9 1827896
1035.4 1828060
1035.9 1827336
1036.4 1827460
1036.9 1827508
1037.4 1827476
1037.9 1827476
1038.4 1827556
1038.9 1827396
1039.4 1827620
1039.9 1827332
1040.4 1827600
1040.9 1827772
1041.4 1827692
1041.9 1822084
1042.4 1822084
1042.9 1822084
1043.4 1822084
1043.9 1822084
1044.4 1822052
1044.9 1822044
1045.4 1822044
1045.9 1822044
1046.4 1822044
1046.9 1822044
1047.4 1822044
1048.0 1822044
1048.5 1822076
1049.0 1822076
1049.5 1822076
1050.1 1822076
1050.6 1822076
1051.1 1822076
1051.6 1822076
1052.1 1822076
1052.6 1822076
1053.1 1822044
1053.6 1822044
1054.1 1822044
1054.6 1822044
1055.1 1822076
1055.6 1822076
1056.1 1822076
1056.6 1822076
1057.1 1822076
1057.6 1822076
1058.1 1822044
1058.6 1822044
1059.1 1822044
1059.6 1822044
1060.1 1822044
1060.6 1822044
1061.1 1822044
1061.6 1822044
1062.1 1822076
1062.6 1822076
1063.1 1822076
1063.6 1822076
1064.1 1822076
1064.6 1822076
1065.1 1828084
1065.6 1828180
1066.1 1828024
1066.6 1827976
1067.1 1828148
1067.6 1828024
1068.1 1828004
1068.6 1827864
1069.1 1828024
1069.6 1828040
1070.1 1827816
1070.6 1828004
1071.1 1828068
1071.6 1827892
1072.1 1827576
1072.6 1827404
1073.1 1828100
1073.6 1828052
1074.1 1827956
1074.6 1828400
1075.1 1828092
1075.6 1827696
1076.1 1827836
1076.6 1827964
1077.1 1827872
1077.6 1827744
1078.1 1828340
1078.6 1827980
1079.1 1828644
1079.6 1828748
1080.1 1828172
1080.6 1827808
1081.1 1827884
1081.6 1827556
1082.1 1827792
1082.6 1828012
1083.1 1828376
1083.6 1828012
1084.1 1828012
1084.6 1828076
1085.1 1827960
1085.6 1828100
1086.1 1827956
1086.6 1828052
1087.1 1828020
1087.6 1821936
1088.1 1821936
1088.6 1821936
1089.1 1821936
1089.6 1821936
1090.1 1821928
1090.6 1821928
1091.1 1821928
1091.6 1821960
1092.1 1821960
1092.6 1821960
1093.1 1821960
1093.6 1821960
1094.1 1821960
1094.6 1821960
1095.1 1821960
1095.6 1821928
1096.1 1821928
1096.6 1821928
1097.1 1821928
1097.6 1821928
1098.2 1821928
1098.7 1821928
1099.2 1821928
1099.8 1821928
1100.3 1821928
1100.8 1821928
1101.3 1821928
1101.8 1821928
1102.3 1821928
1102.8 1821928
1103.3 1821928
1103.8 1821928
1104.3 1821928
1104.8 1821928
1105.3 1821896
1105.8 1821896
1106.3 1821960
1106.8 1821960
1107.3 1821960
1107.8 1821960
1108.3 1821960
1108.8 1821960
1109.3 1821928
1109.8 1821928
1110.3 1827948
1110.8 1827648
1111.3 1827696
1111.8 1827744
1112.3 1827600
1112.8 1827728
1113.3 1827696
1113.8 1827852
1114.3 1827364
1114.8 1827428
1115.3 1827200
1115.8 1827356
1116.3 1827672
1116.8 1827752
1117.3 1827816
1117.8 1827972
1118.3 1828176
1118.8 1827988
1119.3 1827924
1119.8 1827688
1120.3 1828208
1120.8 1828524
1121.3 1828992
1121.8 1828240
1122.3 1828208
1122.8 1828524
1123.3 1828116
1123.8 1827452
1124.3 1828004
1124.8 1827972
1125.3 1827880
1125.8 1827864
1126.3 1827880
1126.8 1827676
1127.3 1827928
1127.8 1827784
1128.3 1827992
1128.8 1828132
1129.3 1828132
1129.8 1828164
1130.3 1827912
1130.8 1828164
1131.3 1827832
1131.8 1827832
1132.3 1827896
1132.8 1828212
1133.3 1821836
1133.8 1821836
1134.3 1821836
1134.8 1821836
1135.3 1821836
1135.8 1821864
1136.3 1821864
1136.8 1821864
1137.3 1821864
1137.8 1821864
1138.3 1821864
1138.8 1821864
1139.3 1821864
1139.8 1821832
1140.3 1821832
1140.8 1821832
1141.3 1821832
1141.8 1821864
1142.3 1821864
1142.8 1821864
1143.3 1821864
1143.8 1821864
1144.3 1821864
1144.8 1821832
1145.3 1821832
1145.8 1821832
1146.3 1821832
1146.8 1821832
1147.3 1821832
1147.8 1821832
1148.3 1821832
1148.8 1821800
1149.3 1821864
1149.8 1821864
1150.3 1821864
1150.8 1821864
1151.3 1821864
1151.8 1821864
1152.3 1821864
1152.8 1821864
1153.3 1821864
1153.8 1821832
1154.3 1821832
1154.8 1829324
1155.3 1827940
1155.8 1827672
1156.3 1827404
1156.8 1827152
1157.3 1827216
1157.8 1827088
1158.3 1827528
1158.8 1827184
1159.3 1827072
1159.8 1827700
1160.3 1827496
1160.8 1827968
1161.3 1828220
1161.8 1827272
1162.3 1828112
1162.8 1827968
1163.3 1827840
1163.8 1828316
1164.3 1828252
1164.8 1828124
1165.3 1828268
1165.8 1828252
1166.3 1827744
1166.8 1827892
1167.3 1827732
1167.8 1827732
1168.3 1827700
1168.8 1827620
1169.3 1827620
1169.8 1828008
1170.3 1827804
1170.8 1828276
1171.3 1828196
1171.8 1828120
1172.3 1827976
1172.8 1827628
1173.3 1827896
1173.8 1827912
1174.3 1827928
1174.8 1827744
1175.3 1827744
1175.8 1827364
1176.3 1827524
1176.8 1827160
1177.3 1827476
1177.8 1827680
1178.3 1821528
1178.8 1821528
1179.3 1821528
1179.8 1821528
1180.3 1821528
1180.8 1821528
1181.3 1821528
1181.8 1821496
1182.3 1821496
1182.8 1821496
1183.3 1821496
1183.8 1821560
1184.3 1821560
1184.8 1821560
1185.3 1821560
1185.8 1821560
1186.3 1821560
1186.8 1821528
1187.3 1821528
1187.8 1821528
1188.3 1821528
1188.8 1821528
1189.3 1821528
1189.8 1821528
1190.3 1821528
1190.8 1821592
1191.3 1821560
1191.8 1821560
1192.3 1821560
1192.8 1821560
1193.3 1821560
1193.8 1821560
1194.3 1821560
1194.8 1821560
1195.3 1821560
1195.8 1821528
1196.5 1821528
1197.0 1821528
1197.5 1821528
1198.0 1821528
1198.5 1821528
1199.0 1821560
1199.5 1821560
1200.0 1827412
1200.5 1827128
1201.0 1827508
1201.5 1827664
1202.0 1827364
1202.5 1827460
1203.0 1828148
1203.5 1827988
1204.0 1827640
1204.5 1828128
1205.0 1828316
1205.5 1827952
1206.0 1827968
1206.5 1828016
1207.0 1828284
1207.5 1827920
1208.0 1827700
1208.5 1827620
1209.0 1827528
1209.5 1827984
1210.0 1827600
1210.5 1828044
1211.0 1828168
1211.5 1827932
1212.0 1828168
1212.5 1828136
1213.0 1827868
1213.5 1828216
1214.0 1827980
1214.5 1827964
1215.0 1827980
1215.5 1827792
1216.0 1827600
1216.5 1828012
1217.0 1827964
1217.5 1827236
1218.0 1827712
1218.5 1827932
1219.0 1827916
1219.5 1828044
1220.0 1828148
1220.5 1828180
1221.0 1827864
1221.5 1827960
1222.0 1822320
1222.5 1822320
1223.0 1822320
1223.5 1822320
1224.0 1822288
1224.5 1822288
1225.0 1822288
1225.5 1822288
1226.0 1822284
1226.5 1822284
1227.0 1822284
1227.5 1822284
1228.0 1822284
1228.5 1822252
1229.0 1822252
1229.5 1822316
1230.0 1822316
1230.5 1822316
1231.0 1822316
1231.5 1822316
1232.0 1822316
1232.5 1822316
1233.0 1822284
1233.5 1822284
1234.0 1822284
1234.5 1822284
1235.0 1822284
1235.5 1822284
1236.0 1822284
1236.5 1822284
1237.1 1822316
1237.6 1822284
1238.1 1822284
1238.6 1822284
1239.1 1822284
1239.7 1822284
1240.2 1822284
1240.7 1822284
1241.2 1822284
1241.7 1822284
1242.2 1822284
1242.7 1822284
1243.2 1822252
1243.7 1822252
1244.2 1822316
1244.7 1822316
1245.2 1828500
1245.7 1828232
1246.2 1828120
1246.7 1828060
1247.2 1827664
1247.7 1827444
1248.2 1827648
1248.7 1828168
1249.2 1828028
1249.7 1828072
1250.2 1828240
1250.7 1827940
1251.2 1828084
1251.7 1827800
1252.2 1828052
1252.7 1827972
1253.2 1827972
1253.7 1828004
1254.2 1828020
1254.7 1828364
1255.2 1828052
1255.7 1828156
1256.2 1827768
1256.7 1827576
1257.2 1827800
1257.7 1827388
1258.2 1827120
1258.7 1827500
1259.2 1827628
1259.7 1827484
1260.2 1827412
1260.7 1827412
1261.2 1827504
1261.7 1828312
1262.2 1827648
1262.7 1828044
1263.2 1828088
1263.7 1828264
1264.2 1828056
1264.7 1828072
1265.2 1827924
1265.7 1827924
1266.2 1828208
1266.7 1828236
1267.2 1822164
1267.7 1822164
1268.2 1822164
1268.7 1822164
1269.2 1822164
1269.7 1822164
1270.2 1822196
1270.7 1822164
1271.2 1822164
1271.7 1822164
1272.2 1822164
1272.7 1822164
1273.2 1822164
1273.7 1822164
1274.2 1822164
1274.7 1822164
1275.2 1822164
1275.7 1822132
1276.2 1822132
1276.7 1822196
1277.2 1822196
1277.7 1822196
1278.2 1822196
1278.7 1822196
1279.2 1822196
1279.7 1822196
1280.2 1822164
1280.7 1822164
1281.2 1822164
1281.7 1822164
1282.2 1822164
1282.7 1822164
1283.2 1822164
1283.7 1822164
1284.2 1822228
1284.7 1822196
1285.2 1822196
1285.7 1822196
1286.3 1822196
1286.8 1822196
1287.3 1822196
1287.8 1822196
1288.3 1822196
1288.8 1822196
1289.5 1822196
1290.0 1828176
1290.5 1828352
1291.0 1828328
1291.5 1827964
1292.0 1827568
1292.5 1828168
1293.0 1827568
1293.5 1827504
1294.0 1827220
1294.5 1827112
1295.0 1827492
1295.5 1827924
1296.0 1828176
1296.5 1828112
1297.0 1827924
1297.5 1827844
1298.0 1827672
1298.5 1827988
1299.0 1827860
1299.5 1827828
1300.0 1828248
1300.5 1828452
1301.0 1828136
1301.5 1828104
1302.0 1828200
1302.5 1827556
1303.0 1827556
1303.5 1827584
1304.0 1827884
1304.5 1827928
1305.0 1828364
1305.5 1828112
1306.0 1827876
1306.5 1828016
1307.0 1827812
1307.5 1827908
1308.0 1827672
1308.5 1827056
1309.0 1827372
1309.5 1828160
1310.0 1828104
1310.5 1828120
1311.0 1828260
1311.5 1827616
1312.0 1821400
1312.5 1821400
1313.0 1821400
1313.5 1821400
1314.0 1821400
1314.5 1821368
1315.0 1821360
1315.5 1821360
1316.0 1821360
1316.5 1821360
1317.0 1821360
1317.5 1821360
1318.0 1821328
1318.5 1821328
1319.0 1821328
1319.5 1821392
1320.0 1821392
1320.5 1821392
1321.0 1821392
1321.5 1821392
1322.0 1821392
1322.5 1821360
1323.0 1821360
1323.5 1821360
1324.0 1821360
1324.5 1821360
1325.0 1821360
1325.5 1821360
1326.0 1821360
1326.5 1821424
1327.0 1821424
1327.5 1821424
1328.0 1821424
1328.5 1821392
1329.0 1821392
1329.5 1821392
1330.0 1821392
1330.5 1821392
1331.0 1821392
1331.5 1821392
1332.0 1821392
1332.5 1821360
1333.0 1821360
1333.5 1821360
1334.0 1821360
1334.5 1821392
1335.0 1827876
1335.5 1827924
1336.0 1828048
1336.5 1828160
1337.0 1828144
1337.5 1828016
1338.0 1828080
1338.5 1827860
1339.0 1828032
1339.5 1828256
1340.0 1828032
1340.5 1827844
1341.0 1827780
1341.5 1828112
1342.0 1828144
1342.5 1828128
1343.0 1828332
1343.5 1828320
1344.0 1828112
1344.5 1828032
1345.0 1828028
1345.5 1828044
1346.0 1828108
1346.5 1828268
1347.0 1828028
1347.5 1827432
1348.0 1827604
1348.5 1827620
1349.0 1827512
1349.5 1827556
1350.0 1827744
1350.5 1827552
1351.0 1828104
1351.5 1828216
1352.0 1828276
1352.5 1828136
1353.0 1828264
1353.5 1827836
1354.0 1828120
1354.5 1828372
1355.0 1828144
1355.5 1828064
1356.0 1827940
1356.5 1827560
1357.0 1821956
1357.5 1821956
1358.0 1821956
1358.5 1821956
1359.0 1821956
1359.5 1821956
1360.0 1821956
1360.5 1821924
1361.0 1821924
1361.6 1821924
1362.1 1821924
1362.6 1821924
1363.1 1821924
1363.6 1821924
1364.1 1821956
1364.6 1821956
1365.1 1821924
1365.6 1821924
1366.1 1821924
1366.6 1821924
1367.1 1821924
1367.6 1821924
1368.1 1821924
1368.6 1821924
1369.1 1821924
1369.6 1821924
1370.1 1821892
1370.6 1821892
1371.1 1821956
1371.6 1821956
1372.1 1821956
1372.6 1821956
1373.1 1821956
1373.6 1821956
1374.1 1821956
1374.6 1821924
1375.1 1821924
1375.6 1821924
1376.1 1821924
1376.6 1821924
1377.1 1821924
1377.6 1821924
1378.1 1821924
1378.6 1821988
1379.1 1821956
1379.6 1821956
1380.1 1821956
1380.6 1827884
1381.1 1827664
1381.6 1827692
1382.1 1827540
1382.6 1828080
1383.1 1828064
1383.6 1828112
1384.1 1828016
1384.6 1828016
1385.1 1828048
1385.6 1828072
1386.1 1828072
1386.6 1827868
1387.1 1828008
1387.6 1827676
1388.1 1827976
1388.6 1828072
1389.1 1828120
1389.6 1828200
1390.1 1828072
1390.6 1828128
1391.1 1828016
1391.6 1828000
1392.1 1828396
1392.6 1828048
1393.1 1827588
1393.6 1827844
1394.1 1827748
1394.6 1827812
1395.1 1828468
1395.6 1827880
1396.1 1828052
1396.6 1827768
1397.1 1827912
1397.6 1827736
1398.1 1827864
1398.6 1827720
1399.1 1827784
1399.6 1827960
1400.1 1827892
1400.6 1827932
1401.1 1828280
1401.6 1828076
1402.1 1828200
1402.6 1822152
1403.1 1822152
1403.6 1822152
1404.1 1822152
1404.6 1822152
1405.1 1822152
1405.6 1822152
1406.1 1822152
1406.6 1822144
1407.1 1822112
1407.6 1822112
1408.1 1822112
1408.6 1822112
1409.1 1822144
1409.6 1822144
1410.1 1822144
1410.7 1822144
1411.2 1822144
1411.7 1822144
1412.2 1822112
1412.7 1822112
1413.2 1822112
1413.7 1822112
1414.2 1822112
1414.7 1822112
1415.2 1822112
1415.7 1822112
1416.2 1822112
1416.7 1822112
1417.2 1822144
1417.7 1822144
1418.2 1822144
1418.7 1822144
1419.2 1822144
1419.7 1822144
1420.2 1822144
1420.7 1822144
1421.2 1822112
1421.7 1822112
1422.2 1822112
1422.7 1822112
1423.2 1822112
1423.7 1822112
1424.2 1822112
1424.7 1822144
1425.2 1828044
1425.7 1827792
1426.2 1828028
1426.7 1828188
1427.2 1827792
1427.7 1828012
1428.2 1828108
1428.7 1827824
1429.2 1827932
1429.7 1827684
1430.2 1827736
1430.7 1827768
1431.2 1828100
1431.7 1828272
1432.2 1828288
1432.7 1827972
1433.2 1828068
1433.7 1827960
1434.2 1827720
1434.7 1828100
1435.2 1828176
1435.7 1827704
1436.2 1827828
1436.7 1827736
1437.2 1828132
1437.7 1828020
1438.2 1828188
1438.7 1828188
1439.2 1827964
1439.7 1828172
1440.2 1827848
1440.7 1828620
1441.2 1827988
1441.7 1828240
1442.2 1828368
1442.7 1828416
1443.2 1827972
1443.7 1827564
1444.2 1827312
1444.7 1827200
1445.2 1827180
1445.7 1827072
1446.2 1826896
1446.7 1826976
1447.2 1821604
1447.7 1821604
1448.2 1821572
1448.7 1821572
1449.2 1821572
1449.7 1821572
1450.2 1821564
1450.7 1821564
1451.2 1821564
1451.7 1821596
1452.2 1821596
1452.7 1821596
1453.2 1821596
1453.7 1821564
1454.2 1821564
1454.7 1821564
1455.2 1821564
1455.7 1821564
1456.2 1821564
1456.7 1821564
1457.2 1821564
1457.7 1821532
1458.2 1821532
1458.7 1821596
1459.2 1821596
1459.7 1821596
1460.2 1821596
1460.7 1821596
1461.2 1821596
1461.7 1821596
1462.2 1821564
1462.7 1821564
1463.2 1821564
1463.7 1821564
1464.2 1821564
1464.7 1821564
1465.2 1821564
1465.7 1821564
1466.2 1821596
1466.7 1821596
1467.2 1821564
1467.7 1821564
1468.2 1821564
1468.7 1821564
1469.2 1821564
1469.7 1821564
1470.2 1827196
1470.7 1827324
1471.2 1827388
1471.7 1827364
1472.2 1827648
1472.7 1827568
1473.2 1828008
1473.7 1828088
1474.2 1828308
1474.7 1828120
1475.2 1827844
1475.7 1827884
1476.2 1828392
1476.7 1828296
1477.2 1828012
1477.7 1828060
1478.2 1827916
1478.7 1827760
1479.2 1827996
1479.7 1828140
1480.2 1828288
1480.7 1828036
1481.2 1828036
1481.7 1828052
1482.2 1828180
1482.7 1827988
1483.2 1827908
1483.7 1828068
1484.2 1828084
1484.7 1828132
1485.2 1827916
1485.7 1828328
1486.2 1828376
1486.7 1828516
1487.2 1828312
1487.7 1828928
1488.2 1828544
1488.7 1827736
1489.2 1827956
1489.7 1827940
1490.2 1828060
1490.7 1827696
1491.2 1827648
1491.7 1827680
1492.2 1821504
1492.7 1821504
1493.2 1821504
1493.7 1821536
1494.2 1821536
1494.7 1821536
1495.2 1821536
1495.7 1821532
1496.2 1821532
1496.7 1821532
1497.2 1821532
1497.7 1821532
1498.2 1821532
1498.7 1821500
1499.2 1821500
1499.8 1821500
1500.3 1821500
1500.8 1821500
1501.3 1821500
1501.8 1821532
1502.3 1821532
1502.8 1821532
1503.3 1821532
1503.8 1821500
1504.3 1821500
1504.8 1821500
1505.3 1821500
1505.8 1821500
1506.3 1821500
1506.8 1821500
1507.3 1821500
1507.8 1821468
1508.3 1821532
1508.8 1821532
1509.3 1821532
1509.8 1821532
1510.3 1821532
1510.8 1821532
1511.3 1821532
1511.8 1821532
1512.3 1821532
1512.8 1821500
1513.3 1821500
1513.8 1821500
1514.3 1821500
1514.8 1821500
1515.3 1827464
1515.8 1827244
1516.3 1827024
1516.8 1827164
1517.3 1827588
1517.8 1827480
1518.3 1827448
1518.8 1827448
1519.3 1827180
1519.8 1827116
1520.3 1827444
1520.8 1827332
1521.3 1827852
1521.8 1828120
1522.3 1828184
1522.8 1827780
1523.3 1827388
1523.8 1827844
1524.3 1827924
1524.8 1827956
1525.3 1827952
1525.8 1827872
1526.3 1827888
1526.8 1828236
1527.3 1827968
1527.8 1827524
1528.3 1828040
1528.8 1828088
1529.3 1828712
1529.8 1828624
1530.3 1828824
1530.8 1827876
1531.3 1827844
1531.8 1827924
1532.3 1828132
1532.8 1827924
1533.3 1827876
1533.8 1827988
1534.3 1827924
1534.8 1828908
1535.3 1828160
1535.8 1828740
1536.3 1828268
1536.8 1828016
1537.3 1821736
1537.8 1821736
1538.3 1821736
1538.8 1821736
1539.3 1821736
1539.8 1821704
1540.3 1821704
1540.8 1821700
1541.3 1821700
1541.8 1821732
1542.3 1821732
1542.8 1821732
1543.3 1821732
1543.8 1821732
1544.3 1821732
1544.8 1821700
1545.3 1821700
1545.8 1821700
1546.3 1821700
1546.8 1821700
1547.3 1821700
1547.8 1821700
1548.3 1821700
1548.8 1821700
1549.3 1821700
1549.8 1821732
1550.3 1821732
1550.8 1821732
1551.3 1821732
1551.8 1821732
1552.3 1821732
1552.8 1821732
1553.3 1821732
1553.8 1821700
1554.3 1821700
1554.8 1821700
1555.3 1821700
1555.8 1821700
1556.3 1821700
1556.8 1821732
1557.3 1821732
1557.8 1821732
1558.3 1821732
1558.8 1821700
1559.3 1821700
1559.8 1821700
1560.3 1827956
1560.8 1828048
1561.3 1827924
1561.8 1828112
1562.3 1827892
1562.8 1827876
1563.3 1828160
1563.8 1828304
1564.3 1828160
1564.8 1828240
1565.3 1828076
1565.8 1827948
1566.3 1827984
1566.8 1828236
1567.3 1828172
1567.8 1827400
1568.3 1828268
1568.8 1828220
1569.3 1828048
1569.8 1827652
1570.3 1827348
1570.8 1827412
1571.3 1827080
1571.8 1827240
1572.3 1827924
1572.8 1828372
1573.3 1828124
1573.8 1828012
1574.3 1827884
1574.8 1828392
1575.3 1828200
1575.8 1828424
1576.3 1827888
1576.8 1828292
1577.3 1828024
1577.8 1827800
1578.3 1828228
1578.8 1828008
1579.3 1828008
1579.8 1828308
1580.3 1828256
1580.8 1828396
1581.3 1828004
1581.8 1828320
1582.3 1824952
1582.8 1822064
1583.3 1822032
1583.8 1822032
1584.3 1822032
1584.8 1822032
1585.3 1822032
1585.8 1822028
1586.3 1822028
1586.9 1822060
1587.4 1822060
1587.9 1822028
1588.4 1822028
1588.9 1822028
1589.4 1822028
1589.9 1822028
1590.4 1822028
1590.9 1822028
1591.4 1822028
1591.9 1822028
1592.4 1822028
1592.9 1821996
1593.4 1821996
1593.9 1821996
1594.4 1821996
1594.9 1822060
1595.4 1822060
1595.9 1822060
1596.4 1822060
1596.9 1822060
1597.4 1822060
1597.9 1822028
1598.4 1822028
1598.9 1822028
1599.4 1822028
1599.9 1822028
1600.4 1822028
1600.9 1822028
1601.4 1822028
1601.9 1822060
1602.4 1822060
1602.9 1822060
1603.4 1822060
1603.9 1822060
1604.4 1822060
1604.9 1822060
1605.4 1827676
1605.9 1827960
1606.4 1828196
1606.9 1828164
1607.4 1828400
1607.9 1827912
1608.4 1827896
1608.9 1828256
1609.4 1828308
1609.9 1828348
1610.4 1828216
1610.9 1828248
1611.4 1828516
1611.9 1828012
1612.4 1827996
1612.9 1828312
1613.4 1828200
1613.9 1828024
1614.4 1828200
1614.9 1827788
1615.4 1827956
1615.9 1827860
1616.4 1828032
1616.9 1828048
1617.4 1828240
1617.9 1828176
1618.4 1828048
1618.9 1827892
1619.4 1828176
1619.9 1828348
1620.4 1828088
1620.9 1827584
1621.4 1828060
1621.9 1827680
1622.4 1827696
1622.9 1827884
1623.4 1828200
1623.9 1827552
1624.4 1827964
1624.9 1827664
1625.4 1827676
1625.9 1828084
1626.4 1827892
1626.9 1827944
1627.4 1822304
1627.9 1822304
1628.4 1822304
1628.9 1822304
1629.4 1822304
1629.9 1822304
1630.4 1822304
1630.9 1822268
1631.4 1822268
1631.9 1822332
1632.4 1822332
1632.9 1822332
1633.4 1822332
1633.9 1822332
1634.4 1822332
1634.9 1822300
1635.4 1822300
1635.9 1822300
1636.4 1822300
1636.9 1822300
1637.4 1822300
1637.9 1822300
1638.4 1822300
1638.9 1822364
1639.4 1822364
1639.9 1822332
1640.4 1822332
1640.9 1822332
1641.4 1822332
1641.9 1822332
1642.4 1822332
1642.9 1822332
1643.4 1822332
1643.9 1822332
1644.4 1822300
1644.9 1822300
1645.4 1822300
1645.9 1822300
1646.4 1822300
1646.9 1822332
1647.4 1822332
1647.9 1822332
1648.4 1822332
1648.9 1822300
1649.4 1822300
1649.9 1828192
1650.4 1827780
1650.9 1828224
1651.4 1827892
1651.9 1827876
1652.4 1828160
1652.9 1827892
1653.4 1828308
1653.9 1828200
1654.4 1827900
1654.9 1827992
1655.4 1827896
1655.9 1827944
1656.4 1827880
1656.9 1828148
1657.4 1827976
1657.9 1827944
1658.4 1828196
1658.9 1828496
1659.4 1828180
1659.9 1828144
1660.4 1827860
1660.9 1827688
1661.4 1827940
1661.9 1828144
1662.4 1828016
1662.9 1828216
1663.4 1828120
1663.9 1827852
1664.4 1827964
1664.9 1828048
1665.4 1828224
1665.9 1827640
1666.4 1827608
1666.9 1827704
1667.4 1828128
1667.9 1827752
1668.4 1827468
1668.9 1827516
1669.4 1827548
1669.9 1827836
1670.4 1827876
1670.9 1827884
1671.4 1827884
1671.9 1822080
1672.4 1822080
1672.9 1822080
1673.4 1822048
1673.9 1822048
1674.4 1822048
1674.9 1822048
1675.4 1822072
1675.9 1822072
1676.4 1822072
1676.9 1822072
1677.4 1822072
1677.9 1822072
1678.4 1822040
1678.9 1822040
1679.4 1822040
1679.9 1822040
1680.4 1822040
1680.9 1822040
1681.5 1822040
1682.0 1822040
1682.5 1822040
1683.0 1822040
1683.5 1822072
1684.0 1822072
1684.5 1822072
1685.0 1822072
1685.5 1822072
1686.0 1822072
1686.5 1822072
1687.0 1822072
1687.5 1822040
1688.0 1822040
1688.5 1822040
1689.0 1822040
1689.5 1822040
1690.0 1822072
1690.5 1822072
1691.0 1822072
1691.5 1822072
1692.0 1822040
1692.5 1822040
1693.0 1822040
1693.5 1822040
1694.0 1822040
1694.5 1822040
1695.0 1827504
1695.5 1827932
1696.0 1828104
1696.5 1827836
1697.0 1827868
1697.5 1827820
1698.0 1828088
1698.5 1827852
1699.0 1828136
1699.5 1827884
1700.0 1827960
1700.5 1828008
1701.0 1827736
1701.5 1827784
1702.0 1828180
1702.5 1828148
1703.0 1828132
1703.5 1828228
1704.0 1827864
1704.5 1827660
1705.0 1827824
1705.5 1827824
1706.0 1827808
1706.5 1827984
1707.0 1827620
1707.5 1827464
1708.0 1827572
1708.5 1827948
1709.0 1827936
1709.5 1828592
1710.0 1828636
1710.5 1828164
1711.0 1828052
1711.5 1828228
1712.0 1828004
1712.5 1827688
1713.0 1827800
1713.5 1827928
1714.0 1827564
1714.5 1827548
1715.0 1827768
1715.5 1827816
1716.0 1827880
1716.5 1827896
1717.0 1822020
1717.5 1822020
1718.0 1822020
1718.5 1822020
1719.0 1822020
1719.5 1822020
1720.0 1822016
1720.5 1822016
1721.0 1822016
1721.5 1821984
1722.0 1821984
1722.5 1821984
1723.1 1821984
1723.6 1822016
1724.1 1822016
1724.6 1822016
1725.1 1822016
1725.6 1821984
1726.1 1821984
1726.6 1821984
1727.1 1821984
1727.6 1821984
1728.1 1821984
1728.8 1821984
1729.3 1821984
1729.8 1821984
1730.3 1821952
1730.8 1822016
1731.3 1822016
1731.8 1822016
1732.3 1822016
1732.8 1822016
1733.3 1822016
1733.8 1822016
1734.3 1822016
1734.8 1822016
1735.3 1821984
1735.8 1821984
1736.3 1821984
1736.8 1821984
1737.3 1821984
1737.8 1821984
1738.3 1822016
1738.8 1822016
1739.3 1821984
1739.8 1821984
1740.3 1827688
1740.8 1827844
1741.3 1828100
1741.8 1828336
1742.3 1828304
1742.8 1828128
1743.3 1828392
1743.8 1828096
1744.3 1828096
1744.8 1828144
1745.3 1828184
1745.8 1828088
1746.3 1828136
1746.8 1827964
1747.3 1828024
1747.8 1828040
1748.3 1828044
1748.8 1828200
1749.3 1828104
1749.8 1828012
1750.3 1827972
1750.8 1828344
1751.3 1827832
1751.8 1827780
1752.3 1827656
1752.8 1827468
1753.3 1827404
1753.8 1827484
1754.3 1827416
1754.8 1827892
1755.3 1827900
1755.8 1827804
1756.3 1827692
1756.8 1827756
1757.3 1827820
1757.8 1827868
1758.3 1828024
1758.8 1827600
1759.3 1827916
1759.8 1827836
1760.3 1827732
1760.8 1828208
1761.3 1828080
1761.8 1827908
1762.3 1822220
1762.8 1822220
1763.3 1822220
1763.8 1822220
1764.3 1822220
1764.8 1822220
1765.3 1822212
1765.8 1822244
1766.3 1822244
1766.8 1822244
1767.3 1822244
1767.8 1822244
1768.3 1822244
1768.8 1822244
1769.3 1822244
1769.8 1822212
1770.3 1822212
1770.8 1822212
1771.3 1822212
1771.8 1822212
1772.3 1822212
1772.8 1822244
1773.3 1822244
1773.9 1822244
1774.4 1822244
1774.9 1822212
1775.4 1822212
1775.9 1822212
1776.4 1822212
1776.9 1822212
1777.4 1822212
1777.9 1822212
1778.4 1822212
1778.9 1822212
1779.4 1822212
1779.9 1822244
1780.4 1822244
1780.9 1822244
1781.4 1822244
1781.9 1822244
1782.4 1822244
1782.9 1822244
1783.4 1822244
1783.9 1822244
1784.4 1822244
1784.9 1828568
1785.4 1828104
1785.9 1827908
1786.4 1827780
1786.9 1828204
1787.4 1827920
1787.9 1828032
1788.4 1828096
1788.9 1827636
1789.4 1827816
1789.9 1828072
1790.4 1828452
1790.9 1827884
1791.4 1827552
1791.9 1827916
1792.4 1828232
1792.9 1828104
1793.4 1828040
1793.9 1827836
1794.4 1828120
1794.9 1828048
1795.4 1828324
1795.9 1827984
1796.4 1828144
1796.9 1827968
1797.4 1828284
1797.9 1828112
1798.4 1828208
1798.9 1828240
1799.4 1828332
1799.9 1828136
1800.4 1828008
1800.9 1828104
1801.4 1828340
1801.9 1827736
1802.4 1828260
1802.9 1828276
1803.4 1828244
1803.9 1828136
1804.4 1828056
1804.9 1827860
1805.4 1828276
1805.9 1828240
1806.4 1828064
1806.9 1828080
1807.4 1822144
1807.9 1822144
1808.4 1822144
1808.9 1822144
1809.4 1822208
1809.9 1822208
1810.4 1822200
1810.9 1822200
1811.4 1822200
1811.9 1822200
1812.4 1822200
1812.9 1822168
1813.4 1822168
1813.9 1822168
1814.4 1822168
1814.9 1822168
1815.4 1822168
1815.9 1822168
1816.4 1822200
1816.9 1822168
1817.4 1822168
1817.9 1822168
1818.4 1822168
1818.9 1822168
1819.4 1822168
1819.9 1822168
1820.4 1822168
1820.9 1822168
1821.4 1822168
1821.9 1822136
1822.4 1822136
1822.9 1822136
1823.4 1822136
1823.9 1822200
1824.4 1822200
1825.0 1822200
1825.5 1822200
1826.0 1822200
1826.5 1822168
1827.0 1822168
1827.5 1822168
1828.0 1822168
1828.5 1822168
1829.0 1822168
1829.5 1822168
1830.0 1827848
1830.5 1828168
1831.0 1828056
1831.5 1828180
1832.0 1827820
1832.5 1827828
1833.0 1828252
1833.5 1828056
1834.0 1828420
1834.5 1828324
1835.0 1828364
1835.5 1828204
1836.0 1827980
1836.5 1828236
1837.0 1827968
1837.5 1828112
1838.0 1828240
1838.5 1827924
1839.0 1827908
1839.5 1828112
1840.0 1828072
1840.5 1828436
1841.0 1828168
1841.5 1828752
1842.0 1828228
1842.5 1828604
1843.0 1828108
1843.5 1828484
1844.0 1827868
1844.5 1828072
1845.0 1828348
1845.5 1828348
1846.0 1827936
1846.5 1828048
1847.0 1828048
1847.5 1827952
1848.0 1828128
1848.5 1827968
1849.0 1828300
1849.5 1828236
1850.0 1828340
1850.5 1828324
1851.0 1827740
1851.5 1827804
1852.0 1821620
1852.5 1821620
1853.0 1821620
1853.5 1821620
1854.0 1821620
1854.5 1821620
1855.0 1821588
1855.5 1821588
1856.0 1821580
1856.5 1821580
1857.0 1821580
1857.5 1821612
1858.0 1821612
1858.5 1821612
1859.0 1821612
1859.5 1821580
1860.0 1821580
1860.5 1821580
1861.0 1821580
1861.5 1821580
1862.0 1821580
1862.5 1821580
1863.0 1821580
1863.5 1821580
1864.0 1821580
1864.5 1821580
1865.0 1821612
1865.5 1821612
1866.0 1821612
1866.5 1821612
1867.0 1821612
1867.5 1821612
1868.0 1821612
1868.5 1821612
1869.0 1821580
1869.5 1821580
1870.0 1821580
1870.5 1821580
1871.0 1821580
1871.5 1821580
1872.0 1821580
1872.5 1821580
1873.0 1821612
1873.5 1821580
1874.0 1821580
1874.5 1821580
1875.0 1827212
1875.5 1827576
1876.0 1827368
1876.5 1827668
1877.0 1827560
1877.5 1827904
1878.0 1828108
1878.5 1828292
1879.0 1828276
1879.5 1828212
1880.0 1827764
1880.5 1828016
1881.0 1828112
1881.5 1828080
1882.0 1828128
1882.5 1827668
1883.0 1828472
1883.5 1827888
1884.0 1827856
1884.5 1828156
1885.0 1828008
1885.5 1827992
1886.0 1827960
1886.5 1828164
1887.0 1828276
1887.5 1828308
1888.0 1828024
1888.5 1827960
1889.0 1827612
1889.5 1827928
1890.0 1828032
1890.5 1827936
1891.0 1827732
1891.5 1828252
1892.0 1828316
1892.5 1827620
1893.0 1827528
1893.5 1827528
1894.0 1827384
1894.5 1827796
1895.0 1827912
1895.5 1828088
1896.0 1828024
1896.5 1828056
1897.0 1822004
1897.5 1822004
1898.0 1822004
1898.5 1822004
1899.0 1822004
1899.5 1822004
1900.0 1822004
1900.5 1821996
1901.0 1821996
1901.5 1821964
1902.0 1821964
1902.5 1821964
1903.0 1821964
1903.5 1821964
1904.0 1821996
1904.5 1821996
1905.0 1821996
1905.5 1821996
1906.0 1821964
1906.5 1821964
1907.0 1821964
1907.5 1821964
1908.1 1821964
1908.6 1821964
1909.1 1821964
1909.6 1821964
1910.1 1821964
1910.6 1821964
1911.1 1821932
1911.6 1821996
1912.1 1821996
1912.6 1821996
1913.1 1821996
1913.6 1821996
1914.1 1821996
1914.6 1821996
1915.1 1821996
1915.6 1821996
1916.3 1821964
1916.8 1821964
1917.3 1821964
1917.8 1821964
1918.3 1821964
1918.8 1821964
1919.3 1821964
1919.8 1821996
1920.3 1821964
1920.8 1827912
1921.3 1827848
1921.8 1828260
1922.3 1827768
1922.8 1828200
1923.3 1827992
1923.8 1827724
1924.3 1827864
1924.8 1827848
1925.3 1827880
1925.8 1827620
1926.3 1827368
1926.8 1827496
1927.3 1827716
1927.8 1827952
1928.3 1827808
1928.8 1827732
1929.3 1828028
1929.8 1827984
1930.3 1827916
1930.8 1828260
1931.3 1828040
1931.8 1827848
1932.3 1827596
1932.8 1827472
1933.3 1827500
1933.8 1827716
1934.3 1827668
1934.8 1827620
1935.3 1827936
1935.8 1827476
1936.3 1827444
1936.8 1827348
1937.3 1827568
1937.8 1827428
1938.3 1827364
1938.8 1827744
1939.3 1827412
1939.8 1827444
1940.3 1827256
1940.8 1827944
1941.3 1828244
1941.8 1828164
1942.3 1828164
1942.8 1822160
1943.3 1822160
1943.8 1822128
1944.3 1822128
1944.8 1822128
1945.3 1822128
1945.8 1822120
1946.3 1822120
1946.8 1822120
1947.3 1822120
1947.8 1822184
1948.3 1822184
1948.8 1822152
1949.3 1822152
1949.8 1822152
1950.3 1822152
1950.8 1822152
1951.3 1822152
1951.8 1822152
1952.3 1822152
1952.8 1822152
1953.3 1822120
1953.8 1822120
1954.3 1822120
1954.8 1822120
1955.3 1822152
1955.8 1822152
1956.3 1822152
1956.8 1822152
1957.3 1822152
1957.8 1822120
1958.3 1822120
1958.9 1822120
1959.4 1822120
1959.9 1822120
1960.5 1822120
1961.0 1822120
1961.5 1822120
1962.0 1822120
1962.5 1822120
1963.0 1822120
1963.5 1822152
1964.0 1822152
1964.5 1822152
1965.0 1827788
1965.5 1828268
1966.0 1828016
1966.5 1828316
1967.0 1828064
1967.5 1827936
1968.0 1828312
1968.5 1828092
1969.0 1828204
1969.5 1827604
1970.0 1827976
1970.5 1828228
1971.0 1827928
1971.5 1827944
1972.0 1827832
1972.5 1827960
1973.0 1827880
1973.5 1827548
1974.0 1827448
1974.5 1827920
1975.0 1828152
1975.5 1828136
1976.0 1827788
1976.5 1827836
1977.0 1827836
1977.5 1828024
1978.0 1827612
1978.5 1828104
1979.0 1828516
1979.5 1828200
1980.0 1827972
1980.5 1828160
1981.0 1828112
1981.5 1828096
1982.0 1828096
1982.5 1828112
1983.0 1827688
1983.5 1827752
1984.0 1827688
1984.5 1827576
1985.0 1827568
1985.5 1827728
1986.0 1827712
1986.5 1827964
1987.0 1827648
1987.5 1827360
1988.0 1828216
1988.5 1821936
1989.0 1821936
1989.5 1821936
1990.0 1821936
1990.5 1821936
1991.0 1821896
1991.5 1821896
1992.0 1821896
1992.5 1821960
1993.0 1821960
1993.5 1821960
1994.0 1821960
1994.5 1821960
1995.0 1821960
1995.5 1821960
1996.0 1821960
1996.5 1821928
1997.0 1821928
1997.5 1821928
1998.0 1821928
1998.5 1821928
1999.2 1821928
1999.7 1821928
2000.2 1821960
2010.0 1821960
2010.5 1821960
2011.0 1821960
2011.5 1821960
2012.0 1821928
2012.5 1822056
2013.5 1824596
2015.4 1824788
2015.9 1824788
2016.4 1824908
2016.9 1825012
2017.4 1824884
2017.9 1824884
2018.4 1824692
2018.9 1824688
2019.4 1824696
2019.9 1824600
2020.4 1824632
2020.9 1824536
2021.4 1824732
2021.9 1824828
2022.4 1824892
2022.9 1825084
2023.4 1825564
2023.9 1825756
2024.4 1825756
2024.9 1825956
2025.4 1826116
2025.9 1826364
2026.4 1826776
2026.9 1826672
2027.4 1826704
2027.9 1826896
2028.4 1826896
2028.9 1826984
2029.4 1826944
2029.9 1827040
2030.4 1827040
2030.9 1827136
2031.4 1827256
2031.9 1827352
2032.4 1827456
2032.9 1827700
2033.4 1827764
2033.9 1827860
2034.4 1827864
2034.9 1828056
2035.4 1828388
2035.9 1828484
2036.4 1828564
2036.9 1828764
2037.4 1828828
2037.9 1828748
2038.4 1828756
2038.9 1828572
2039.4 1828628
2039.9 1828532
2040.4 1828500
2040.9 1828888
2041.4 1828888
2041.9 1828940
2042.4 1828940
2042.9 1829036
2043.4 1829132
2043.9 1829236
2044.4 1829300
2045.2 1829296
2045.7 1829296
2046.2 1829176
2047.0 1829272
2047.5 1829304
2048.0 1829336
2048.5 1829336
2049.0 1829440
2049.5 1829152
2050.0 1829120
2050.5 1829120
2051.0 1829216
2051.5 1829112
2052.0 1829104
2052.5 1828816
2053.0 1828752
2054.4 1828848
2054.9 1828960
2055.4 1828768
2055.9 1828768
2056.4 1828736
2056.9 1828736
2057.4 1828928
2057.9 1828928
2058.4 1828864
2058.9 1828672
2059.4 1828608
2059.9 1828704
2060.4 1828736
2060.9 1828732
2061.4 1828932
2061.9 1828932
2062.4 1828964
2062.9 1828964
2063.4 1828964
2063.9 1828772
2064.4 1828804
2064.9 1829004
2065.4 1828844
2065.9 1828652
2066.4 1828680
2066.9 1828776
2067.4 1828680
2067.9 1828968
2068.4 1828768
2068.9 1828864
2069.4 1828960
2069.9 1828812
2070.4 1828964
2070.9 1828948
2071.4 1829012
2071.9 1829092
2072.4 1829188
2072.9 1829284
2073.4 1829156
2073.9 1829348
2074.4 1829196
2074.9 1828900
2075.4 1828584
2075.9 1828488
2076.4 1828680
2076.9 1828488
2077.4 1828360
2077.9 1828744
2078.4 1828744
2078.9 1828936
2079.4 1828680
2079.9 1828680
2080.4 1828712
2080.9 1828616
2081.4 1828108
2081.9 1828276
2082.4 1828276
2082.9 1828340
2083.4 1828404
2084.9 1828212
2085.4 1828244
2085.9 1827980
2086.4 1828060
2088.1 1828156
2088.6 1828252
2089.1 1828188
2089.6 1828188
2090.1 1828260
2090.6 1828268
2091.1 1828332
2091.6 1828428
2092.1 1828508
2092.6 1828508
2093.1 1828572
2093.6 1828540
2094.1 1828096
2094.6 1828096
2095.1 1827856
2095.7 1827856
2096.2 1827824
2096.7 1827728
2097.2 1827648
2097.7 1827580
2098.2 1827580
2098.7 1827580
2099.2 1827716
2099.7 1827812
2100.2 1827892
2100.7 1827772
2101.2 1827868
2101.7 1827972
2102.2 1828004
2102.7 1828004
2103.2 1828004
2104.8 1828004
2105.3 1828004
2105.8 1828000
2106.3 1828064
2106.8 1828064
2107.3 1828064
2107.9 1828064
2108.4 1827812
2108.9 1827812
2109.4 1827812
2109.9 1827620
2110.4 1827684
2110.9 1827588
2111.4 1827524
2111.9 1827524
2112.4 1827620
2112.9 1827716
2113.4 1827852
2113.9 1827664
2114.4 1827560
2114.9 1827648
2115.4 1827360
2115.9 1827456
2116.4 1827360
2116.9 1827456
2117.4 1827400
2117.9 1827392
2118.4 1827312
2118.9 1827308
2119.4 1827372
2119.9 1827468
2120.4 1827356
2120.9 1827164
2121.4 1827132
2121.9 1827132
2122.4 1827116
2122.9 1827100
2123.4 1826972
2123.9 1827068
2124.4 1827068
2124.9 1827164
2125.4 1827068
2125.9 1826972
2126.4 1827020
2126.9 1827020
2127.4 1827180
2127.9 1827276
2128.4 1827308
2128.9 1827404
2129.4 1827396
2129.9 1827300
2130.4 1827380
2130.9 1827572
2131.4 1827660
2131.9 1827572
2132.4 1827668
2132.9 1827468
2133.4 1827300
2133.9 1827296
2134.4 1826976
2134.9 1826976
2135.4 1827096
2135.9 1827080
2136.4 1826984
2136.9 1827080
2137.4 1827048
2137.9 1827144
2138.4 1827216
2138.9 1827216
2139.4 1827244
2139.9 1827244
2140.4 1827212
2140.9 1827212
2141.4 1827220
2144.0 1827376
2144.8 1827376
2145.3 1827376
2145.8 1827376
2146.3 1827368
2146.8 1827560
2147.3 1827368
2147.8 1827368
2148.3 1827352
2148.8 1827472
2149.3 1827312
2149.8 1827312
2150.3 1827056
2150.8 1827056
2151.5 1827056
2152.0 1826992
2152.5 1827088
2153.0 1827280
2153.5 1827216
2154.0 1827216
2154.5 1827312
2155.0 1827312
2155.5 1827376
2156.0 1827376
2156.5 1827308
2157.0 1827308
2157.5 1827436
2158.0 1827532
2158.5 1827764
2159.0 1827764
2159.5 1827828
2160.0 1827924
2160.5 1827844
2161.0 1827844
2161.5 1827764
2162.0 1827764
2162.5 1827956
2163.0 1827956
2163.5 1827972
2164.0 1827972
2164.5 1827940
2165.0 1827940
2165.5 1827940
2166.0 1827940
2166.5 1827876
2167.0 1827876
2167.5 1827796
2168.0 1827796
2168.5 1827732
2169.0 1827732
2169.5 1827764
2170.0 1827668
2170.5 1827604
2171.0 1827604
2171.5 1827700
2172.0 1827700
2172.5 1827700
2173.0 1827604
2173.5 1827604
2174.0 1827604
2174.5 1827508
2175.0 1827508
2175.5 1827508
2176.0 1827412
2176.5 1827316
2177.0 1827508
2177.5 1827652
2178.0 1827652
2178.5 1827588
2179.0 1827860
2179.5 1827636
2180.0 1827444
2180.5 1827380
2181.0 1827380
2181.5 1827380
2182.0 1827476
2182.5 1827508
2183.0 1827508
2183.5 1827348
2184.0 1827348
2184.5 1827444
2185.0 1827444
2185.5 1827444
2186.0 1827348
2186.5 1827316
2187.0 1827316
2187.5 1827380
2188.0 1827380
2188.5 1827396
2189.0 1827396
2189.5 1827428
2190.0 1827428
2190.5 1827524
2191.0 1827524
2191.5 1827476
2192.0 1827476
2192.5 1827452
2193.0 1827548
2193.5 1827420
2194.0 1827420
2194.5 1827452
2195.0 1827548
2195.5 1827548
2196.0 1827484
2196.5 1827484
2197.0 1827428
2197.5 1827332
2198.0 1827428
2198.5 1827364
2199.0 1827364
2199.5 1827708
2200.0 1827620
2200.5 1827460
2201.0 1827556
2201.5 1827236
2202.0 1827236
2202.5 1827140
2203.0 1827052
2203.5 1827212
2204.0 1827316
2204.5 1827012
2205.0 1826924
2205.5 1827052
2206.0 1827148
2206.5 1827164
2207.0 1827068
2207.5 1827116
2208.0 1827300
2208.5 1827228
2209.0 1827132
2209.5 1827260
2210.0 1827452
2210.5 1827100
2211.0 1827100
2211.5 1827228
2212.0 1827132
2212.5 1827260
2213.0 1827156
2213.5 1827284
2214.0 1827188
2214.5 1827292
2215.0 1827204
2215.5 1827036
2216.0 1827228
2216.5 1827124
2217.0 1827036
2217.5 1826972
2218.0 1827356
2218.5 1827100
2219.0 1827100
2219.5 1827228
2220.0 1827132
2220.5 1827260
2221.0 1827260
2221.5 1827356
2222.0 1827164
2222.5 1827228
2223.0 1827228
2223.5 1827196
2224.0 1827196
2224.5 1827260
2225.0 1827260
2225.5 1827260
2226.0 1827260
2226.5 1827356
2227.0 1827204
2227.6 1827396
2228.1 1827396
2228.6 1827396
2229.1 1827492
2229.6 1827524
2230.1 1827524
2230.6 1827336
2231.1 1827240
2231.6 1827368
2232.1 1827184
2232.6 1827240
2233.1 1827432
2233.6 1827272
2234.1 1827272
2234.6 1827448
2235.1 1827160
2235.6 1827176
2236.1 1827176
2236.6 1827208
2237.1 1827080
2237.6 1827152
2238.1 1827056
2238.6 1827056
2239.1 1827064
2239.6 1827000
2240.1 1827000
2240.6 1827064
2241.1 1827064
2241.6 1826848
2242.1 1826752
2242.6 1826752
2243.1 1826752
2243.6 1826664
2244.1 1826760
2244.6 1826920
2245.1 1826904
2245.6 1826704
2246.1 1826808
2246.6 1827004
2247.1 1827004
2247.6 1827160
2248.1 1827320
2248.6 1827352
2249.1 1827348
2249.6 1827380
2250.1 1827380
2250.6 1827436
2251.1 1827340
2251.6 1827468
2252.1 1827600
2252.7 1827696
2253.2 1827704
2253.7 1827640
2254.2 1827640
2254.7 1827840
2255.2 1827840
2255.7 1827576
2256.2 1827672
2256.7 1827592
2257.2 1827368
2257.7 1827604
2258.2 1827492
2258.7 1827524
2259.2 1827428
2259.7 1827396
2260.2 1827684
2260.7 1827692
2261.2 1827692
2261.7 1827812
2262.2 1827804
2262.7 1827780
2263.2 1827972
2263.7 1827932
2264.2 1827932
2264.7 1827900
2265.2 1827900
2265.7 1827940
2266.2 1827924
2266.7 1828108
2267.2 1827900
2267.7 1827980
2268.2 1828052
2268.7 1827964
2269.2 1828156
2269.7 1828036
2270.2 1827948
2270.7 1827760
2271.2 1827664
2271.7 1827632
2272.2 1827728
2272.7 1827632
2273.2 1827568
2273.7 1827584
2274.2 1827584
2274.7 1827632
2275.2 1827536
2275.7 1827696
2276.2 1827432
2276.7 1827528
2277.2 1827528
2277.7 1827648
2278.2 1827824
2278.7 1827576
2279.2 1827796
2279.7 1827764
2280.2 1827764
2280.7 1827956
2281.2 1828132
2281.7 1828004
2282.2 1827812
2282.7 1828092
2283.2 1828188
2283.7 1828316
2284.2 1828220
2284.7 1828140
2285.2 1828140
2285.7 1828140
2286.2 1828236
2286.7 1828204
2287.2 1828204
2287.7 1828108
2288.2 1828204
2288.7 1828204
2289.2 1828092
2289.7 1828108
2290.2 1827856
2290.7 1827888
2291.2 1827888
2291.7 1828016
2292.2 1827632
2292.7 1827960
2293.2 1827752
2293.7 1827880
2294.2 1827784
2294.7 1827752
2295.2 1827752
2295.7 1827560
2296.2 1827560
2296.7 1827972
2297.2 1827876
2297.7 1827932
2298.2 1827924
2298.7 1827924
2299.2 1827732
2299.7 1827900
2300.2 1827628
2300.8 1827628
2301.3 1827532
2301.8 1827624
2302.3 1827720
2302.8 1827908
2303.3 1827916
2303.8 1827740
2304.3 1827940
2304.8 1827812
2305.3 1828004
2305.8 1827980
2306.3 1827980
2306.8 1827864
2307.3 1827960
2307.8 1828088
2308.3 1827992
2308.8 1827896
2309.3 1827896
2309.8 1827880
2310.3 1827784
2310.8 1828008
2311.3 1828008
2311.8 1827944
2312.3 1827880
2312.8 1827976
2313.3 1828200
2313.8 1828232
2314.3 1828328
2314.8 1828272
2315.3 1828368
2315.8 1828584
2316.3 1828008
2316.8 1828136
2317.3 1828136
2317.8 1828136
2318.3 1828048
2318.8 1828144
2319.3 1828048
2319.8 1828176
2320.3 1828272
2320.8 1828248
2321.3 1828064
2321.8 1828128
2322.3 1828128
2322.8 1828128
2323.3 1828224
2323.8 1828256
2324.3 1828352
2324.8 1828192
2325.3 1828192
2325.8 1828424
2326.3 1828432
2326.8 1828416
2327.3 1828232
2327.8 1828128
2328.3 1828128
2328.8 1828104
2329.3 1827936
2329.8 1828104
2330.3 1827912
2330.8 1827656
2331.3 1827752
2331.8 1827752
2332.3 1827848
2332.8 1827848
2333.3 1827848
2333.8 1827816
2334.3 1827816
2334.8 1827752
2335.3 1827848
2335.8 1828104
2336.3 1828016
2336.8 1828584
2337.3 1828200
2337.8 1828200
2338.3 1828184
2338.8 1828248
2339.3 1828344
2339.8 1828248
2340.3 1828248
2340.8 1828184
2341.3 1828184
2341.8 1828048
2342.3 1828224
2342.8 1828268
2343.3 1828180
2343.8 1828324
2344.3 1828308
2344.8 1828372
2345.3 1828372
2345.8 1828212
2346.3 1828116
2346.8 1828020
2347.3 1827924
2347.8 1827924
2348.3 1827924
2348.8 1827972
2349.3 1828164
2349.8 1828116
2350.3 1828180
2350.8 1827988
2351.3 1828380
2351.8 1828140
2352.3 1828044
2352.8 1828124
2353.3 1827776
2353.8 1827952
2354.3 1827872
2354.8 1827856
2355.3 1827856
2355.8 1828048
2356.3 1828064
2356.8 1828028
2357.3 1828028
2357.8 1828028
2358.3 1828060
2358.8 1827980
2359.3 1827980
2359.8 1828020
2360.3 1828028
2360.8 1827868
2361.3 1827780
2361.8 1827876
2362.3 1827972
2362.8 1827940
2363.3 1827716
2363.8 1827844
2364.3 1827948
2364.8 1827996
2365.3 1827900
2365.8 1827868
2366.3 1828060
2366.8 1828060
2367.3 1828156
2367.8 1827868
2368.3 1827772
2368.8 1827812
2369.3 1828012
2369.8 1827916
2370.3 1828012
2370.8 1828236
2371.3 1828332
2371.8 1828332
2372.3 1828332
2372.8 1827952
2373.3 1827952
2373.8 1827884
2374.3 1827980
2374.8 1827980
2375.3 1827884
2375.8 1827932
2376.3 1827964
2376.8 1828052
2377.3 1828148
2377.8 1828260
2378.3 1828172
2378.8 1828004
2379.3 1828004
2379.8 1828004
2380.3 1827900
2380.8 1827900
2381.3 1828092
2381.8 1828408
2382.3 1828660
2382.8 1828532
2383.3 1828536
2383.8 1828512
2384.3 1828456
2384.8 1828616
2385.3 1828468
2385.8 1828452
2386.3 1828332
2386.8 1828356
2387.3 1828252
2387.8 1828084
2388.3 1827988
2388.8 1828116
2389.3 1828116
2389.8 1828148
2390.3 1828436
2390.8 1828028
2391.3 1828036
2391.8 1828204
2392.3 1828396
2392.8 1828348
2393.3 1828252
2393.8 1828184
2394.3 1828216
2394.8 1828320
2395.3 1828240
2395.8 1828232
2396.3 1828136
2396.8 1828352
2397.3 1828160
2397.8 1828224
2398.3 1828320
2398.8 1828032
2399.3 1828032
2399.8 1828128
2400.3 1828160
2400.8 1828508
2401.3 1828508
2401.8 1828220
2402.3 1828508
2402.8 1828252
2403.3 1828156
2403.8 1828508
2404.3 1828508
2404.8 1828508
2405.3 1828508
2405.8 1828508
2406.3 1828476
2406.8 1828444
2407.3 1828444
2407.8 1828444
2408.5 1828508
2409.0 1828300
2409.5 1828300
2410.0 1828396
2410.5 1828396
2411.0 1828556
2411.5 1828660
2412.0 1828612
2412.5 1828708
2413.0 1828788
2413.5 1828500
2414.0 1828920
2414.5 1828824
2415.0 1828680
2415.5 1828472
2416.0 1828480
2416.5 1828576
2417.0 1828608
2417.5 1828704
2418.0 1828608
2418.5 1828608
2419.0 1828768
2419.5 1828488
2420.0 1828652
2420.5 1828564
2421.0 1829020
2421.5 1828828
2422.0 1828764
2422.5 1828860
2423.0 1828764
2423.5 1828764
2424.0 1828812
2424.5 1828808
2425.0 1828712
2425.5 1828808
2426.0 1828952
2426.5 1828692
2427.0 1828868
2427.5 1829152
2428.0 1829120
2428.5 1828964
2429.0 1828900
2429.5 1828900
2430.0 1828996
2430.5 1829092
2431.0 1828940
2431.5 1828844
2432.0 1828724
2432.5 1828828
2433.0 1828900
2433.5 1828708
2434.0 1828964
2434.5 1828764
2435.0 1828588
2435.5 1828780
2436.0 1828964
2436.5 1828964
2437.0 1828612
2437.5 1828804
2438.0 1828740
2438.5 1828740
2439.0 1828740
2439.5 1828708
2440.0 1828676
2440.5 1828772
2441.0 1828724
2441.5 1828628
2442.0 1828580
2442.5 1828676
2443.0 1828740
2443.5 1828788
2444.0 1828564
2444.5 1828816
2445.0 1828660
2445.5 1828656
2446.0 1828944
2446.5 1829040
2447.0 1828824
2447.5 1828728
2448.0 1828744
2448.5 1828840
2449.0 1828784
2449.5 1828872
2450.0 1828936
2450.5 1828744
2451.0 1828744
2451.5 1828648
2452.0 1828824
2452.5 1829076
2453.0 1828756
2453.5 1828852
2454.0 1828916
2454.5 1828916
2455.0 1828732
2455.5 1828636
2456.0 1828924
2456.5 1828828
2457.0 1828668
2457.5 1828668
2458.0 1828804
2458.5 1828560
2459.0 1828592
2459.5 1828696
2460.0 1828760
2460.5 1828760
2461.0 1828728
2461.5 1828728
2462.0 1828824
2462.5 1828824
2463.0 1828832
2463.5 1828832
2464.0 1828800
2464.5 1828832
2465.2 1828896
2465.7 1828896
2466.2 1828896
2466.7 1828892
2467.2 1828828
2467.7 1828828
2468.2 1828764
2468.7 1828668
2469.2 1828668
2469.7 1828764
2470.2 1828828
2470.7 1828924
2471.2 1828764
2471.7 1828860
2472.2 1828884
2472.7 1828884
2473.2 1828916
2473.7 1828916
2474.2 1828948
2474.7 1828852
2475.2 1828884
2475.7 1828692
2476.2 1828628
2476.7 1828628
2477.2 1828596
2477.7 1828596
2478.2 1828628
2478.7 1828788
2479.7 1828788
2480.2 1828788
2480.7 1828408
2483.6 1828536
2484.3 1828536
2484.8 1828440
2485.3 1828448
2485.8 1828408
2486.3 1828408
2486.8 1828264
2487.6 1828264
2488.1 1828264
2488.6 1828264
2489.1 1828168
2489.6 1828560
2490.1 1828560
2490.6 1828544
2491.1 1828416
2491.6 1828336
2492.1 1828144
2492.6 1828240
2493.1 1828176
2493.6 1828076
2494.1 1828140
2494.6 1828236
2495.1 1828300
2495.6 1828300
2496.1 1828236
2496.6 1828140
2497.1 1828108
2497.6 1828204
2498.1 1828076
2498.6 1828172
2499.1 1828108
2499.6 1828236
2500.1 1828236
2500.6 1828428
2501.1 1828184
2501.6 1828088
2502.1 1827960
2502.6 1828056
2503.1 1828084
2503.6 1827988
2504.1 1828020
2504.6 1828308
2505.1 1828340
2505.6 1828148
2506.1 1828204
2506.6 1828204
2507.1 1828300
2507.6 1828300
2508.1 1828236
2508.6 1828236
2509.1 1828204
2509.6 1828204
2510.1 1828204
2510.6 1828300
2511.1 1828332
2511.6 1828332
2512.1 1827852
2512.6 1827852
2513.1 1827948
2513.6 1828060
2514.1 1827996
2514.6 1827900
2515.1 1827940
2515.6 1828132
2516.1 1827972
2516.6 1828068
2517.1 1828228
2517.6 1828044
2518.1 1828084
2518.6 1827908
2519.1 1827692
2519.6 1827884
2520.1 1827912
2520.6 1828000
2521.1 1827808
2521.6 1827712
2522.1 1827744
2522.6 1827744
2523.1 1827556
2523.6 1827652
2524.1 1827652
2524.6 1827588
2525.2 1827588
2525.7 1827588
2526.2 1827524
2526.7 1827524
2527.2 1827588
2527.8 1827588
2528.3 1827652
2528.8 1827652
2529.3 1827620
2529.8 1827716
2530.3 1827432
2530.8 1827432
2531.3 1827464
2531.8 1827464
2532.3 1827560
2532.8 1827560
2533.3 1827464
2533.8 1827940
2534.3 1827980
2534.8 1827948
2535.3 1827884
2535.8 1827756
2536.3 1827692
2536.8 1827920
2537.3 1827984
2537.8 1828080
2538.3 1827872
2538.8 1827784
2539.3 1827912
2539.8 1828016
2540.3 1827888
2540.8 1828244
2541.3 1828276
2541.8 1828180
2542.3 1828308
2542.8 1828124
2543.3 1827972
2543.8 1827972
2544.3 1828132
2544.8 1828160
2545.3 1828384
2545.8 1828256
2546.3 1828480
2546.8 1828288
2547.3 1828336
2547.8 1828432
2548.3 1828208
2548.8 1827956
2549.3 1828052
2549.8 1827972
2550.3 1828068
2550.8 1827968
2551.3 1828104
2551.8 1828016
2552.3 1827856
2552.8 1827952
2553.3 1828120
2553.8 1828216
2554.3 1828352
2554.8 1828256
2555.3 1828160
2555.8 1828540
2556.3 1828508
2556.8 1828508
2557.3 1828364
2557.8 1828652
2558.3 1828304
2558.8 1828416
2559.3 1828592
2559.8 1828512
2560.3 1828448
2560.8 1828648
2561.3 1828464
2561.8 1828560
2562.3 1828464
2562.8 1828176
2563.3 1828472
2563.8 1828376
2564.3 1828240
2564.8 1828336
2565.3 1828336
2565.8 1828512
2566.3 1828360
2566.8 1828552
2567.3 1828584
2567.8 1828488
2568.3 1828648
2568.8 1828272
2570.1 1828304
2571.3 1828176
2571.8 1828176
2572.3 1828144
2572.8 1828144
2573.3 1828080
2573.8 1828216
2574.5 1828216
2575.0 1828156
2576.8 1828156
2577.3 1828060
2577.8 1828156
2578.3 1828188
2578.8 1828284
2579.3 1828788
2579.8 1828596
2580.3 1828836
2581.2 1828836
2581.7 1828652
2582.2 1828712
2582.7 1828712
2583.2 1828792
2583.7 1828984
2584.2 1829016
2584.7 1829000
2585.3 1829000
2585.8 1829000
2586.3 1828904
2586.8 1828900
2587.3 1828932
2587.8 1828900
2588.3 1828900
2588.8 1828804
2589.3 1828932
2589.8 1828932
2590.3 1828900
2590.8 1828900
2591.3 1828804
2591.8 1828804
2592.3 1828932
2592.8 1828932
2593.3 1828796
2593.8 1828708
2594.3 1828844
2594.8 1828852
2595.3 1828852
2595.8 1828916
2596.9 1828916
2597.4 1828852
2597.9 1828852
2598.4 1828980
2598.9 1828980
2599.4 1828980
2599.9 1828980
2600.4 1828852
2600.9 1828948
2601.4 1828948
2601.9 1828948
2602.4 1828980
2602.9 1828948
2603.4 1828948
2603.9 1828948
2604.4 1828916
2604.9 1828924
2605.4 1828892
2605.9 1828892
2606.4 1828860
2606.9 1828860
2607.4 1828812
2607.9 1828812
2608.4 1828872
2608.9 1828968
2609.4 1828776
2609.9 1829060
2610.4 1829092
2610.9 1829188
2611.4 1829188
2611.9 1829188
2612.4 1828972
2612.9 1828972
2613.4 1828908
2613.9 1828908
2614.4 1829004
2614.9 1829100
2615.4 1829004
2615.9 1828916
2616.4 1828852
2616.9 1828852
2617.4 1828916
2617.9 1828820
2618.4 1828788
2618.9 1828864
2619.4 1828896
2619.9 1828896
2620.4 1829104
2620.9 1829216
2621.4 1829040
2621.9 1829232
2622.4 1829264
2622.9 1829168
2623.4 1829200
2623.9 1829296
2624.4 1829104
2624.9 1829192
2625.4 1829136
2625.9 1829328
2626.4 1829104
2626.9 1829200
2627.4 1829200
2627.9 1829000
2628.4 1829208
2628.9 1829016
2629.4 1828976
2629.9 1828976
2630.4 1829120
2630.9 1828928
2631.4 1828960
2631.9 1828864
2632.4 1828864
2632.9 1828864
2633.4 1828864
2633.9 1828768
2634.4 1828832
2634.9 1828928
2635.4 1828800
2635.9 1828800
2636.4 1828896
2636.9 1828896
2637.4 1828864
2637.9 1828864
2638.4 1828864
2638.9 1828872
2639.4 1828936
2639.9 1828936
2640.4 1828900
2640.9 1828900
2641.4 1828900
2641.9 1828900
2642.4 1828964
2642.9 1829060
2643.4 1829060
2643.9 1829060
2644.4 1829024
2644.9 1829024
2645.4 1829024
2645.9 1828960
2646.4 1828992
2646.9 1828992
2647.4 1828960
2647.9 1828968
2648.4 1829000
2648.9 1829096
2649.4 1829064
2649.9 1829060
2650.4 1828996
2650.9 1829092
2651.4 1828996
2651.9 1829092
2652.4 1829028
2652.9 1829028
2653.4 1829028
2653.9 1829124
2654.4 1829156
2654.9 1829156
2655.4 1829092
2655.9 1828996
2656.4 1829092
2656.9 1829188
2657.4 1829196
2657.9 1829196
2658.4 1828960
2658.9 1828960
2659.4 1828864
2659.9 1828944
2660.4 1828848
2660.9 1828848
2661.4 1828824
2661.9 1828920
2662.4 1828840
2662.9 1828848
2663.4 1828912
2663.9 1828920
2664.4 1828808
2664.9 1828808
2665.4 1828792
2665.9 1828884
2666.4 1828916
2666.9 1829012
2667.4 1828932
2667.9 1828836
2668.4 1828900
2668.9 1828900
2669.4 1829124
2669.9 1829060
2670.4 1828836
2670.9 1828832
2671.4 1828768
2671.9 1828960
2672.4 1829008
2672.9 1828696
2673.4 1828664
2673.9 1828760
2674.4 1828920
2674.9 1828920
2675.4 1828764
2675.9 1828764
2676.4 1828924
2676.9 1828868
2677.4 1829180
2677.9 1829196
2678.4 1829012
2678.9 1828820
2679.4 1828724
2679.9 1828724
2680.4 1828660
2680.9 1828756
2681.4 1828756
2681.9 1828756
2682.4 1828820
2682.9 1828716
2683.4 1828876
2683.9 1828876
2684.4 1828876
2684.9 1828996
2685.4 1828664
2685.9 1828664
2686.4 1828792
2686.9 1828976
2687.4 1828784
2687.9 1828600
2688.4 1828316
2688.9 1828412
2689.4 1828572
2689.9 1828572
2690.4 1828476
2690.9 1828380
2691.4 1828348
2691.9 1828564
2692.4 1828636
2692.9 1828540
2693.4 1828540
2693.9 1828540
2694.4 1828500
2694.9 1828500
2695.4 1828740
2695.9 1828428
2696.4 1828424
2696.9 1828424
2697.4 1828456
2697.9 1828360
2698.4 1828328
2698.9 1828328
2699.4 1828488
2699.9 1828584
2700.4 1828520
2700.9 1828612
2701.4 1828492
2701.9 1828492
2702.4 1828684
2702.9 1828692
2703.4 1828828
2703.9 1828540
2704.4 1828604
2705.0 1828604
2705.5 1828708
2706.1 1828708
2706.6 1828740
2707.1 1828740
2707.6 1828708
2708.1 1828708
2708.6 1828772
2709.1 1828596
2709.6 1828564
2710.1 1828564
2710.6 1828476
2711.1 1828668
2711.6 1828676
2712.1 1828484
2712.6 1828292
2713.1 1828196
2713.6 1828196
2714.1 1828292
2714.6 1828100
2715.1 1828100
2715.6 1828236
2716.1 1828332
2716.6 1828388
2717.1 1828388
2717.6 1828516
2718.1 1828420
2718.6 1828516
2719.1 1828708
2719.6 1828748
2720.1 1828844
2720.6 1828880
2721.1 1828988
2721.6 1829084
2722.1 1828988
2722.6 1829012
2723.1 1828844
2723.6 1828780
2724.1 1828780
2724.6 1828812
2725.1 1828656
2725.6 1828656
2726.1 1828624
2726.6 1828592
2727.1 1828784
2727.6 1828624
2728.1 1828912
2728.6 1828816
2729.1 1828720
2729.6 1828880
2730.1 1828732
2730.6 1828892
2731.1 1828700
2731.6 1828740
2732.1 1828740
2732.6 1828804
2733.1 1828724
2733.6 1828880
2734.1 1828792
2734.6 1828484
2735.1 1828772
2735.6 1828872
2736.1 1828784
2736.6 1828656
2737.1 1828656
2737.6 1828624
2738.1 1828624
2738.6 1828408
2739.1 1828312
2739.6 1828408
2740.1 1828584
2740.6 1828496
2741.1 1828592
2741.6 1828592
2742.1 1828592
2742.6 1828528
2743.1 1828632
2743.6 1828736
2744.1 1828536
2744.6 1828600
2745.1 1828720
2745.6 1828624
2746.1 1828816
2746.6 1828832
2747.1 1828736
2747.6 1828704
2748.1 1828840
2748.6 1828840
2749.1 1828744
2749.6 1828648
2750.1 1828936
2750.6 1828808
2751.1 1828904
2751.6 1828624
2752.1 1828632
2752.6 1828736
2753.1 1828832
2753.6 1828768
2754.1 1828576
2754.6 1828748
2755.1 1828908
2755.6 1828964
2756.1 1829060
2756.6 1828996
2757.1 1828980
2757.6 1828948
2758.1 1829140
2758.6 1829236
2759.1 1829204
2759.6 1829044
2760.1 1829044
2760.6 1829228
2761.1 1829036
2761.6 1829036
2762.1 1828844
2762.6 1828636
2763.1 1828828
2763.6 1828836
2764.1 1829028
2764.6 1828932
2765.1 1828488
2765.6 1828552
2766.1 1828648
2766.6 1828648
2767.1 1828648
2767.6 1828560
2768.1 1828568
2768.6 1828632
2769.1 1828600
2769.6 1828880
2770.1 1828688
2770.6 1828272
2771.1 1828464
2771.6 1828464
2772.1 1828368
2772.6 1828464
2773.1 1828464
2773.6 1828304
2774.1 1829040
2774.6 1828944
2775.1 1828752
2775.6 1828848
2776.1 1828960
2776.6 1829264
2777.1 1828996
2777.6 1828900
2778.1 1828996
2778.6 1828932
2779.1 1829124
2779.6 1829124
2780.1 1829124
2780.6 1829028
2781.1 1829028
2781.6 1829156
2782.1 1829156
2782.6 1828996
2783.1 1829188
2783.6 1829252
2784.1 1829096
2784.6 1829040
2785.1 1828944
2785.6 1828944
2786.1 1829040
2786.6 1828644
2787.1 1828644
2787.6 1828772
2788.1 1828580
2788.6 1828836
2789.1 1828740
2789.6 1828676
2790.1 1828676
2790.6 1828708
2791.1 1828804
2791.6 1828836
2792.1 1828836
2792.6 1828740
2793.1 1828836
2793.6 1828804
2794.1 1828596
2794.6 1828660
2795.1 1828756
2795.6 1828820
2796.1 1828820
2796.6 1828844
2797.1 1828844
2797.6 1828940
2798.1 1828844
2798.6 1828700
2799.1 1828892
2799.6 1828444
2800.1 1828444
2800.6 1828476
2801.1 1828476
2801.6 1828444
2802.1 1828444
2802.6 1828412
2803.1 1828508
2803.6 1828604
2804.1 1828484
2804.6 1828484
2805.1 1828388
2805.6 1828516
2806.1 1828356
2806.6 1828244
2807.1 1828244
2807.6 1828380
2808.1 1828196
2808.6 1828252
2809.1 1828188
2809.6 1828220
2810.1 1828316
2810.6 1828284
2811.1 1828284
2811.6 1828188
2812.1 1828380
2812.6 1828412
2813.1 1828220
2813.6 1828252
2814.1 1828348
2814.6 1828524
2815.1 1828332
2815.6 1828364
2816.1 1828468
2816.6 1828276
2817.1 1828276
2817.6 1828436
2818.1 1828540
2818.6 1828604
2819.1 1828508
2819.6 1828156
2820.1 1828164
2820.6 1828356
2821.1 1828356
2821.6 1828388
2822.1 1828388
2822.6 1828420
2823.1 1828420
2823.6 1828356
2824.1 1828452
2824.6 1828484
2825.1 1828484
2825.6 1828580
2826.1 1828580
2826.6 1828580
2827.1 1828580
2827.6 1828580
2828.1 1828580
2828.6 1828580
2829.1 1828612
2829.6 1828612
2830.1 1828612
2830.6 1828676
2831.1 1828516
2831.6 1828516
2832.1 1828516
2832.6 1828676
2833.1 1828676
2833.6 1828612
2834.1 1828708
2834.6 1828708
2835.1 1828708
2835.6 1828580
2836.1 1828580
2836.6 1828644
2837.1 1828844
2837.6 1828716
2838.1 1828716
2838.6 1828652
2839.1 1828652
2839.6 1828500
2840.1 1828388
2840.6 1828276
2841.1 1828220
2841.6 1828484
2842.1 1828388
2842.6 1828308
2843.1 1828340
2843.6 1828428
2844.1 1828364
2844.6 1828500
2845.1 1828508
2845.6 1828092
2846.1 1828188
2846.6 1828380
2847.1 1828364
2847.6 1828332
2848.1 1828332
2848.6 1828268
2849.1 1828348
2849.6 1828412
2850.1 1828404
2850.6 1828404
2851.1 1828532
2851.6 1828660
2852.1 1828660
2852.6 1828564
2853.1 1828436
2853.6 1828612
2854.1 1828388
2854.6 1828580
2855.1 1828668
2855.6 1828460
2856.1 1828460
2856.6 1828572
2857.1 1828660
2857.6 1828636
2858.1 1828240
2858.8 1828272
2859.3 1828368
2859.8 1828576
2860.3 1828480
2860.8 1828168
2861.3 1828560
2861.8 1828368
2862.3 1828376
2862.8 1828200
2863.3 1828200
2863.8 1828176
2864.3 1828256
2864.8 1828200
2865.3 1828296
2865.8 1828280
2866.3 1828376
2866.8 1828368
2867.3 1828368
2867.8 1828176
2868.3 1828172
2868.8 1828204
2869.3 1828300
2869.8 1828300
2870.3 1828236
2870.8 1828268
2871.3 1828172
2871.8 1828076
2872.3 1828520
2872.8 1828424
2873.3 1828324
2873.8 1828416
2874.3 1828384
2874.8 1828256
2875.3 1828352
2875.8 1828384
2876.3 1828804
2876.8 1828772
2877.3 1828676
2877.8 1828676
2878.3 1828924
2878.8 1828900
2879.3 1828896
2879.8 1828920
2880.3 1828920
2880.8 1828888
2881.3 1828888
2881.8 1828888
2882.3 1828888
2882.8 1828952
2883.3 1828952
2883.8 1828952
2884.3 1828952
2884.8 1828984
2885.3 1828980
2885.8 1828980
2886.3 1828948
2886.8 1828884
2887.3 1828884
2887.8 1828916
2888.3 1828916
2888.8 1828964
2889.3 1828964
2889.8 1828988
2890.3 1828988
2890.8 1828972
2891.3 1828972
2891.8 1829028
2892.3 1829028
2892.8 1828996
2893.3 1828996
2893.8 1829028
2894.3 1828996
2894.8 1829124
2895.3 1829124
2895.8 1829284
2896.3 1829284
2896.8 1829348
2897.3 1829252
2897.8 1829000
2898.3 1829000
2898.8 1828952
2899.3 1829048
2899.8 1829096
2900.3 1829096
2900.8 1828952
2901.3 1828948
2901.8 1828884
2902.3 1828884
2902.8 1828948
2903.3 1829044
2903.8 1829060
2904.3 1829060
2904.8 1829124
2905.3 1829124
2905.8 1829104
2906.3 1829104
2906.8 1829152
2907.3 1829344
2907.8 1829328
2908.3 1829328
2908.8 1829408
2909.3 1829408
2909.8 1829568
2910.3 1829568
2910.8 1829648
2911.3 1829648
2911.8 1829584
2912.3 1829584
2912.8 1829488
2913.3 1829488
2913.8 1829456
2914.3 1829456
2914.8 1829376
2915.3 1829376
2915.8 1829472
2916.3 1829472
2916.8 1829520
2917.3 1829520
2917.8 1829552
2918.3 1829552
2918.8 1829592
2919.3 1829592
2919.8 1829528
2920.3 1829528
2920.8 1829528
2921.3 1829528
2921.8 1829496
2922.3 1829492
2922.8 1829492
2923.3 1829492
2923.8 1829492
2925.5 1829556
2926.0 1829652
2926.5 1829648
2927.0 1829644
2927.5 1829644
2928.0 1829676
2928.5 1829676
2929.0 1829676
2929.9 1829676
2930.4 1829676
2930.9 1829636
2931.4 1829732
2931.9 1829636
2932.4 1829668
2932.9 1829604
2933.4 1829604
2933.9 1829684
2934.4 1829684
2934.9 1829652
2935.4 1829652
2935.9 1829684
2936.4 1829684
2936.9 1829716
2937.4 1829716
2937.9 1829748
2938.4 1829748
2938.9 1829716
2939.4 1829716
2939.9 1829748
2940.4 1829748
2940.9 1829748
2941.4 1829748
2941.9 1829700
2942.4 1829696
2942.9 1829596
2943.4 1829660
2943.9 1829660
2944.4 1829756
2944.9 1829820
2945.4 1829820
2945.9 1829820
2946.4 1829820
2946.9 1829820
2947.4 1829820
2947.9 1829884
2948.4 1829880
2948.9 1829876
2949.4 1829876
2949.9 1829844
2950.4 1829844
2950.9 1830064
2951.4 1830096
2951.9 1830096
2952.4 1830096
2952.9 1830380
2953.4 1830380
2953.9 1830380
2954.4 1830376
2954.9 1830376
2955.4 1830572
2956.0 1830572
2956.5 1830572
2957.0 1830920
2957.5 1830920
2958.0 1831172
2958.5 1831172
2959.0 1831140
2959.5 1831136
2960.0 1831088
2960.5 1831088
2961.0 1831372
2961.5 1831372
2962.0 1831420
2962.5 1831420
2963.0 1831452
2963.5 1831452
2964.0 1831420
2964.5 1831420
2965.0 1831420
2965.5 1831420
2966.0 1831420
2966.5 1831452
2967.0 1831448
2967.5 1831448
2968.0 1831696
2968.5 1831696
2969.0 1831696
2969.5 1831696
2970.0 1831680
2970.5 1831680
2971.0 1831680
2971.5 1831680
2972.0 1831804
2972.5 1831900
2973.0 1831900
2973.5 1831900
2974.0 1831896
2974.5 1831768
2975.0 1831736
2975.5 1831736
2976.0 1831720
2976.5 1831720
2977.0 1831704
2977.5 1831704
2978.0 1831768
2978.5 1832004
2979.0 1831972
2979.5 1831972
2980.0 1831988
2980.5 1831988
2981.0 1831988
2981.5 1831988
2982.0 1832240
2982.5 1832240
2983.0 1832304
2983.5 1832304
2984.0 1832304
2984.5 1832304
2985.0 1832304
2985.5 1832304
2986.0 1832256
2986.5 1832256
2987.0 1832256
2987.5 1832256
2988.0 1832320
2988.5 1832320
2989.0 1832588
2989.8 1832588
2990.3 1832840
2990.8 1832840
2991.3 1832840
2991.8 1832824
2992.8 1832824
2993.3 1832856
2993.8 1832872
2994.3 1832872
2994.8 1832904
2996.3 1832904
2996.8 1832904
2997.3 1833156
2997.8 1833156
2998.3 1833124
2998.8 1833124
2999.3 1832996
2999.8 1832992
3000.3 1832992
