0.5 1810896
1.0 1810896
1.6 1810896
2.1 1810896
2.6 1810864
3.1 1810864
3.7 1810928
4.7 1810928
5.2 1810928
5.7 1810928
6.2 1810928
6.7 1810928
8.1 1810928
8.7 1810928
9.2 1810928
11.2 1810896
11.7 1810896
13.3 1810896
13.8 1810896
14.3 1810896
14.8 1810928
15.3 1810928
15.8 1810896
16.3 1810896
16.8 1810896
17.5 1810896
18.6 1810896
19.1 1810896
19.6 1810896
20.1 1810896
22.6 1810864
25.0 1810864
25.5 1810864
26.0 1810864
26.9 1810928
28.1 1810928
28.6 1810928
29.1 1810928
29.6 1813296
30.1 1817012
30.6 1817372
31.1 1818064
31.6 1818696
32.1 1818964
32.6 1818680
33.1 1818912
33.6 1818548
34.1 1820356
34.6 1821092
35.1 1820508
35.6 1820436
36.1 1820264
36.6 1820076
37.1 1819820
37.6 1820372
38.1 1819932
38.6 1819896
39.1 1819960
39.6 1820416
40.1 1820148
40.6 1820148
41.1 1820244
41.6 1820400
42.1 1820100
42.6 1819896
43.1 1820116
43.6 1820188
44.1 1820740
44.6 1820392
45.1 1819932
45.6 1820236
46.1 1819644
46.6 1819708
47.1 1819604
47.6 1819604
48.1 1819496
48.6 1819664
49.1 1819584
49.6 1819788
50.1 1819740
50.6 1820372
51.1 1819836
51.6 1820072
52.1 1819948
52.6 1819868
53.1 1814020
53.8 1814012
54.3 1814012
54.8 1814012
55.3 1814012
55.9 1814076
56.4 1814076
56.9 1814076
57.4 1814076
58.0 1814076
58.5 1814076
59.0 1814044
59.5 1814044
60.0 1814044
60.5 1814044
61.0 1814044
61.5 1814044
62.0 1814044
62.5 1814044
63.0 1814076
63.5 1814076
64.8 1814076
65.4 1814076
65.9 1814076
66.4 1814076
66.9 1814076
67.4 1814076
68.3 1814076
69.5 1814044
71.5 1814044
72.1 1814040
72.6 1814040
73.1 1814040
73.6 1814040
74.1 1814072
74.6 1814072
75.1 1820072
75.6 1819960
76.1 1819880
76.6 1820116
77.1 1820132
77.6 1820020
78.1 1820068
78.6 1820100
79.1 1820052
79.6 1820116
80.1 1820320
80.6 1820100
81.1 1820148
81.6 1820068
82.1 1820604
82.6 1820352
83.1 1820132
83.6 1820180
84.1 1819812
84.6 1820480
85.1 1820100
85.6 1820068
86.1 1820116
86.6 1820052
87.1 1820024
87.6 1819832
88.1 1819784
88.6 1819956
89.1 1820588
89.6 1820272
90.1 1820076
90.6 1819808
91.1 1820108
91.6 1819240
92.1 1820636
92.6 1820924
93.1 1820864
93.6 1820692
94.1 1820688
94.6 1820220
95.1 1820440
95.6 1820236
96.1 1820204
96.6 1820172
97.1 1814208
97.6 1814208
98.1 1814176
98.6 1814176
99.1 1814176
99.6 1814176
100.1 1814176
100.6 1814176
101.1 1814208
101.6 1814208
102.1 1814208
104.0 1814176
104.5 1814176
105.0 1814176
105.5 1814176
106.0 1814176
106.8 1814176
107.3 1814176
109.2 1814176
109.7 1814176
111.5 1814144
112.0 1814144
112.5 1814144
114.2 1814208
114.7 1814208
115.2 1814208
117.0 1814208
118.3 1814208
118.8 1814208
119.5 1814208
120.0 1819784
120.5 1820188
121.0 1819996
121.5 1820060
122.0 1820044
122.5 1820028
123.0 1819696
123.5 1820268
124.0 1820500
124.5 1820060
125.0 1819620
125.5 1819208
126.0 1820360
126.5 1819948
127.0 1819872
127.5 1820060
128.0 1820108
128.5 1820092
129.0 1819856
129.5 1819288
130.0 1819976
130.5 1820128
131.0 1820208
131.5 1819704
132.0 1819820
132.5 1819864
133.0 1819988
133.5 1820100
134.0 1820100
134.5 1819988
135.0 1820496
135.5 1820100
136.0 1820036
136.5 1819832
137.0 1819752
137.5 1820496
138.0 1820084
138.5 1820440
139.0 1819872
139.5 1820188
140.0 1820376
140.5 1820484
141.0 1820464
141.5 1819636
142.0 1814116
144.3 1813956
144.8 1813956
145.3 1813956
146.1 1813956
146.6 1813956
148.7 1813956
149.3 1813956
149.8 1813956
150.3 1813956
150.8 1813956
152.9 1813924
154.9 1813988
155.4 1813988
156.6 1813988
157.1 1813988
157.6 1813988
158.1 1813988
158.6 1813988
160.7 1813956
161.2 1813956
161.7 1813956
162.2 1813956
162.9 1813956
163.4 1813956
163.9 1813956
164.4 1813956
164.9 1819720
165.4 1819652
165.9 1819856
166.4 1820188
166.9 1820124
167.4 1820172
167.9 1820724
168.4 1819984
168.9 1819748
169.4 1819780
169.9 1819588
170.4 1820140
170.9 1820520
171.4 1820408
171.9 1820252
172.4 1819840
172.9 1820644
173.4 1820736
173.9 1820544
174.4 1820600
174.9 1820172
175.4 1820124
175.9 1819904
176.4 1819792
176.9 1820012
177.4 1820252
177.9 1820204
178.4 1820060
178.9 1820092
179.4 1820028
179.9 1820660
180.4 1820156
180.9 1820172
181.4 1820156
181.9 1820060
182.4 1820596
182.9 1820352
183.4 1820172
183.9 1820408
184.4 1820108
184.9 1820140
185.4 1820044
185.9 1820140
186.4 1820172
186.9 1814296
187.4 1814008
187.9 1814008
188.5 1813976
189.0 1814040
189.5 1814040
190.1 1814040
190.6 1814040
191.1 1814040
191.7 1814040
193.0 1814040
194.3 1814040
194.8 1814040
195.3 1814008
195.8 1814008
196.3 1814008
196.8 1814008
197.4 1814008
197.9 1814008
198.4 1814040
198.9 1814040
202.1 1814008
203.9 1814008
205.2 1814008
207.1 1814008
207.6 1814008
208.1 1814008
208.9 1814008
209.5 1814008
210.0 1820148
210.5 1820020
211.0 1820052
211.5 1819880
212.0 1819864
212.5 1819500
213.0 1819360
213.5 1819532
214.0 1819328
214.5 1819296
215.0 1819564
215.5 1819592
216.0 1820196
216.5 1820084
217.0 1820320
217.5 1820288
218.0 1820336
218.5 1820416
219.0 1819928
219.5 1819676
220.0 1819484
220.5 1819580
221.0 1819548
221.5 1819580
222.0 1820304
222.5 1820400
223.0 1820036
223.5 1820068
224.0 1820480
224.5 1820100
225.0 1820132
225.5 1820148
226.0 1820148
226.5 1820288
227.0 1820020
227.5 1820164
228.0 1820276
228.5 1820408
229.0 1820236
229.5 1820124
230.0 1820060
230.5 1820328
231.0 1820156
231.5 1820200
232.0 1820060
232.5 1819904
233.0 1817584
233.5 1813924
234.0 1813924
234.5 1813924
235.1 1813924
235.6 1813924
236.1 1813924
236.6 1813956
237.1 1813956
237.6 1813956
238.1 1813956
238.6 1813924
239.1 1813924
239.6 1813924
240.1 1813924
240.7 1813924
241.2 1813924
241.7 1813924
242.2 1813924
242.8 1813924
243.3 1813956
243.8 1813956
244.3 1813956
244.8 1813956
245.3 1813956
245.8 1813956
246.3 1813956
246.8 1813956
247.3 1813956
247.8 1813924
248.3 1813924
248.8 1813924
249.3 1813924
249.8 1813924
250.3 1813924
250.8 1813924
251.3 1813924
251.8 1813956
252.3 1813924
252.8 1813924
253.3 1813924
253.8 1813924
254.3 1813924
254.8 1819984
255.3 1820332
255.8 1820464
256.3 1819940
256.8 1820552
257.3 1820212
257.8 1820084
258.3 1820036
258.8 1820164
259.3 1820196
259.8 1820132
260.3 1820256
260.8 1820384
261.3 1820448
261.8 1819768
262.3 1820180
262.8 1820164
263.3 1819688
263.8 1820164
264.3 1819688
264.8 1819896
265.3 1819564
265.8 1819636
266.3 1819096
266.8 1819700
267.3 1819952
267.8 1819952
268.3 1819336
268.8 1819540
269.3 1819856
269.8 1819900
270.3 1819636
270.8 1819732
271.3 1819556
271.8 1819400
272.3 1819620
272.8 1819872
273.3 1820108
273.8 1820044
274.3 1819840
274.8 1819856
275.3 1820108
275.8 1820752
276.3 1820504
276.8 1820108
277.3 1819776
277.8 1814008
278.3 1814008
278.8 1814008
279.3 1814008
279.8 1814008
280.3 1814008
280.8 1814008
281.3 1814008
281.8 1814040
282.3 1814040
282.8 1814040
283.3 1814040
283.8 1814040
284.3 1814040
284.8 1814040
285.3 1814040
285.8 1814008
286.3 1814008
286.8 1814008
287.3 1814008
287.8 1814008
288.3 1814008
288.8 1814008
289.3 1814008
289.9 1814008
290.4 1814008
290.9 1814008
291.4 1814008
291.9 1814008
292.4 1814008
293.1 1814008
293.6 1814008
294.1 1814008
294.6 1814008
295.1 1814008
295.6 1813976
296.1 1813976
296.6 1814040
297.1 1814040
297.6 1814040
298.1 1814040
298.6 1814040
299.1 1814040
299.6 1816356
300.1 1819928
300.6 1820720
301.1 1820428
301.6 1819896
302.1 1820020
302.6 1819880
303.1 1820132
303.6 1820052
304.1 1820056
304.6 1820148
305.1 1820272
305.6 1820368
306.1 1820716
306.6 1820092
307.1 1820360
307.6 1820204
308.1 1820440
308.6 1819980
309.1 1820140
309.6 1819824
310.1 1821272
310.6 1821380
311.1 1820844
311.6 1820504
312.1 1820124
312.6 1820376
313.1 1820564
313.6 1819492
314.1 1819936
314.6 1820424
315.1 1820376
315.6 1820076
316.1 1820012
316.6 1819744
317.1 1819792
317.6 1819936
318.1 1820156
318.6 1820156
319.1 1820184
319.6 1820772
320.1 1820124
320.6 1820076
321.1 1820156
321.6 1820060
322.1 1820076
322.6 1819792
323.1 1814048
323.6 1814048
324.1 1814048
324.6 1814048
326.0 1814048
327.4 1814048
327.9 1814048
329.8 1814048
330.3 1814048
331.5 1814016
332.4 1814016
332.9 1814080
333.4 1814080
335.0 1814080
335.5 1814080
336.0 1814080
337.8 1814080
338.3 1814048
340.3 1814048
341.3 1814048
341.8 1814048
342.3 1814048
342.8 1814048
343.3 1814048
343.8 1814048
344.5 1814112
345.0 1819840
345.5 1820832
346.0 1820176
346.5 1820148
347.0 1819800
347.5 1820196
348.0 1819784
348.5 1820540
349.0 1820180
349.5 1820132
350.0 1820196
350.5 1820304
351.0 1820148
351.5 1819768
352.0 1819452
352.5 1819508
353.0 1819684
353.5 1819712
354.0 1819776
354.5 1820076
355.0 1819776
355.5 1820060
356.0 1820028
356.5 1819776
357.0 1819824
357.5 1819760
358.0 1819808
358.5 1819684
359.0 1819620
359.5 1819384
360.0 1819240
360.5 1819620
361.0 1819700
361.5 1819980
362.0 1819444
362.5 1819636
363.0 1819872
363.5 1820092
364.0 1820108
364.5 1819936
365.0 1820016
365.5 1820124
366.0 1819904
366.5 1820044
367.0 1820012
367.5 1820124
368.0 1813448
368.5 1813448
369.0 1813448
369.5 1813448
370.0 1813512
370.5 1813512
371.0 1813512
371.5 1813512
372.1 1813512
372.6 1813512
373.1 1813512
373.6 1813512
376.1 1813480
377.4 1813480
378.3 1813480
378.8 1813480
380.1 1813480
380.8 1813512
381.3 1813480
382.7 1813480
383.8 1813480
384.3 1813480
385.1 1813480
388.0 1813480
388.5 1813480
389.5 1813480
390.0 1819904
390.5 1819984
391.0 1820300
391.5 1819996
392.0 1820188
392.5 1819668
393.0 1819116
393.5 1819004
394.0 1819856
394.5 1819304
395.0 1819620
395.5 1819384
396.0 1819368
396.5 1819320
397.0 1819572
397.5 1819636
398.0 1819572
398.5 1819872
399.0 1820012
399.5 1819964
400.0 1819872
400.5 1819904
401.0 1819840
401.5 1819776
402.0 1820220
402.5 1819952
403.0 1819904
403.5 1819980
404.0 1819888
404.5 1820172
405.0 1820368
405.5 1820148
406.0 1820228
406.5 1820244
407.0 1820528
407.5 1819960
408.0 1819960
408.5 1819628
409.0 1820124
409.5 1820352
410.0 1820148
410.5 1820368
411.0 1820416
411.5 1820416
412.0 1819864
412.5 1820132
413.0 1814176
413.5 1814208
415.9 1814208
416.4 1814208
417.5 1814208
418.0 1814208
419.0 1814208
419.5 1814208
421.2 1814208
422.9 1814176
424.7 1814176
425.2 1814176
426.7 1814176
429.2 1814176
430.0 1814208
430.5 1814208
432.5 1814176
433.0 1814176
434.5 1814176
435.0 1820244
435.5 1820464
436.0 1820416
436.5 1820164
437.0 1819896
437.5 1819880
438.0 1819928
438.5 1819848
439.0 1819752
439.5 1819800
440.0 1819864
440.5 1820772
441.0 1819920
441.5 1819824
442.0 1820156
442.5 1820076
443.0 1819856
443.5 1820236
444.0 1820252
444.5 1820220
445.0 1819944
445.5 1819896
446.0 1819940
446.5 1820132
447.0 1820212
447.5 1820116
448.0 1820196
448.5 1820036
449.0 1819896
449.5 1820004
450.0 1820196
450.5 1820432
451.0 1820116
451.5 1819708
452.0 1819548
452.5 1820496
453.0 1820056
453.5 1819992
454.0 1820432
454.5 1820100
455.0 1819992
455.5 1820004
456.0 1820212
456.5 1820148
457.0 1820228
457.5 1820448
458.0 1814584
458.5 1814184
460.4 1814184
460.9 1814216
463.4 1814216
465.2 1814216
465.8 1814216
466.7 1814184
469.8 1814184
470.5 1814184
473.0 1814184
475.2 1814184
475.7 1814184
476.9 1814184
478.3 1814152
478.8 1814216
479.5 1814216
480.0 1820052
480.5 1820132
481.0 1820068
481.5 1819844
482.0 1820084
482.5 1820072
483.0 1820204
483.5 1820080
484.0 1820236
484.5 1820092
485.0 1820236
485.5 1820316
486.0 1820408
486.5 1820140
487.0 1820252
487.5 1820332
488.0 1820488
488.5 1820092
489.0 1820092
489.5 1820408
490.0 1820720
490.5 1820532
491.0 1820360
491.5 1820316
492.0 1820188
492.5 1820316
493.0 1820000
493.5 1819840
494.0 1820252
494.5 1820124
495.0 1820204
495.5 1819936
496.0 1819920
496.5 1819920
497.0 1819904
497.5 1819984
498.0 1819824
498.5 1819920
499.0 1820284
499.5 1820300
500.0 1820156
500.5 1820220
501.0 1819920
501.5 1820108
502.0 1819920
502.5 1820236
503.0 1820856
503.5 1814040
504.0 1814072
504.7 1814072
506.9 1814072
508.6 1814072
509.3 1814072
510.5 1814040
511.0 1814040
511.5 1814040
512.9 1814040
513.6 1814040
514.6 1814040
515.1 1814040
518.0 1814040
518.8 1814072
519.3 1814072
519.8 1814072
520.3 1814072
521.5 1814072
522.0 1814072
522.5 1814072
524.5 1814072
525.0 1820928
525.5 1820532
526.0 1820692
526.5 1820204
527.0 1820536
527.5 1820440
528.0 1820060
528.5 1819700
529.0 1820032
529.5 1819792
530.0 1820384
530.5 1819924
531.0 1819908
531.5 1820224
532.0 1820384
532.5 1820112
533.0 1820180
533.5 1820052
534.0 1820116
534.5 1819816
535.0 1820068
535.5 1820196
536.0 1820068
536.5 1820052
537.0 1819776
537.5 1819668
538.0 1819384
538.5 1819432
539.0 1819648
539.5 1819920
540.0 1820116
540.5 1820228
541.0 1820068
541.5 1820400
542.0 1820432
542.5 1819988
543.0 1820556
543.5 1820100
544.0 1820360
544.5 1819896
545.0 1820196
545.5 1820036
546.0 1820148
546.5 1820368
547.0 1820072
547.5 1819280
548.0 1813316
548.5 1813316
549.0 1813316
549.5 1813316
551.4 1813316
551.9 1813316
552.4 1813316
552.9 1813316
555.2 1813284
555.7 1813284
556.5 1813356
557.0 1813356
557.5 1813452
558.0 1813752
558.6 1814012
559.1 1814012
561.1 1817612
561.6 1818596
562.1 1819612
562.7 1820628
564.7 1821448
565.5 1821184
566.0 1821236
567.1 1821584
568.3 1821708
568.8 1821676
569.3 1821676
569.8 1827372
570.3 1829020
570.8 1829832
571.3 1829832
571.8 1830408
572.3 1822124
572.8 1822100
573.3 1822028
573.8 1821272
574.3 1820816
574.8 1821364
575.3 1821244
575.8 1821576
576.3 1821120
576.8 1821184
577.3 1821196
577.8 1821292
578.3 1821480
578.8 1821104
579.3 1821252
579.8 1821348
580.3 1821176
580.8 1821032
581.3 1821332
581.8 1821316
582.3 1821728
582.8 1821192
583.3 1821284
583.8 1821284
584.3 1821316
584.8 1821248
585.3 1821348
585.8 1821112
586.3 1821476
586.8 1821316
587.3 1821412
587.8 1821236
588.3 1821348
588.8 1821220
589.3 1821648
589.8 1820996
590.3 1821060
590.8 1820964
591.3 1821012
591.8 1821076
592.3 1821188
592.8 1821044
593.3 1821076
593.8 1820948
594.3 1815040
596.0 1815040
597.7 1815008
598.4 1815008
598.9 1815008
600.9 1815008
601.4 1815008
603.1 1815008
604.3 1815008
606.4 1815040
606.9 1815040
608.6 1815040
609.1 1815040
609.7 1815040
610.2 1815040
613.1 1815040
614.5 1815040
615.0 1821252
615.5 1821076
616.0 1821172
616.5 1820460
617.0 1820744
617.5 1820824
618.0 1820728
618.5 1821232
619.0 1821136
619.5 1821092
620.0 1821320
620.5 1821052
621.0 1820972
621.5 1821116
622.0 1821620
622.5 1820864
623.0 1821052
623.5 1821132
624.0 1821148
624.5 1821272
625.0 1821360
625.5 1821376
626.0 1820816
626.5 1820704
627.0 1821036
627.5 1821400
628.0 1821352
628.5 1821368
629.0 1820620
629.5 1820944
630.0 1821384
630.5 1821068
631.0 1821100
631.5 1821004
632.0 1821020
632.5 1821052
633.0 1821132
633.5 1821384
634.0 1821368
634.5 1821320
635.0 1821068
635.5 1821352
636.0 1821352
636.5 1821224
637.0 1821132
637.5 1821084
638.0 1821020
638.5 1815460
639.3 1815460
641.3 1815524
641.8 1815524
643.2 1815524
643.7 1815524
644.3 1815524
645.3 1815492
645.8 1815492
647.5 1815492
648.5 1815492
649.0 1815492
649.6 1815492
650.1 1815492
650.7 1815492
651.3 1815492
652.1 1815524
652.7 1815524
653.6 1815524
654.1 1815524
654.6 1815524
655.3 1815524
656.3 1815524
657.0 1815524
657.5 1815524
658.0 1815524
658.7 1815492
659.2 1815492
659.7 1822576
660.2 1821224
660.7 1820972
661.2 1821164
661.7 1821116
662.2 1821336
662.7 1821052
663.2 1821368
663.7 1821508
664.2 1821116
664.7 1820984
665.2 1821528
665.7 1821320
666.2 1820864
666.7 1820784
667.2 1821192
667.7 1821620
668.2 1821368
668.7 1821208
669.2 1821052
669.7 1820744
670.2 1820840
670.7 1821264
671.2 1821028
671.7 1821392
672.2 1820760
672.7 1820716
673.2 1820524
673.7 1820288
674.2 1820320
674.7 1820500
675.2 1820692
675.7 1820564
676.2 1820628
676.7 1820820
677.2 1820800
677.7 1820736
678.2 1820928
678.7 1820864
679.2 1820640
679.7 1820776
680.2 1820888
680.7 1820620
681.2 1820476
681.7 1819068
683.7 1814788
684.2 1814788
684.7 1814788
686.5 1814788
687.0 1814788
687.5 1814788
688.4 1814788
688.9 1814756
689.4 1814756
690.4 1814756
690.9 1814756
692.1 1814756
692.6 1814756
693.7 1814788
694.8 1814788
695.3 1814788
695.8 1814756
696.3 1814756
696.8 1814756
698.0 1814756
698.5 1814756
699.0 1814756
699.9 1814756
700.5 1814756
701.0 1814756
701.5 1814756
702.9 1814724
704.5 1814788
705.0 1821376
705.5 1821296
706.0 1821280
706.5 1821392
707.0 1821216
707.5 1821280
708.0 1821280
708.5 1821376
709.0 1820980
709.5 1821172
710.0 1821092
710.5 1821152
711.0 1821596
711.5 1821076
712.0 1821124
712.5 1821376
713.0 1822100
713.5 1821408
714.0 1821200
714.5 1820840
715.0 1820808
715.5 1820712
716.0 1820996
716.5 1821156
717.0 1821044
717.5 1821124
718.0 1820948
718.5 1821344
719.0 1821408
719.5 1820964
720.0 1821864
720.5 1821204
721.0 1821108
721.5 1820980
722.0 1821360
722.5 1821392
723.0 1821580
723.5 1821376
724.0 1821124
724.5 1820996
725.0 1821132
725.5 1821116
726.0 1821052
726.5 1820832
727.0 1814844
727.8 1814844
729.0 1814844
729.8 1814844
730.3 1814844
733.1 1814844
733.6 1814844
738.5 1814812
739.0 1814812
739.7 1814812
742.2 1814876
744.9 1814876
745.4 1814876
746.5 1814876
747.3 1814876
748.2 1814844
749.5 1814844
750.0 1820620
750.5 1820700
751.0 1820904
751.5 1820996
752.0 1821296
752.5 1820980
753.0 1820996
753.5 1821076
754.0 1821360
754.5 1821612
755.0 1820712
755.5 1821140
756.0 1821028
756.5 1821392
757.0 1821108
757.5 1820932
758.0 1821012
758.5 1821140
759.0 1821392
759.5 1821440
760.0 1821124
760.5 1821076
761.0 1820916
761.5 1821060
762.0 1821028
762.5 1821044
763.0 1821060
763.5 1821076
764.0 1821220
764.5 1821156
765.0 1820824
765.5 1821360
766.0 1821280
766.5 1821376
767.0 1821392
767.5 1821248
768.0 1821360
768.5 1821172
769.0 1821140
769.5 1821076
770.0 1820564
770.5 1820360
771.0 1820612
771.5 1820556
772.0 1815276
772.5 1815276
773.0 1815276
774.2 1815276
774.7 1815276
775.4 1815308
775.9 1815308
777.6 1815308
778.2 1815308
779.2 1815276
781.1 1815276
782.8 1815276
783.3 1815276
785.7 1815276
786.2 1815276
787.4 1815276
788.9 1815308
792.3 1815308
792.8 1815308
793.3 1815308
793.8 1815308
794.5 1815308
795.0 1821012
795.5 1821280
796.0 1821440
796.5 1821328
797.0 1820888
797.5 1820904
798.0 1820968
798.5 1820936
799.0 1821216
799.5 1821216
800.0 1821392
800.5 1821248
801.0 1821012
801.5 1821264
802.0 1821312
802.5 1821392
803.0 1821248
803.5 1821284
804.0 1821296
804.5 1821140
805.0 1820996
805.5 1821108
806.0 1820840
806.5 1820700
807.0 1820856
807.5 1820400
808.0 1820556
808.5 1820928
809.0 1821172
809.5 1821376
810.0 1821328
810.5 1821344
811.0 1821312
811.5 1821532
812.0 1821788
812.5 1821104
813.0 1821376
813.5 1821484
814.0 1820820
814.5 1821456
815.0 1821060
815.5 1821204
816.0 1821188
816.5 1821108
817.0 1817668
817.5 1815260
818.4 1815260
819.1 1815260
819.6 1815260
820.1 1815260
822.1 1815292
822.6 1815292
824.5 1815292
826.5 1815292
827.3 1815292
827.8 1815292
828.8 1815292
829.5 1815292
830.0 1815292
831.1 1815260
832.1 1815260
832.6 1815260
834.4 1815292
836.9 1815292
837.4 1815292
837.9 1815292
839.5 1815260
840.0 1821172
840.5 1821344
841.0 1821344
841.5 1820916
842.0 1820916
842.5 1821012
843.0 1821076
843.5 1820996
844.0 1821248
844.5 1821044
845.0 1821440
845.5 1821344
846.0 1820980
846.5 1821156
847.0 1821636
847.5 1821416
848.0 1821368
848.5 1821224
849.0 1821320
849.5 1820800
850.0 1821244
850.5 1821196
851.0 1821384
851.5 1821320
852.0 1821572
852.5 1821084
853.0 1821116
853.5 1820832
854.0 1820880
854.5 1820812
855.0 1821228
855.5 1821432
856.0 1821132
856.5 1821068
857.0 1820800
857.5 1820596
858.0 1820720
858.5 1821068
859.0 1821320
859.5 1821636
860.0 1821624
860.5 1821492
861.0 1821320
861.5 1821116
862.0 1815136
863.8 1815136
864.3 1815132
865.1 1815132
865.6 1815132
866.1 1815132
868.9 1815100
869.4 1815100
870.1 1815100
871.2 1814880
872.1 1814880
872.6 1814848
873.1 1814848
873.6 1814848
874.1 1814848
874.8 1814848
877.2 1814848
879.0 1814848
881.8 1814848
882.3 1814848
883.2 1814816
884.4 1814816
884.9 1821032
885.4 1821316
885.9 1821396
886.4 1820960
886.9 1821216
887.4 1820820
887.9 1820852
888.4 1820756
888.9 1821324
889.4 1821624
889.9 1821144
890.4 1821020
890.9 1821448
891.4 1820768
891.9 1821024
892.4 1821036
892.9 1821180
893.4 1821416
893.9 1822340
894.4 1821792
894.9 1821452
895.4 1821264
895.9 1821340
896.4 1821436
896.9 1821404
897.4 1821452
897.9 1821388
898.4 1821340
898.9 1821484
899.4 1821280
899.9 1820916
900.4 1820712
900.9 1821436
901.4 1821180
901.9 1821420
902.4 1821388
902.9 1821436
903.4 1821276
903.9 1821436
904.4 1821260
904.9 1821072
905.4 1821436
905.9 1821308
906.4 1821308
906.9 1819656
907.4 1814524
909.9 1814524
910.7 1814520
911.2 1814552
912.1 1814552
912.9 1814552
914.7 1814552
915.5 1814552
917.0 1814520
920.4 1814520
920.9 1814520
921.4 1814520
921.9 1814520
923.0 1814520
925.9 1814520
926.5 1814520
927.5 1814552
928.8 1814552
929.3 1814552
929.8 1821220
930.3 1821112
930.8 1820864
931.3 1821084
931.8 1821036
932.3 1821036
932.8 1821100
933.3 1821068
933.8 1821304
934.3 1820956
934.8 1821048
935.3 1821192
935.8 1820636
936.3 1821556
936.8 1821016
937.3 1820984
937.8 1820940
938.3 1821396
938.8 1821348
939.3 1821112
939.8 1821108
940.3 1820900
940.8 1821012
941.3 1820900
941.8 1820888
942.3 1821028
942.8 1821408
943.3 1821076
943.8 1821124
944.3 1820996
944.8 1821008
945.3 1821024
945.8 1821024
946.3 1820852
946.8 1820740
947.3 1820960
947.8 1820848
948.3 1821024
948.8 1820632
949.3 1820348
949.8 1820608
950.3 1820668
950.8 1820620
951.3 1820716
951.8 1820432
952.3 1814536
952.8 1814536
953.3 1814536
953.8 1814536
954.3 1814536
954.8 1814536
955.3 1814536
955.9 1814500
956.4 1814564
956.9 1814564
957.4 1814564
957.9 1814564
958.4 1814564
959.0 1814564
959.5 1814564
960.0 1814564
960.5 1814564
961.0 1814532
961.5 1814532
962.0 1814532
962.5 1814532
963.0 1814532
963.5 1814564
964.0 1814564
964.5 1814564
965.0 1814564
965.5 1814532
966.0 1814532
966.5 1814532
967.0 1814532
967.5 1814532
968.0 1814532
968.5 1814532
969.0 1814532
969.5 1814532
970.1 1814532
970.6 1814532
971.1 1814564
971.6 1814564
972.1 1814564
972.6 1814564
973.1 1814564
973.6 1814564
974.1 1814564
974.6 1814564
975.1 1820856
975.6 1820840
976.1 1821060
976.6 1820900
977.1 1821092
977.6 1820508
978.1 1820856
978.6 1820196
979.1 1820304
979.6 1821056
980.1 1820972
980.6 1821376
981.1 1821364
981.6 1821188
982.1 1821048
982.6 1821080
983.1 1821144
983.6 1821284
984.1 1820968
984.6 1821444
985.1 1821012
985.6 1821092
986.1 1821060
986.6 1820904
987.1 1821012
987.6 1821232
988.1 1821484
988.6 1820948
989.1 1821392
989.6 1821296
990.1 1820984
990.6 1820952
991.1 1821456
991.6 1821472
992.1 1821252
992.6 1821112
993.1 1821192
993.6 1821220
994.1 1821112
994.6 1821048
995.1 1820964
995.6 1821280
996.1 1820868
996.6 1820996
997.1 1814824
997.6 1814824
998.1 1814824
998.6 1814824
999.1 1814824
999.7 1814824
1000.2 1814824
1000.7 1814824
1001.2 1814852
1001.7 1814852
1002.2 1814852
1002.7 1814852
1003.2 1814852
1003.7 1814852
1004.2 1814852
1004.7 1814852
1005.2 1814852
1005.7 1814852
1006.2 1814820
1006.7 1814820
1007.2 1814820
1007.7 1814820
1008.2 1814820
1008.7 1814852
1009.2 1814852
1009.7 1814820
1010.2 1814820
1010.7 1814820
1011.2 1814820
1011.7 1814820
1012.2 1814820
1012.7 1814820
1013.2 1814820
1013.7 1814820
1014.2 1814820
1014.7 1814820
1015.2 1814788
1015.7 1814852
1016.2 1814852
1016.7 1814852
1017.2 1814852
1017.7 1814852
1018.2 1814852
1018.7 1814852
1019.3 1814820
1019.8 1820712
1020.3 1821196
1020.8 1821088
1021.3 1821244
1021.8 1821024
1022.3 1821088
1022.8 1821008
1023.3 1821056
1023.8 1821352
1024.3 1821040
1024.8 1820688
1025.3 1820720
1025.8 1820892
1026.3 1821288
1026.8 1820844
1027.3 1821256
1027.8 1821208
1028.3 1821288
1028.8 1821020
1029.3 1821476
1029.8 1820664
1030.3 1820680
1030.8 1820712
1031.3 1820460
1031.8 1820572
1032.3 1820588
1032.8 1820588
1033.3 1820808
1033.8 1820868
1034.3 1821216
1034.8 1820976
1035.3 1820724
1035.8 1820928
1036.3 1820976
1036.8 1821260
1037.3 1821276
1037.8 1821084
1038.3 1820896
1038.8 1821228
1039.3 1821260
1039.8 1821040
1040.3 1821216
1040.8 1821092
1041.3 1820808
1041.8 1820680
1042.3 1815096
1042.8 1815064
1043.3 1815128
1043.8 1815128
1044.3 1815128
1044.8 1815128
1045.3 1815128
1045.8 1815128
1046.3 1815124
1046.8 1815124
1047.3 1815124
1047.8 1815092
1048.3 1815092
1048.8 1815092
1049.3 1815092
1049.8 1815092
1050.3 1815092
1050.8 1815124
1051.3 1815124
1051.8 1815124
1052.3 1815124
1052.8 1815124
1053.3 1815092
1053.8 1815092
1054.3 1815092
1054.8 1815092
1055.3 1815092
1055.8 1815092
1056.3 1815092
1056.8 1815092
1057.3 1815060
1057.8 1815124
1058.3 1815124
1058.8 1815124
1059.3 1815124
1059.8 1815124
1060.3 1815124
1060.8 1815124
1061.3 1815124
1061.8 1815092
1062.3 1815092
1062.8 1815092
1063.3 1815092
1063.8 1815092
1064.3 1815092
1064.8 1821324
1065.3 1821228
1065.8 1821260
1066.3 1821132
1066.8 1821212
1067.3 1821308
1067.8 1821356
1068.3 1821120
1068.8 1821080
1069.3 1820636
1069.8 1820716
1070.3 1820980
1070.8 1820980
1071.3 1821044
1071.8 1820980
1072.3 1820728
1072.8 1820888
1073.3 1821452
1073.8 1821296
1074.3 1821896
1074.8 1821148
1075.3 1821292
1075.8 1821072
1076.3 1821324
1076.8 1821100
1077.3 1820944
1077.8 1821120
1078.3 1821404
1078.8 1821024
1079.3 1821104
1079.8 1820904
1080.3 1820908
1080.8 1821476
1081.3 1821216
1081.8 1821292
1082.3 1821060
1082.8 1820996
1083.3 1821344
1083.8 1821028
1084.3 1821028
1084.8 1820992
1085.3 1820660
1085.8 1820504
1086.3 1820124
1086.8 1820708
1087.3 1820552
1087.8 1814808
1088.5 1814808
1089.2 1814808
1089.7 1814808
1090.2 1814800
1090.7 1814800
1091.2 1814800
1091.7 1814800
1092.2 1814800
1092.7 1814800
1093.2 1814768
1093.7 1814768
1094.2 1814768
1094.7 1814768
1095.2 1814768
1095.7 1814768
1096.2 1814800
1096.7 1814800
1097.3 1814768
1097.8 1814768
1098.3 1814768
1098.8 1814768
1099.3 1814768
1100.0 1814768
1100.5 1814768
1101.0 1814768
1101.5 1814768
1102.0 1814736
1102.5 1814736
1103.0 1814800
1103.5 1814800
1104.0 1814800
1104.5 1814800
1105.0 1814800
1105.5 1814800
1106.0 1814800
1106.5 1814800
1107.1 1814800
1107.6 1814768
1108.1 1814768
1108.6 1814768
1109.1 1814768
1109.6 1814768
1110.1 1820432
1110.6 1820576
1111.1 1820604
1111.6 1821252
1112.1 1821284
1112.6 1821504
1113.1 1821300
1113.6 1821140
1114.1 1821396
1114.6 1820416
1115.1 1820692
1115.6 1820756
1116.1 1820732
1116.6 1821252
1117.1 1821192
1117.6 1821292
1118.1 1821260
1118.6 1821260
1119.1 1820912
1119.6 1821008
1120.1 1820936
1120.6 1820888
1121.1 1821048
1121.6 1820444
1122.1 1821244
1122.6 1820960
1123.1 1821640
1123.6 1821212
1124.1 1821008
1124.6 1821276
1125.1 1821476
1125.6 1821364
1126.1 1821772
1126.6 1821728
1127.1 1821584
1127.6 1821240
1128.1 1821240
1128.6 1820972
1129.1 1821176
1129.6 1821368
1130.1 1821344
1130.6 1821184
1131.1 1821516
1131.6 1821516
1132.1 1815380
1132.7 1815380
1133.2 1815380
1133.7 1815380
1134.2 1815412
1134.7 1815412
1135.2 1815408
1135.7 1815408
1136.2 1815408
1136.9 1815408
1137.4 1815408
1137.9 1815408
1138.4 1815408
1138.9 1815408
1139.4 1815376
1139.9 1815376
1140.4 1815376
1140.9 1815376
1141.4 1815376
1142.0 1815376
1142.5 1815408
1143.0 1815408
1143.5 1815408
1144.0 1815408
1144.5 1815376
1145.0 1815376
1145.5 1815376
1146.0 1815376
1146.5 1815376
1147.0 1815376
1147.5 1815376
1148.0 1815376
1148.5 1815344
1149.1 1815344
1149.6 1815344
1150.1 1815344
1150.6 1815408
1151.1 1815408
1151.6 1815408
1152.1 1815408
1152.6 1815408
1153.1 1815408
1153.6 1815408
1154.2 1815376
1154.7 1815376
1155.2 1821116
1155.7 1821376
1156.2 1821472
1156.7 1821360
1157.2 1821340
1157.7 1821164
1158.2 1821164
1158.7 1821228
1159.2 1820564
1159.7 1820392
1160.2 1820528
1160.7 1820576
1161.2 1820624
1161.7 1821224
1162.2 1821272
1162.7 1821160
1163.2 1820892
1163.7 1820988
1164.2 1820924
1164.7 1820892
1165.2 1820652
1165.7 1820968
1166.2 1820904
1166.7 1820668
1167.2 1820700
1167.7 1820416
1168.2 1820400
1168.7 1820448
1169.2 1820936
1169.7 1821220
1170.2 1821340
1170.7 1821248
1171.2 1821076
1171.7 1821280
1172.2 1821216
1172.7 1821468
1173.2 1821200
1173.7 1820980
1174.2 1820964
1174.7 1821120
1175.2 1820944
1175.7 1820832
1176.2 1821164
1176.7 1821340
1177.2 1814956
1177.7 1814956
1178.2 1814956
1178.7 1815020
1179.2 1815020
1179.7 1815020
1180.2 1815016
1180.7 1815016
1181.2 1815016
1181.7 1815016
1182.2 1815016
1182.7 1814984
1183.3 1814984
1183.8 1814984
1184.3 1814984
1184.8 1814984
1185.4 1815016
1185.9 1815016
1186.4 1814984
1186.9 1814984
1187.4 1814984
1187.9 1814984
1188.4 1814984
1188.9 1814984
1189.4 1814984
1189.9 1814984
1190.4 1814984
1190.9 1814984
1191.4 1814952
1192.0 1814952
1192.5 1815016
1193.0 1815016
1193.5 1815016
1194.0 1815016
1194.5 1815016
1195.0 1815016
1195.5 1815016
1196.1 1815016
1196.6 1814984
1197.1 1814984
1197.6 1814984
1198.1 1814984
1198.6 1814984
1199.1 1814984
1199.6 1814984
1200.1 1821224
1200.6 1821112
1201.1 1821048
1201.6 1820700
1202.1 1820908
1202.6 1820844
1203.1 1820892
1203.6 1820796
1204.1 1820956
1204.6 1820988
1205.1 1820384
1205.6 1820732
1206.1 1820636
1206.6 1820384
1207.1 1820764
1207.6 1820700
1208.1 1820636
1208.6 1820368
1209.1 1820496
1209.6 1820464
1210.1 1819984
1210.6 1820568
1211.1 1821296
1211.6 1820900
1212.1 1821232
1212.6 1821404
1213.1 1821120
1213.6 1821248
1214.1 1821104
1214.6 1821200
1215.1 1821436
1215.6 1821480
1216.1 1821196
1216.6 1821100
1217.1 1821100
1217.6 1821228
1218.1 1821088
1218.6 1821132
1219.1 1820832
1219.6 1821212
1220.1 1820940
1220.6 1820972
1221.1 1820908
1221.6 1820716
1222.1 1814872
1222.6 1814872
1223.1 1814872
1223.7 1814872
1224.2 1814872
1224.7 1814904
1225.2 1814904
1225.7 1814900
1226.2 1814900
1226.7 1814900
1227.2 1814900
1227.7 1814900
1228.2 1814900
1228.7 1814900
1229.3 1814900
1229.8 1814868
1230.3 1814868
1230.8 1814868
1231.3 1814868
1231.8 1814900
1232.3 1814900
1232.8 1814900
1233.3 1814900
1233.8 1814868
1234.3 1814868
1234.8 1814868
1235.3 1814868
1235.8 1814868
1236.3 1814868
1236.8 1814868
1237.3 1814868
1237.8 1814868
1238.4 1814868
1238.9 1814900
1239.4 1814900
1239.9 1814900
1240.4 1814900
1240.9 1814900
1241.4 1814900
1241.9 1814900
1242.4 1814900
1243.0 1814900
1243.5 1814900
1244.0 1814868
1244.5 1814868
1245.0 1821300
1245.5 1821236
1246.0 1821592
1246.5 1821100
1247.0 1821228
1247.5 1821496
1248.0 1821164
1248.5 1821196
1249.0 1821180
1249.5 1821276
1250.0 1821176
1250.5 1821240
1251.0 1821396
1251.5 1821572
1252.0 1821208
1252.5 1821256
1253.0 1820892
1253.5 1820828
1254.0 1821112
1254.5 1821192
1255.0 1820764
1255.5 1821220
1256.0 1820952
1256.5 1820856
1257.0 1820968
1257.5 1820904
1258.0 1821188
1258.5 1821236
1259.0 1820904
1259.5 1820744
1260.0 1820992
1260.5 1820644
1261.0 1820724
1261.5 1820832
1262.0 1820404
1262.5 1821544
1263.0 1821164
1263.5 1821512
1264.0 1821148
1264.5 1820992
1265.0 1821332
1265.5 1820924
1266.0 1820452
1266.5 1820592
1267.0 1820720
1267.5 1820704
1268.0 1814976
1268.5 1814976
1269.0 1814976
1269.5 1814976
1270.0 1815008
1270.5 1815004
1271.0 1815004
1271.5 1815004
1272.0 1814972
1272.5 1814972
1273.0 1814972
1273.5 1814972
1274.0 1814972
1274.5 1814972
1275.0 1814972
1275.5 1814972
1276.0 1814972
1276.5 1815004
1277.0 1815004
1277.5 1815004
1278.0 1815004
1278.5 1815004
1279.0 1815004
1279.5 1815004
1280.0 1815004
1280.5 1814972
1281.0 1814972
1281.5 1814972
1282.0 1814972
1282.5 1814972
1283.0 1814972
1283.5 1814972
1284.0 1815004
1284.5 1815004
1285.0 1815004
1285.5 1815004
1286.0 1814972
1286.5 1814972
1287.0 1814972
1287.8 1814972
1288.3 1814972
1288.8 1814972
1289.3 1814972
1289.8 1821748
1290.3 1820524
1290.8 1820888
1291.3 1820716
1291.8 1820904
1292.3 1820920
1292.8 1820628
1293.3 1820944
1293.8 1820768
1294.3 1820800
1294.8 1820724
1295.3 1820928
1295.8 1820848
1296.3 1820500
1296.8 1820864
1297.3 1821084
1297.8 1821196
1298.3 1821084
1298.8 1821116
1299.3 1820944
1299.8 1820808
1300.3 1821856
1300.8 1821544
1301.3 1821288
1301.8 1821212
1302.3 1821400
1302.8 1821132
1303.3 1820908
1303.8 1821180
1304.3 1821068
1304.8 1821164
1305.3 1821180
1305.8 1821212
1306.3 1821384
1306.8 1821228
1307.3 1821100
1307.8 1821416
1308.3 1821068
1308.8 1821132
1309.3 1821680
1309.8 1821496
1310.3 1820956
1310.8 1821132
1311.3 1820864
1311.8 1820912
1312.3 1821132
1312.8 1820912
1313.3 1815088
1313.8 1815088
1314.3 1815088
1314.8 1815120
1315.3 1815088
1315.8 1815088
1316.3 1815088
1316.8 1815088
1317.3 1815088
1317.8 1815088
1318.3 1815088
1318.8 1815088
1319.3 1815088
1319.8 1815088
1320.4 1815088
1320.9 1815056
1321.4 1815056
1321.9 1815120
1322.4 1815120
1322.9 1815120
1323.4 1815120
1323.9 1815120
1324.4 1815120
1324.9 1815088
1325.4 1815088
1325.9 1815088
1326.4 1815088
1326.9 1815088
1327.4 1815088
1327.9 1815088
1328.4 1815088
1328.9 1815152
1329.4 1815120
1329.9 1815120
1330.4 1815120
1330.9 1815120
1331.4 1815120
1331.9 1815120
1332.4 1815120
1332.9 1815120
1333.4 1815120
1333.9 1815120
1334.4 1815120
1334.9 1821316
1335.4 1821116
1335.9 1821100
1336.4 1821040
1336.9 1821400
1337.4 1821180
1337.9 1821116
1338.4 1821180
1338.9 1821304
1339.4 1821272
1339.9 1821336
1340.4 1821400
1340.9 1821288
1341.4 1821208
1341.9 1821084
1342.4 1821336
1342.9 1821132
1343.4 1821384
1343.9 1821400
1344.4 1821148
1344.9 1821320
1345.4 1821132
1345.9 1820864
1346.4 1820768
1346.9 1820612
1347.4 1820548
1347.9 1820644
1348.4 1821528
1348.9 1821192
1349.4 1821020
1349.9 1821904
1350.4 1820728
1350.9 1820888
1351.4 1821140
1351.9 1821012
1352.4 1820760
1352.9 1820684
1353.4 1820508
1353.9 1820416
1354.4 1820148
1354.9 1820760
1355.4 1820936
1355.9 1821548
1356.4 1821060
1356.9 1821188
1357.4 1820840
1357.9 1820792
1358.4 1814432
1358.9 1814432
1359.4 1814400
1359.9 1814400
1360.4 1814464
1360.9 1814464
1361.4 1814464
1361.9 1814464
1362.4 1814464
1362.9 1814464
1363.4 1814464
1363.9 1814464
1364.4 1814464
1364.9 1814432
1365.4 1814432
1366.0 1814432
1366.5 1814432
1367.0 1814432
1367.5 1814432
1368.0 1814464
1368.5 1814464
1369.0 1814432
1369.5 1814432
1370.0 1814432
1370.5 1814432
1371.0 1814432
1371.5 1814432
1372.1 1814432
1372.6 1814432
1373.1 1814432
1373.6 1814432
1374.1 1814400
1374.6 1814400
1375.1 1814464
1375.6 1814464
1376.1 1814464
1376.6 1814464
1377.1 1814464
1377.6 1814464
1378.1 1814464
1378.6 1814464
1379.1 1814432
1379.6 1814432
1380.1 1820612
1380.6 1820644
1381.1 1821212
1381.6 1821148
1382.1 1820896
1382.6 1820800
1383.1 1820848
1383.6 1820800
1384.1 1821556
1384.6 1821564
1385.1 1820984
1385.6 1821004
1386.1 1821212
1386.6 1821100
1387.1 1821368
1387.6 1820800
1388.1 1821480
1388.6 1821432
1389.1 1820724
1389.6 1820724
1390.1 1820628
1390.6 1820312
1391.1 1820468
1391.6 1820772
1392.1 1822028
1392.6 1821388
1393.1 1820952
1393.6 1821400
1394.1 1821272
1394.6 1821396
1395.1 1821624
1395.6 1821368
1396.1 1821232
1396.6 1821148
1397.1 1821212
1397.6 1820848
1398.1 1820944
1398.6 1821084
1399.1 1821116
1399.6 1821304
1400.1 1821432
1400.6 1821400
1401.1 1821432
1401.6 1821304
1402.1 1821508
1402.6 1821228
1403.1 1815296
1403.6 1815232
1404.1 1815232
1404.6 1815232
1405.1 1815232
1405.6 1815232
1406.1 1815232
1406.6 1815232
1407.1 1815232
1407.6 1815232
1408.1 1815200
1408.6 1815264
1409.1 1815264
1409.6 1815264
1410.1 1815264
1410.6 1815264
1411.1 1815264
1411.6 1815264
1412.1 1815264
1412.6 1815264
1413.1 1815232
1413.6 1815232
1414.1 1815232
1414.6 1815232
1415.1 1815232
1415.6 1815232
1416.1 1815232
1416.6 1815232
1417.1 1815232
1417.6 1815232
1418.1 1815232
1418.6 1815232
1419.1 1815232
1419.6 1815232
1420.1 1815232
1420.6 1815232
1421.1 1815232
1421.6 1815232
1422.1 1815200
1422.6 1815200
1423.1 1815264
1423.6 1815264
1424.1 1815264
1424.6 1817164
1425.1 1821092
1425.6 1821060
1426.1 1821108
1426.6 1821236
1427.1 1821172
1427.6 1821220
1428.1 1821248
1428.6 1821300
1429.1 1821092
1429.6 1821236
1430.1 1821184
1430.6 1821048
1431.1 1821312
1431.6 1821376
1432.1 1821472
1432.6 1821124
1433.1 1821188
1433.6 1821220
1434.1 1821060
1434.6 1821284
1435.1 1821376
1435.6 1820980
1436.1 1820876
1436.6 1821260
1437.1 1821368
1437.6 1821400
1438.1 1821544
1438.6 1821304
1439.1 1821416
1439.6 1821480
1440.1 1821384
1440.6 1821212
1441.1 1821244
1441.6 1820772
1442.1 1820596
1442.6 1820580
1443.1 1820692
1443.6 1820692
1444.1 1820864
1444.6 1820708
1445.1 1821396
1445.6 1821556
1446.1 1821480
1446.6 1820960
1447.1 1821400
1447.6 1821052
1448.1 1815056
1448.6 1815056
1449.1 1815056
1449.6 1815056
1450.1 1815056
1450.6 1815056
1451.1 1815056
1451.6 1815024
1452.1 1815024
1452.6 1815024
1453.1 1815088
1453.6 1815088
1454.1 1815088
1454.6 1815088
1455.1 1815088
1455.6 1815056
1456.1 1815056
1456.6 1815056
1457.1 1815056
1457.6 1815056
1458.1 1815056
1458.6 1815056
1459.1 1815056
1459.6 1815056
1460.1 1815120
1460.6 1815088
1461.1 1815088
1461.6 1815088
1462.1 1815088
1462.6 1815088
1463.1 1815088
1463.6 1815088
1464.1 1815088
1464.6 1815088
1465.1 1815056
1465.6 1815056
1466.1 1815056
1466.6 1815056
1467.1 1815056
1467.6 1815088
1468.1 1815088
1468.6 1815088
1469.1 1815088
1469.6 1819480
1470.1 1821764
1470.6 1821260
1471.1 1821368
1471.6 1821196
1472.1 1821556
1472.6 1821308
1473.1 1821432
1473.6 1821132
1474.1 1821448
1474.6 1820848
1475.1 1820768
1475.6 1821260
1476.1 1821180
1476.6 1821416
1477.1 1821448
1477.6 1821196
1478.1 1821496
1478.6 1821068
1479.1 1821212
1479.6 1822060
1480.1 1821288
1480.6 1821228
1481.1 1820644
1481.6 1820740
1482.1 1821008
1482.6 1821196
1483.1 1821596
1483.6 1821480
1484.1 1821384
1484.6 1821148
1485.1 1821272
1485.6 1821056
1486.1 1821416
1486.6 1821384
1487.1 1821164
1487.6 1821116
1488.1 1821464
1488.6 1821448
1489.1 1821352
1489.6 1821176
1490.1 1821160
1490.6 1821208
1491.1 1821256
1491.6 1821176
1492.1 1821320
1492.6 1821128
1493.1 1815252
1493.6 1815252
1494.1 1815252
1494.6 1815252
1495.1 1815252
1495.6 1815248
1496.1 1815248
1496.6 1815280
1497.1 1815280
1497.6 1815248
1498.1 1815248
1498.7 1815248
1499.2 1815248
1499.7 1815248
1500.2 1815248
1500.7 1815248
1501.2 1815248
1501.7 1815248
1502.2 1815248
1502.7 1815216
1503.2 1815216
1503.7 1815280
1504.2 1815280
1504.7 1815280
1505.2 1815280
1505.7 1815280
1506.2 1815280
1506.7 1815280
1507.2 1815280
1507.7 1815248
1508.2 1815248
1508.7 1815248
1509.2 1815248
1509.7 1815248
1510.2 1815248
1510.7 1815248
1511.2 1815248
1511.7 1815280
1512.2 1815280
1512.7 1815280
1513.2 1815280
1513.7 1815280
1514.2 1815280
1514.7 1822976
1515.2 1821284
1515.7 1821044
1516.2 1821092
1516.7 1820792
1517.2 1821076
1517.7 1821044
1518.2 1820604
1518.7 1821140
1519.2 1821060
1519.7 1820664
1520.2 1820900
1520.7 1821292
1521.2 1821184
1521.7 1821008
1522.2 1821120
1522.7 1821452
1523.2 1821340
1523.7 1821356
1524.2 1821008
1524.7 1821776
1525.2 1821660
1525.7 1821612
1526.2 1820908
1526.7 1821108
1527.2 1821060
1527.7 1821012
1528.2 1821216
1528.7 1821092
1529.2 1820932
1529.7 1821260
1530.2 1821056
1530.7 1820788
1531.2 1820912
1531.7 1820992
1532.2 1821024
1532.7 1821008
1533.2 1821232
1533.7 1821088
1534.2 1821056
1534.7 1821096
1535.2 1820708
1535.7 1820568
1536.2 1820852
1536.7 1820868
1537.2 1820616
1537.7 1820680
1538.3 1814704
1538.8 1814704
1539.3 1814704
1539.8 1814672
1540.3 1814672
1540.8 1814672
1541.3 1814672
1541.8 1814704
1542.3 1814704
1542.8 1814704
1543.3 1814704
1543.8 1814704
1544.3 1814704
1544.8 1814704
1545.3 1814704
1545.8 1814672
1546.3 1814672
1546.8 1814672
1547.3 1814672
1547.8 1814672
1548.3 1814672
1548.8 1814672
1549.3 1814672
1549.8 1814704
1550.3 1814704
1550.8 1814704
1551.3 1814704
1551.8 1814704
1552.3 1814704
1552.8 1814704
1553.3 1814704
1553.8 1814672
1554.3 1814672
1554.8 1814672
1555.3 1814672
1555.8 1814672
1556.3 1814672
1556.8 1814704
1557.3 1814704
1557.8 1814704
1558.3 1814704
1558.8 1814672
1559.3 1814672
1559.8 1821200
1560.3 1821544
1560.8 1821348
1561.3 1821064
1561.8 1821128
1562.3 1821324
1562.8 1820756
1563.3 1821088
1563.8 1820664
1564.3 1820836
1564.8 1820748
1565.3 1821180
1565.8 1821244
1566.3 1821320
1566.8 1821036
1567.3 1821416
1567.8 1821132
1568.3 1821320
1568.8 1821728
1569.3 1821116
1569.8 1821364
1570.3 1821192
1570.8 1821160
1571.3 1821380
1571.8 1821000
1572.3 1821032
1572.8 1821224
1573.3 1821316
1573.8 1821016
1574.3 1821096
1574.8 1820808
1575.3 1821424
1575.8 1821204
1576.3 1821076
1576.8 1821028
1577.3 1820980
1577.8 1820980
1578.3 1820856
1578.8 1821028
1579.3 1821140
1579.8 1821044
1580.3 1821060
1580.8 1821280
1581.3 1821124
1581.8 1819508
1582.3 1815444
1582.8 1815444
1583.3 1815444
1583.8 1815444
1584.3 1815444
1584.8 1815476
1585.3 1815476
1585.9 1815476
1586.4 1815476
1586.9 1815444
1587.4 1815444
1587.9 1815444
1588.4 1815444
1588.9 1815444
1589.4 1815444
1589.9 1815444
1590.4 1815444
1590.9 1815444
1591.4 1815444
1591.9 1815412
1592.4 1815476
1592.9 1815476
1593.4 1815476
1594.0 1815476
1594.5 1815476
1595.0 1815476
1595.5 1815476
1596.0 1815476
1596.5 1815444
1597.0 1815444
1597.5 1815444
1598.0 1815444
1598.5 1815444
1599.0 1815444
1599.5 1815444
1600.0 1815476
1600.5 1815476
1601.0 1815476
1601.5 1815444
1602.0 1815444
1602.5 1815444
1603.0 1815444
1603.5 1815444
1604.0 1815444
1604.5 1815444
1605.0 1820824
1605.5 1821012
1606.0 1820920
1606.5 1820920
1607.0 1821092
1607.5 1821076
1608.0 1820776
1608.5 1821028
1609.0 1821344
1609.5 1821060
1610.0 1821104
1610.5 1820728
1611.0 1820568
1611.5 1820508
1612.0 1820536
1612.5 1820284
1613.0 1820804
1613.5 1821484
1614.0 1821244
1614.5 1821356
1615.0 1821196
1615.5 1821448
1616.0 1821020
1616.5 1821100
1617.0 1821212
1617.5 1821132
1618.0 1821100
1618.5 1820532
1619.0 1820612
1619.5 1820896
1620.0 1821268
1620.5 1821428
1621.0 1820780
1621.5 1820952
1622.0 1821160
1622.5 1821048
1623.0 1821176
1623.5 1821208
1624.0 1821300
1624.5 1821332
1625.0 1820952
1625.5 1821016
1626.0 1821300
1626.5 1821300
1627.0 1815116
1627.5 1815116
1628.0 1815116
1628.5 1815116
1629.0 1815084
1629.5 1815084
1630.0 1815084
1630.5 1815084
1631.0 1815080
1631.5 1815080
1632.0 1815080
1632.5 1815080
1633.0 1815048
1633.5 1815048
1634.0 1815048
1634.5 1815048
1635.0 1815112
1635.5 1815112
1636.0 1815112
1636.5 1815112
1637.0 1815112
1637.5 1815112
1638.0 1815080
1638.5 1815080
1639.0 1815080
1639.5 1815080
1640.1 1815080
1640.7 1815080
1641.2 1815080
1641.7 1815144
1642.2 1815144
1642.7 1815112
1643.2 1815112
1643.7 1815112
1644.2 1815112
1644.7 1815112
1645.2 1815112
1645.7 1815112
1646.2 1815112
1646.7 1815112
1647.2 1815080
1647.7 1815080
1648.2 1815080
1648.7 1815080
1649.2 1815112
1649.7 1822560
1650.2 1821440
1650.7 1821352
1651.2 1820880
1651.7 1820704
1652.2 1821148
1652.7 1821628
1653.2 1821360
1653.7 1821584
1654.2 1821216
1654.7 1821280
1655.2 1821072
1655.7 1821072
1656.2 1820836
1656.7 1821436
1657.2 1821200
1657.7 1821088
1658.2 1821088
1658.7 1821228
1659.2 1821372
1659.7 1821356
1660.2 1821120
1660.7 1820504
1661.2 1820648
1661.7 1820756
1662.2 1821136
1662.7 1821104
1663.2 1821168
1663.7 1821028
1664.2 1821120
1664.7 1820832
1665.2 1820988
1665.7 1821132
1666.2 1821416
1666.7 1821144
1667.2 1821208
1667.7 1821052
1668.2 1820816
1668.7 1821932
1669.2 1821416
1669.7 1821176
1670.2 1821080
1670.7 1821396
1671.2 1821144
1671.7 1821112
1672.2 1815080
1672.7 1815080
1673.2 1815080
1673.7 1815080
1674.2 1815112
1674.7 1815112
1675.2 1815108
1675.7 1815108
1676.2 1815076
1676.7 1815076
1677.2 1815076
1677.7 1815076
1678.2 1815076
1678.8 1815076
1679.3 1815076
1679.8 1815076
1680.3 1815076
1680.8 1815076
1681.3 1815108
1681.8 1815108
1682.3 1815108
1682.8 1815108
1683.3 1815108
1683.8 1815108
1684.3 1815108
1684.8 1815108
1685.3 1815076
1685.8 1815076
1686.3 1815076
1686.9 1815076
1687.4 1815076
1687.9 1815076
1688.4 1815076
1688.9 1815076
1689.5 1815108
1690.0 1815076
1690.5 1815076
1691.0 1815076
1691.5 1815076
1692.0 1815076
1692.5 1815076
1693.0 1815076
1693.5 1815076
1694.0 1815076
1694.5 1815076
1695.0 1820636
1695.5 1820824
1696.0 1821344
1696.5 1821264
1697.0 1821376
1697.5 1821028
1698.0 1821076
1698.5 1821320
1699.0 1821448
1699.5 1821260
1700.0 1821552
1700.5 1821460
1701.0 1821064
1701.5 1821220
1702.0 1821080
1702.5 1821348
1703.0 1821096
1703.5 1820672
1704.0 1820748
1704.5 1821284
1705.0 1820848
1705.5 1821036
1706.0 1821172
1706.5 1821352
1707.0 1821288
1707.5 1821384
1708.0 1821304
1708.5 1821496
1709.0 1821336
1709.5 1821320
1710.0 1821420
1710.5 1821372
1711.0 1821404
1711.5 1821404
1712.0 1821072
1712.5 1821244
1713.0 1821104
1713.5 1820820
1714.0 1820820
1714.5 1821072
1715.0 1821540
1715.5 1821304
1716.0 1821084
1716.5 1821020
1717.0 1821332
1717.5 1815348
1718.0 1815348
1718.5 1815348
1719.0 1815348
1719.5 1815316
1720.0 1815312
1720.5 1815312
1721.0 1815312
1721.5 1815312
1722.0 1815312
1722.5 1815312
1723.0 1815312
1723.5 1815344
1724.0 1815344
1724.5 1815344
1725.0 1815344
1725.5 1815344
1726.1 1815344
1726.6 1815344
1727.1 1815344
1727.6 1815344
1728.1 1815344
1728.6 1815312
1729.1 1815312
1729.6 1815312
1730.1 1815312
1730.6 1815312
1731.1 1815312
1731.6 1815344
1732.1 1815344
1732.6 1815312
1733.1 1815312
1733.6 1815312
1734.1 1815312
1734.6 1815312
1735.1 1815312
1735.6 1815312
1736.1 1815312
1736.6 1815312
1737.1 1815312
1737.6 1815280
1738.1 1815344
1738.6 1815344
1739.1 1815344
1739.6 1815344
1740.1 1821144
1740.6 1820856
1741.1 1821000
1741.6 1820464
1742.1 1820636
1742.6 1820920
1743.1 1820968
1743.6 1820920
1744.1 1821252
1744.6 1820812
1745.1 1821044
1745.6 1821140
1746.1 1821060
1746.6 1821092
1747.1 1821052
1747.6 1820972
1748.1 1821100
1748.6 1820908
1749.1 1821036
1749.6 1820956
1750.1 1821032
1750.6 1820968
1751.1 1821016
1751.6 1821268
1752.1 1821220
1752.6 1821188
1753.1 1821596
1753.6 1821688
1754.1 1820952
1754.6 1820968
1755.1 1821232
1755.6 1821280
1756.1 1821344
1756.6 1820900
1757.1 1821232
1757.6 1821012
1758.1 1821028
1758.6 1821092
1759.1 1821264
1759.6 1821264
1760.1 1821616
1760.6 1821220
1761.1 1821456
1761.6 1820968
1762.1 1821252
1762.6 1815352
1763.1 1815352
1763.6 1815352
1764.1 1815352
1764.6 1815352
1765.1 1815412
1765.6 1815380
1766.1 1815380
1766.6 1815380
1767.1 1815380
1767.6 1815380
1768.1 1815380
1768.6 1815380
1769.1 1815380
1769.6 1815380
1770.1 1815348
1770.6 1815348
1771.1 1815348
1771.6 1815348
1772.1 1815348
1772.6 1815380
1773.1 1815380
1773.6 1815380
1774.1 1815380
1774.7 1815380
1775.2 1815380
1775.7 1815348
1776.2 1815348
1776.7 1815348
1777.2 1815348
1777.7 1815348
1778.2 1815348
1778.7 1815348
1779.2 1815348
1779.7 1815380
1780.2 1815380
1780.7 1815380
1781.2 1815380
1781.7 1815380
1782.2 1815380
1782.7 1815380
1783.2 1815380
1783.7 1815380
1784.2 1815380
1784.7 1821928
1785.2 1821020
1785.7 1821068
1786.2 1821068
1786.7 1821068
1787.2 1820940
1787.7 1821020
1788.2 1820924
1788.7 1820988
1789.2 1820972
1789.7 1820680
1790.2 1820796
1790.7 1821660
1791.2 1821244
1791.7 1821164
1792.2 1820960
1792.7 1821340
1793.2 1820960
1793.7 1821244
1794.2 1820896
1794.7 1821208
1795.2 1821272
1795.7 1821020
1796.2 1821036
1796.7 1820972
1797.2 1821352
1797.7 1821192
1798.2 1821408
1798.7 1821060
1799.2 1820428
1799.7 1820836
1800.2 1821212
1800.7 1820880
1801.2 1821512
1801.7 1821088
1802.2 1821040
1802.7 1821120
1803.2 1821228
1803.7 1821212
1804.2 1821436
1804.7 1820992
1805.2 1821040
1805.7 1820820
1806.2 1820976
1806.7 1820976
1807.2 1821196
1807.7 1815392
1808.2 1815424
1808.7 1815424
1809.2 1815424
1809.7 1815424
1810.2 1815424
1810.7 1815424
1811.2 1815424
1811.8 1815424
1812.3 1815424
1812.8 1815392
1813.3 1815392
1813.8 1815392
1814.3 1815392
1814.8 1815392
1815.4 1815392
1815.9 1815424
1816.4 1815424
1816.9 1815424
1817.4 1815392
1817.9 1815392
1818.4 1815392
1818.9 1815392
1819.4 1815392
1819.9 1815392
1820.4 1815392
1820.9 1815392
1821.4 1815392
1821.9 1815392
1822.4 1815360
1822.9 1815424
1823.4 1815424
1823.9 1815424
1824.4 1815424
1825.0 1815424
1825.5 1815424
1826.0 1815424
1826.5 1815424
1827.0 1815424
1827.5 1815392
1828.0 1815392
1828.5 1815392
1829.0 1815392
1829.5 1815392
1830.0 1820868
1830.5 1820852
1831.0 1821120
1831.5 1821372
1832.0 1821212
1832.5 1821180
1833.0 1821276
1833.5 1821324
1834.0 1820944
1834.5 1821276
1835.0 1821152
1835.5 1820628
1836.0 1820980
1836.5 1821088
1837.0 1820804
1837.5 1821040
1838.0 1820952
1838.5 1820888
1839.0 1821112
1839.5 1821268
1840.0 1821332
1840.5 1821032
1841.0 1821000
1841.5 1821000
1842.0 1820876
1842.5 1820496
1843.0 1820812
1843.5 1821096
1844.0 1820748
1844.5 1821080
1845.0 1822364
1845.5 1821588
1846.0 1821212
1846.5 1821468
1847.0 1821124
1847.5 1821724
1848.0 1821896
1848.5 1821648
1849.0 1821428
1849.5 1821016
1850.0 1820908
1850.5 1821032
1851.0 1820968
1851.5 1821252
1852.0 1821048
1852.5 1815120
1853.0 1815120
1853.5 1815088
1854.0 1815088
1854.5 1815088
1855.0 1815088
1855.5 1815088
1856.0 1815088
1856.5 1815088
1857.0 1815088
1857.5 1815088
1858.0 1815056
1858.5 1815056
1859.0 1815056
1859.5 1815120
1860.0 1815120
1860.5 1815120
1861.0 1815120
1861.5 1815120
1862.0 1815120
1862.6 1815120
1863.1 1815120
1863.6 1815088
1864.1 1815088
1864.6 1815088
1865.1 1815088
1865.6 1815088
1866.1 1815088
1866.6 1815088
1867.1 1815088
1867.6 1815120
1868.1 1815120
1868.6 1815120
1869.1 1815120
1869.6 1815120
1870.1 1815120
1870.6 1815120
1871.1 1815120
1871.6 1815120
1872.1 1815120
1872.6 1815088
1873.1 1815088
1873.6 1815088
1874.1 1815088
1874.6 1820172
1875.1 1821332
1875.6 1821316
1876.1 1821364
1876.6 1821096
1877.1 1821280
1877.6 1821368
1878.1 1821188
1878.6 1821160
1879.1 1821460
1879.6 1821396
1880.1 1821064
1880.6 1821268
1881.1 1821552
1881.6 1821316
1882.1 1821268
1882.6 1821300
1883.1 1821364
1883.6 1821236
1884.1 1821252
1884.6 1821360
1885.1 1820908
1885.6 1821220
1886.1 1821364
1886.6 1821080
1887.1 1821016
1887.6 1821096
1888.1 1821096
1888.6 1820884
1889.1 1820892
1889.6 1820456
1890.1 1820252
1890.6 1820680
1891.1 1821324
1891.6 1820928
1892.1 1820644
1892.6 1820772
1893.1 1820628
1893.6 1820868
1894.1 1821212
1894.6 1821044
1895.1 1821380
1895.6 1821456
1896.1 1822292
1896.6 1821488
1897.1 1821348
1897.6 1815060
1898.2 1815060
1898.7 1815060
1899.3 1815060
1899.8 1815028
1900.3 1815028
1900.8 1815028
1901.3 1815028
1901.8 1815028
1902.3 1815028
1902.8 1815028
1903.3 1815028
1903.8 1815092
1904.3 1815060
1904.8 1815060
1905.3 1815060
1905.8 1815060
1906.3 1815060
1906.8 1815060
1907.3 1815060
1907.8 1815060
1908.3 1815060
1908.8 1815028
1909.3 1815028
1909.8 1815028
1910.3 1815028
1910.8 1815060
1911.3 1815060
1911.8 1815060
1912.3 1815060
1912.8 1815060
1913.3 1815060
1913.8 1815028
1914.3 1815028
1914.8 1815028
1915.3 1815028
1915.8 1815028
1916.3 1815028
1916.8 1815028
1917.3 1815028
1918.0 1815028
1918.5 1815060
1919.0 1815060
1919.5 1815060
1920.0 1820992
1920.5 1821608
1921.0 1821300
1921.5 1821220
1922.0 1821240
1922.5 1820984
1923.0 1821252
1923.5 1821188
1924.0 1821300
1924.5 1821236
1925.0 1821080
1925.5 1820936
1926.0 1820968
1926.5 1821140
1927.0 1820904
1927.5 1820780
1928.0 1821108
1928.5 1821220
1929.0 1821236
1929.5 1820952
1930.0 1821252
1930.5 1820904
1931.0 1821236
1931.5 1822528
1932.0 1821828
1932.5 1820660
1933.0 1821332
1933.5 1821396
1934.0 1821396
1934.5 1821220
1935.0 1821540
1935.5 1821404
1936.0 1821308
1936.5 1821356
1937.0 1821308
1937.5 1820536
1938.0 1820868
1938.5 1820820
1939.0 1820788
1939.5 1820944
1940.0 1820920
1940.5 1820936
1941.0 1821080
1941.5 1821000
1942.0 1820952
1942.5 1815028
1943.0 1815028
1943.5 1815028
1944.0 1815028
1944.5 1815028
1945.0 1815060
1945.5 1815060
1946.0 1815060
1946.5 1815060
1947.0 1815028
1947.5 1815028
1948.0 1815028
1948.5 1815028
1949.0 1815028
1949.5 1815028
1950.0 1815028
1950.5 1815028
1951.0 1814996
1951.5 1814996
1952.0 1814996
1952.5 1814996
1953.0 1815060
1953.5 1815060
1954.0 1815060
1954.5 1815060
1955.0 1815060
1955.5 1815060
1956.0 1815028
1956.5 1815028
1957.0 1815028
1957.5 1815028
1958.0 1815028
1958.5 1815028
1959.0 1815028
1959.5 1815028
1960.0 1815092
1960.5 1815060
1961.0 1815060
1961.5 1815060
1962.0 1815060
1962.5 1815060
1963.0 1815060
1963.5 1815060
1964.0 1815060
1964.5 1815060
1965.0 1821112
1965.5 1821160
1966.0 1821160
1966.5 1820780
1967.0 1820448
1967.5 1820996
1968.0 1821688
1968.5 1822364
1969.0 1821592
1969.5 1821452
1970.0 1821592
1970.5 1821272
1971.0 1821828
1971.5 1821420
1972.0 1821072
1972.5 1821024
1973.0 1821104
1973.5 1820960
1974.0 1821260
1974.5 1821292
1975.0 1821056
1975.5 1821372
1976.0 1821324
1976.5 1821688
1977.0 1821672
1977.5 1821244
1978.0 1821384
1978.5 1820976
1979.0 1821340
1979.5 1821324
1980.0 1821164
1980.5 1821892
1981.0 1822504
1981.5 1821624
1982.0 1821464
1982.5 1821040
1983.0 1821072
1983.5 1821008
1984.0 1821436
1984.5 1821404
1985.0 1821276
1985.5 1821468
1986.0 1820944
1986.5 1821372
1987.0 1821324
1987.5 1815320
1988.0 1815320
1988.5 1815320
1989.0 1815288
1989.5 1815288
1990.0 1815288
1990.5 1815288
1991.0 1815288
1991.5 1815288
1992.0 1815288
1992.7 1815288
1993.2 1815288
1993.7 1815288
1994.2 1815320
1994.7 1815320
1995.2 1815320
1995.7 1815320
1996.2 1815320
1996.7 1815320
1997.2 1815320
1997.7 1815320
1998.2 1815288
1998.7 1815288
1999.2 1815288
1999.7 1815288
2000.2 1815288
2000.7 1815288
2001.2 1815288
2001.7 1815288
2002.2 1815320
2002.7 1815288
2003.2 1815288
2003.7 1815288
2004.2 1815288
2004.7 1815288
2005.2 1815288
2005.7 1815288
2006.2 1815288
2006.7 1815288
2007.2 1815288
2007.7 1815288
2008.2 1815256
2008.7 1815320
2009.2 1815320
2009.7 1822236
2010.2 1820984
2010.7 1821048
2011.2 1821188
2011.7 1821048
2012.2 1821428
2012.7 1821276
2013.2 1821608
2013.7 1821292
2014.2 1821228
2014.7 1821024
2015.2 1821244
2015.7 1821372
2016.2 1820896
2016.7 1821088
2017.2 1820896
2017.7 1820896
2018.2 1820928
2018.7 1820864
2019.2 1821068
2019.7 1820820
2020.2 1820976
2020.7 1820932
2021.2 1821592
2021.7 1821244
2022.2 1821244
2022.7 1820944
2023.2 1820960
2023.7 1821276
2024.2 1821056
2024.7 1821252
2025.2 1821428
2025.7 1821492
2026.2 1821000
2026.7 1821300
2027.2 1820984
2027.7 1821348
2028.2 1821112
2028.7 1821804
2029.2 1821300
2029.7 1821796
2030.2 1820720
2030.7 1820852
2031.2 1820948
2031.7 1820916
2032.2 1818296
2032.7 1814816
2033.2 1814816
2033.7 1814816
2034.2 1814816
2034.7 1814816
2035.2 1814784
2035.7 1814848
2036.2 1814848
2036.7 1814848
2037.3 1814848
2037.8 1814848
2038.3 1814848
2038.8 1814848
2039.3 1814848
2039.8 1814848
2040.3 1814816
2040.8 1814816
2041.3 1814816
2041.8 1814816
2042.3 1814816
2042.8 1814816
2043.3 1814848
2043.8 1814848
2044.4 1814816
2044.9 1814816
2045.4 1814816
2045.9 1814816
2046.4 1814816
2046.9 1814816
2047.4 1814816
2047.9 1814816
2048.4 1814816
2048.9 1814816
2049.4 1814784
2049.9 1814784
2050.4 1814848
2050.9 1814848
2051.4 1814848
2051.9 1814848
2052.4 1814848
2052.9 1814848
2053.4 1814848
2053.9 1814848
2054.4 1814816
2054.9 1820544
2055.4 1820576
2055.9 1820212
2056.4 1820544
2056.9 1820432
2057.4 1820668
2057.9 1820920
2058.4 1821584
2058.9 1821048
2059.4 1821236
2059.9 1820860
2060.4 1820660
2060.9 1821120
2061.4 1821228
2061.9 1821416
2062.4 1821560
2062.9 1821640
2063.4 1821720
2063.9 1821008
2064.4 1821000
2064.9 1821316
2065.4 1822040
2065.9 1821080
2066.4 1821268
2066.9 1821252
2067.4 1821772
2067.9 1820932
2068.4 1821704
2068.9 1821200
2069.4 1821356
2069.9 1821372
2070.4 1821252
2070.9 1821332
2071.4 1821204
2071.9 1821472
2072.4 1821188
2072.9 1821116
2073.4 1821440
2073.9 1821128
2074.4 1821064
2074.9 1820968
2075.4 1821236
2075.9 1821364
2076.4 1821316
2076.9 1821220
2077.4 1815200
2077.9 1815200
2078.4 1815200
2078.9 1815200
2079.4 1815200
2079.9 1815200
2080.4 1815232
2080.9 1815232
2081.4 1815200
2081.9 1815200
2082.4 1815200
2082.9 1815200
2083.4 1815200
2083.9 1815200
2084.4 1815200
2084.9 1815200
2085.4 1815200
2085.9 1815200
2086.4 1815168
2086.9 1815168
2087.4 1815168
2087.9 1815168
2088.4 1815232
2088.9 1815232
2089.4 1815232
2089.9 1815232
2090.4 1815232
2090.9 1815232
2091.4 1815200
2091.9 1815200
2092.4 1815200
2093.0 1815200
2093.5 1815200
2094.0 1815200
2094.5 1815200
2095.0 1815200
2095.5 1815232
2096.0 1815232
2096.5 1815232
2097.0 1815232
2097.5 1815232
2098.0 1815232
2098.5 1815232
2099.0 1815232
2099.5 1815232
2100.0 1821388
2100.5 1821132
2101.0 1821172
2101.5 1821268
2102.0 1821316
2102.5 1821488
2103.0 1821220
2103.5 1821440
2104.0 1821124
2104.5 1821188
2105.0 1820872
2105.5 1820856
2106.0 1821000
2106.5 1821092
2107.0 1821300
2107.5 1821316
2108.0 1821156
2108.5 1821348
2109.0 1821268
2109.5 1821332
2110.0 1821364
2110.5 1821160
2111.0 1821204
2111.5 1821332
2112.0 1821380
2112.5 1821064
2113.0 1820844
2113.5 1820780
2114.0 1820844
2114.5 1820796
2115.0 1821176
2115.5 1821536
2116.0 1821300
2116.5 1821316
2117.0 1821456
2117.5 1821364
2118.0 1821268
2118.5 1821048
2119.0 1821252
2119.5 1821016
2120.0 1821032
2120.5 1821428
2121.0 1821172
2121.5 1821252
2122.0 1821396
2122.5 1814940
2123.0 1814908
2123.5 1814908
2124.0 1814908
2124.5 1814972
2125.0 1814972
2125.5 1814972
2126.0 1814972
2126.5 1814972
2127.1 1814972
2127.6 1814940
2128.1 1814940
2128.6 1814940
2129.1 1814940
2129.6 1814940
2130.1 1814940
2130.6 1814940
2131.1 1814940
2131.6 1815004
2132.1 1815004
2132.6 1814972
2133.1 1814972
2133.6 1814972
2134.1 1814972
2134.6 1814972
2135.1 1814972
2135.6 1814972
2136.1 1814972
2136.6 1814972
2137.1 1814972
2137.6 1814940
2138.1 1814940
2138.6 1814940
2139.1 1814940
2139.6 1814972
2140.1 1814972
2140.6 1814972
2141.1 1814972
2141.6 1814940
2142.1 1814940
2142.6 1814940
2143.1 1814940
2143.6 1814940
2144.1 1814940
2144.6 1814940
2145.1 1820292
2145.6 1820544
2146.1 1820448
2146.6 1820764
2147.1 1821048
2147.6 1820544
2148.1 1821112
2148.6 1820856
2149.1 1821080
2149.6 1820636
2150.1 1820772
2150.6 1821428
2151.1 1821252
2151.6 1821172
2152.1 1821364
2152.6 1821300
2153.1 1821380
2153.6 1821600
2154.1 1821520
2154.6 1821348
2155.1 1820888
2155.6 1820464
2156.1 1820464
2156.6 1820452
2157.1 1821252
2157.6 1821128
2158.1 1820952
2158.6 1820952
2159.1 1821396
2159.6 1821444
2160.1 1821040
2160.6 1821340
2161.1 1821372
2161.6 1821356
2162.1 1821024
2162.6 1821212
2163.1 1821260
2163.6 1821624
2164.1 1820944
2164.6 1821104
2165.1 1820852
2165.6 1820804
2166.1 1820612
2166.6 1820772
2167.1 1820584
2167.6 1814768
2168.1 1814768
2168.6 1814736
2169.1 1814736
2169.6 1814736
2170.1 1814736
2170.6 1814736
2171.1 1814768
2171.6 1814768
2172.1 1814768
2172.6 1814768
2173.1 1814736
2173.6 1814736
2174.1 1814736
2174.6 1814736
2175.1 1814736
2175.6 1814736
2176.1 1814736
2176.6 1814736
2177.1 1814736
2177.6 1814736
2178.2 1814736
2178.7 1814768
2179.2 1814768
2179.7 1814768
2180.2 1814768
2180.7 1814768
2181.2 1814768
2181.7 1814768
2182.2 1814768
2182.7 1814736
2183.2 1814736
2183.7 1814736
2184.2 1814736
2184.7 1814736
2185.2 1814736
2185.7 1814768
2186.2 1814768
2186.7 1814768
2187.2 1814768
2187.7 1814736
2188.2 1814736
2188.7 1814736
2189.2 1814736
2189.7 1821904
2190.2 1820496
2190.7 1820512
2191.2 1820592
2191.7 1820308
2192.2 1820976
2192.7 1820708
2193.2 1821052
2193.7 1821368
2194.2 1821292
2194.7 1820884
2195.2 1821048
2195.7 1821032
2196.2 1820984
2196.7 1820764
2197.2 1820684
2197.7 1821284
2198.2 1821252
2198.7 1820888
2199.2 1820764
2199.7 1820376
2200.2 1820276
2200.7 1821016
2201.2 1821804
2201.7 1821192
2202.2 1821048
2202.7 1820828
2203.2 1820920
2203.7 1820844
2204.2 1821048
2204.7 1821220
2205.2 1821188
2205.7 1821188
2206.2 1821124
2206.7 1821300
2207.2 1821188
2207.7 1821000
2208.2 1820872
2208.7 1820968
2209.2 1820936
2209.7 1820776
2210.2 1820620
2210.7 1820416
2211.2 1820652
2211.7 1820588
2212.2 1817164
2212.7 1814892
2213.2 1814892
2213.7 1814892
2214.2 1814892
2214.7 1814892
2215.2 1814892
2215.7 1814892
2216.2 1814892
2216.7 1814892
2217.2 1814892
2217.7 1814860
2218.2 1814860
2218.7 1814860
2219.2 1814860
2219.7 1814892
2220.2 1814892
2220.8 1814892
2221.3 1814892
2221.8 1814860
2222.3 1814860
2222.8 1814860
2223.3 1814860
2223.8 1814860
2224.3 1814860
2224.8 1814860
2225.3 1814860
2225.8 1814860
2226.3 1814860
2226.8 1814828
2227.3 1814892
2227.8 1814892
2228.3 1814892
2228.8 1814892
2229.3 1814892
2229.9 1814892
2230.4 1814892
2230.9 1814892
2231.4 1814892
2231.9 1814860
2232.4 1814860
2232.9 1814860
2233.4 1814860
2233.9 1814860
2234.4 1814860
2234.9 1820968
2235.4 1821000
2235.9 1820908
2236.4 1820832
2236.9 1820392
2237.4 1820944
2237.9 1821404
2238.4 1821688
2238.9 1821720
2239.4 1821136
2239.9 1821236
2240.4 1821616
2240.9 1821144
2241.4 1821112
2241.9 1821080
2242.4 1820936
2242.9 1821316
2243.4 1820576
2243.9 1820528
2244.4 1820936
2244.9 1821016
2245.4 1821236
2245.9 1821268
2246.4 1821488
2246.9 1821584
2247.4 1821316
2247.9 1821364
2248.4 1821300
2248.9 1821348
2249.4 1821236
2249.9 1821748
2250.4 1821340
2250.9 1821432
2251.4 1821308
2251.9 1821308
2252.4 1820848
2252.9 1821216
2253.4 1821608
2253.9 1821640
2254.4 1821292
2254.9 1821228
2255.4 1821560
2255.9 1821356
2256.4 1821404
2256.9 1821212
2257.4 1815448
2257.9 1815448
2258.4 1815448
2258.9 1815448
2259.4 1815448
2259.9 1815416
2260.4 1815416
2260.9 1815412
2261.4 1815412
2261.9 1815444
2262.4 1815444
2262.9 1815444
2263.4 1815444
2263.9 1815412
2264.4 1815412
2264.9 1815412
2265.4 1815412
2265.9 1815412
2266.4 1815412
2266.9 1815412
2267.4 1815412
2267.9 1815412
2268.4 1815412
2269.0 1815444
2269.5 1815444
2270.0 1815444
2270.5 1815444
2271.0 1815444
2271.5 1815444
2272.0 1815444
2272.5 1815444
2273.0 1815444
2273.5 1815444
2274.0 1815412
2274.5 1815412
2275.0 1815412
2275.5 1815412
2276.0 1815444
2276.5 1815444
2277.0 1815444
2277.5 1815444
2278.0 1815412
2278.5 1815412
2279.0 1815412
2279.5 1815412
2280.0 1820948
2280.5 1821440
2281.0 1821392
2281.5 1821532
2282.0 1820996
2282.5 1820808
2283.0 1820744
2283.5 1820996
2284.0 1820964
2284.5 1820980
2285.0 1821056
2285.5 1821528
2286.0 1821276
2286.5 1821560
2287.0 1821024
2287.5 1820584
2288.0 1820504
2288.5 1820552
2289.0 1820708
2289.5 1820788
2290.0 1821036
2290.5 1821100
2291.0 1821116
2291.5 1820564
2292.0 1821164
2292.5 1820596
2293.0 1820704
2293.5 1821060
2294.0 1821256
2294.5 1821192
2295.0 1821488
2295.5 1821032
2296.0 1821144
2296.5 1820968
2297.0 1821568
2297.5 1820856
2298.0 1821000
2298.5 1820888
2299.0 1820716
2299.5 1820700
2300.0 1820648
2300.5 1820760
2301.0 1820616
2301.5 1820584
2302.0 1820744
2302.5 1814844
2303.0 1814844
2303.5 1814844
2304.0 1814844
2304.5 1814844
2305.0 1814840
2305.5 1814840
2306.0 1814808
2306.6 1814808
2307.1 1814872
2307.6 1814872
2308.1 1814872
2308.6 1814872
2309.1 1814872
2309.6 1814872
2310.1 1814872
2310.6 1814872
2311.1 1814840
2311.6 1814840
2312.1 1814840
2312.6 1814840
2313.1 1814840
2313.6 1814840
2314.1 1814840
2314.6 1814840
2315.1 1814872
2315.6 1814840
2316.1 1814840
2316.6 1814840
2317.1 1814840
2317.6 1814840
2318.1 1814840
2318.6 1814840
2319.1 1814840
2319.6 1814840
2320.1 1814808
2320.6 1814808
2321.1 1814808
2321.6 1814808
2322.1 1814872
2322.6 1814872
2323.1 1814872
2323.6 1814872
2324.1 1814872
2324.6 1817576
2325.1 1821332
2325.6 1821412
2326.1 1821676
2326.6 1820936
2327.1 1821172
2327.6 1821188
2328.1 1821460
2328.6 1820968
2329.1 1821300
2329.6 1821136
2330.1 1821028
2330.6 1821200
2331.1 1821456
2331.6 1821184
2332.1 1821280
2332.6 1821200
2333.1 1821248
2333.6 1821328
2334.1 1821360
2334.6 1820952
2335.1 1821172
2335.6 1821252
2336.1 1821444
2336.6 1821312
2337.1 1820984
2337.6 1821072
2338.1 1821244
2338.6 1821356
2339.1 1821212
2339.6 1820924
2340.1 1821240
2340.6 1821348
2341.1 1820964
2341.6 1820932
2342.1 1821140
2342.6 1820948
2343.1 1821028
2343.6 1821152
2344.1 1820900
2344.6 1820964
2345.1 1821016
2345.6 1821112
2346.1 1821064
2346.6 1821504
2347.1 1821016
2347.6 1814980
2348.1 1814980
2348.6 1814980
2349.1 1814948
2349.6 1815012
2350.1 1815008
2350.6 1815008
2351.1 1815008
2351.6 1815008
2352.1 1815008
2352.6 1815008
2353.1 1814976
2353.6 1814976
2354.1 1814976
2354.6 1814976
2355.1 1814976
2355.6 1814976
2356.1 1814976
2356.6 1814976
2357.1 1814976
2357.6 1815008
2358.1 1814976
2358.6 1814976
2359.1 1814976
2359.6 1814976
2360.1 1814976
2360.6 1814976
2361.1 1814976
2361.6 1814976
2362.1 1814976
2362.6 1814976
2363.1 1814944
2363.6 1814944
2364.1 1815008
2364.7 1815008
2365.2 1815008
2365.7 1815008
2366.2 1815008
2366.7 1815008
2367.2 1815008
2367.7 1814976
2368.2 1814976
2368.7 1814976
2369.2 1814976
2369.7 1820768
2370.2 1820656
2370.7 1820624
2371.2 1820768
2371.7 1820768
2372.2 1821320
2372.7 1820800
2373.2 1820656
2373.7 1820956
2374.2 1820988
2374.7 1821044
2375.2 1821108
2375.7 1821204
2376.2 1820952
2376.7 1820936
2377.2 1821220
2377.7 1821388
2378.2 1821896
2378.7 1821204
2379.2 1821236
2379.7 1821564
2380.2 1821612
2380.7 1821120
2381.2 1820964
2381.7 1820916
2382.2 1820932
2382.7 1821200
2383.2 1820996
2383.7 1821372
2384.2 1821200
2384.7 1821040
2385.2 1821308
2385.7 1821452
2386.2 1821008
2386.7 1821024
2387.2 1820944
2387.7 1821180
2388.2 1821196
2388.7 1821228
2389.2 1821244
2389.7 1821064
2390.2 1820972
2390.7 1820688
2391.2 1820544
2391.7 1821116
2392.2 1819996
2392.7 1815060
2393.2 1815060
2393.7 1815060
2394.2 1815060
2394.7 1815060
2395.2 1815056
2395.7 1815056
2396.2 1815088
2396.7 1815088
2397.2 1815088
2397.7 1815088
2398.2 1815088
2398.7 1815088
2399.2 1815088
2399.7 1815088
2400.2 1815056
2400.7 1815056
2401.2 1815056
2401.7 1815056
2402.2 1815056
2402.7 1815056
2403.2 1815056
2403.7 1815088
2404.2 1815088
2404.7 1815088
2405.2 1815056
2405.7 1815056
2406.2 1815056
2406.7 1815056
2407.2 1815056
2407.7 1815056
2408.2 1815056
2408.7 1815056
2409.2 1815056
2409.7 1815056
2410.2 1815056
2410.7 1815088
2411.3 1815088
2411.8 1815088
2412.3 1815088
2412.8 1815088
2413.3 1815088
2413.8 1815088
2414.3 1815056
2414.8 1820976
2415.3 1821124
2415.8 1820888
2416.3 1821236
2416.8 1821076
2417.3 1821284
2417.8 1821108
2418.3 1821172
2418.8 1821220
2419.3 1821172
2419.8 1820956
2420.3 1821476
2420.8 1821152
2421.3 1821232
2421.8 1821120
2422.3 1821072
2422.8 1820788
2423.3 1820916
2423.8 1820900
2424.3 1821216
2424.8 1820912
2425.3 1821164
2425.8 1821576
2426.3 1821228
2426.8 1821700
2427.3 1821308
2427.8 1821120
2428.3 1821204
2428.8 1821360
2429.3 1821412
2429.8 1821280
2430.3 1821136
2430.8 1821024
2431.3 1821248
2431.8 1820852
2432.3 1821120
2432.8 1821248
2433.3 1822712
2433.8 1821964
2434.3 1821052
2434.8 1820856
2435.3 1821172
2435.8 1821284
2436.3 1821124
2436.8 1820792
2437.3 1815192
2437.8 1815160
2438.3 1815160
2438.8 1815160
2439.3 1815160
2439.8 1815160
2440.4 1815188
2440.9 1815188
2441.4 1815188
2441.9 1815188
2442.4 1815188
2442.9 1815156
2443.4 1815156
2443.9 1815156
2444.4 1815156
2444.9 1815156
2445.4 1815156
2445.9 1815156
2446.4 1815156
2446.9 1815156
2447.4 1815188
2447.9 1815188
2448.4 1815188
2448.9 1815188
2449.4 1815188
2449.9 1815188
2450.4 1815188
2450.9 1815188
2451.4 1815188
2451.9 1815188
2452.4 1815156
2453.0 1815156
2453.5 1815156
2454.0 1815156
2454.5 1815156
2455.0 1815188
2455.6 1815188
2456.1 1815188
2456.6 1815156
2457.1 1815156
2457.6 1815156
2458.2 1815156
2458.7 1815156
2459.2 1815156
2459.7 1815156
2460.2 1821248
2460.7 1821184
2461.2 1821420
2461.7 1821232
2462.2 1820996
2462.7 1821120
2463.2 1820808
2463.7 1820632
2464.2 1820520
2464.7 1820920
2465.2 1820764
2465.7 1820336
2466.2 1821512
2466.7 1821148
2467.2 1821148
2467.7 1821260
2468.2 1821292
2468.7 1821104
2469.2 1821260
2469.7 1821312
2470.2 1821948
2470.7 1821224
2471.2 1821240
2471.7 1821540
2472.2 1821448
2472.7 1821448
2473.2 1821208
2473.7 1821208
2474.2 1821348
2474.7 1820988
2475.2 1821632
2475.7 1822032
2476.2 1821820
2476.7 1821048
2477.2 1820984
2477.7 1820936
2478.2 1821172
2478.7 1821632
2479.2 1821376
2479.7 1821284
2480.2 1821060
2480.7 1821248
2481.2 1821184
2481.7 1820980
2482.2 1821548
2482.7 1815012
2483.2 1814980
2483.7 1814980
2484.2 1814980
2485.0 1814980
2485.5 1814976
2486.1 1814976
2486.6 1815008
2487.5 1815008
2488.0 1815008
2488.5 1814976
2489.0 1814976
2489.5 1814976
2490.0 1814976
2490.5 1814976
2491.0 1814976
2491.5 1814976
2492.0 1814976
2492.5 1814976
2493.3 1814976
2493.8 1814944
2494.3 1814944
2495.3 1815008
2497.3 1815008
2497.8 1815008
2500.1 1815008
2501.1 1815008
2502.0 1815008
2504.0 1814976
2504.5 1814976
2505.0 1821496
2505.5 1821260
2506.0 1821036
2506.5 1821180
2507.0 1821244
2507.5 1820864
2508.0 1820456
2508.5 1820264
2509.0 1820676
2509.5 1820564
2510.0 1821476
2510.5 1821080
2511.0 1821224
2511.5 1821288
2512.0 1821192
2512.5 1821176
2513.0 1820748
2513.5 1821428
2514.0 1820936
2514.5 1821144
2515.0 1821252
2515.5 1821188
2516.0 1821264
2516.5 1821156
2517.0 1821348
2517.5 1821392
2518.0 1820856
2518.5 1820888
2519.0 1821108
2519.5 1821332
2520.0 1820932
2520.5 1820868
2521.0 1820916
2521.5 1821092
2522.0 1820932
2522.5 1821120
2523.0 1821580
2523.5 1821104
2524.0 1820948
2524.5 1820856
2525.0 1820836
2525.5 1820676
2526.0 1820580
2526.5 1820692
2527.0 1820344
2527.5 1814340
2528.2 1814404
2528.7 1814404
2529.4 1814404
2529.9 1814404
2531.1 1814400
2533.0 1814400
2533.5 1814400
2535.6 1814368
2537.1 1814368
2537.6 1814368
2538.1 1814368
2538.6 1814368
2539.1 1814368
2540.8 1814432
2541.3 1814432
2542.9 1814400
2543.4 1814400
2548.9 1814400
2549.5 1814400
2550.0 1820388
2550.5 1820148
2551.0 1820372
2551.5 1820404
2552.0 1820720
2552.5 1820624
2553.0 1820560
2553.5 1820608
2554.0 1820528
2554.5 1820860
2555.0 1820688
2555.5 1820528
2556.0 1820656
2556.5 1820736
2557.0 1820560
2557.5 1820576
2558.0 1820672
2558.5 1820512
2559.0 1820640
2559.5 1820920
2560.0 1821152
2560.5 1821292
2561.0 1821604
2561.5 1821112
2562.0 1821256
2562.5 1821652
2563.0 1821412
2563.5 1821556
2564.0 1821112
2564.5 1821364
2565.0 1821428
2565.5 1821224
2566.0 1821080
2566.5 1820908
2567.0 1821348
2567.5 1821300
2568.0 1821144
2568.5 1821064
2569.0 1821144
2569.5 1821128
2570.0 1821664
2570.5 1822028
2571.0 1821444
2571.5 1821112
2572.0 1821380
2572.5 1814952
2573.5 1814952
2574.0 1814952
2574.6 1814952
2575.1 1814952
2576.1 1814952
2576.6 1814952
2579.1 1814920
2579.6 1814920
2580.1 1814920
2580.6 1814920
2581.1 1814952
2581.6 1814952
2582.3 1814952
2584.5 1814920
2585.0 1814920
2587.3 1814920
2587.8 1814920
2588.3 1814920
2590.4 1814920
2592.4 1814920
2592.9 1814920
2593.4 1814920
2593.9 1814888
2594.4 1814952
2594.9 1815204
2595.4 1821364
2595.9 1821176
2596.4 1821160
2596.9 1820860
2597.4 1821240
2597.9 1821004
2598.4 1820844
2598.9 1820876
2599.4 1821160
2599.9 1820972
2600.4 1820876
2600.9 1821004
2601.4 1821532
2601.9 1821616
2602.4 1821196
2602.9 1821260
2603.4 1821240
2603.9 1821476
2604.4 1821112
2604.9 1821112
2605.4 1821500
2605.9 1821168
2606.4 1821040
2606.9 1821332
2607.4 1820644
2607.9 1820680
2608.4 1820964
2608.9 1820964
2609.4 1821200
2609.9 1821548
2610.4 1821120
2610.9 1820916
2611.4 1820380
2611.9 1820176
2612.4 1820568
2612.9 1820900
2613.4 1820788
2613.9 1820712
2614.4 1820568
2614.9 1820568
2615.4 1820916
2615.9 1821200
2616.4 1821168
2616.9 1821468
2617.4 1821356
2617.9 1815360
2618.4 1815360
2618.9 1815360
2620.7 1815360
2621.5 1815360
2622.0 1815360
2622.8 1815392
2625.9 1815392
2627.7 1815392
2629.7 1815392
2631.4 1815392
2631.9 1815392
2633.1 1815392
2633.6 1815392
2634.1 1815360
2634.6 1815360
2636.4 1815360
2638.3 1815360
2639.2 1815392
2639.7 1815392
2640.2 1821184
2640.7 1821564
2641.2 1821324
2641.7 1821200
2642.2 1821340
2642.7 1821204
2643.2 1821420
2643.7 1821544
2644.2 1821152
2644.7 1820648
2645.2 1820476
2645.7 1820520
2646.2 1820664
2646.7 1821216
2647.2 1821184
2647.7 1821136
2648.2 1821388
2648.7 1820964
2649.2 1820552
2649.7 1820616
2650.2 1820500
2650.7 1820576
2651.2 1821144
2651.7 1820924
2652.2 1820636
2652.7 1820956
2653.2 1821128
2653.7 1821176
2654.2 1821288
2654.7 1821272
2655.2 1821304
2655.7 1821476
2656.2 1821288
2656.7 1821144
2657.2 1821144
2657.7 1821476
2658.2 1821112
2658.7 1821364
2659.2 1821288
2659.7 1821332
2660.2 1821192
2660.7 1821344
2661.2 1820828
2661.7 1821208
2662.2 1821192
2662.7 1814892
2663.2 1814892
2663.7 1814892
2664.2 1814860
2664.7 1814860
2665.2 1814860
2665.7 1814860
2666.2 1814924
2666.7 1814924
2668.0 1814924
2669.2 1814924
2669.7 1814924
2670.2 1814892
2671.3 1814892
2671.8 1814892
2672.8 1814892
2674.8 1814892
2675.3 1814892
2676.0 1814892
2677.8 1814956
2678.5 1814924
2679.0 1814924
2679.5 1814924
2680.3 1814924
2681.1 1814924
2682.4 1814924
2684.4 1814924
2684.9 1821216
2685.4 1821232
2685.9 1821296
2686.4 1821972
2686.9 1821436
2687.4 1821168
2687.9 1821280
2688.4 1821064
2688.9 1821412
2689.4 1820924
2689.9 1821112
2690.4 1821460
2690.9 1821192
2691.4 1821208
2691.9 1821540
2692.4 1821572
2692.9 1822012
2693.4 1821988
2693.9 1821544
2694.4 1821088
2694.9 1821280
2695.4 1821136
2695.9 1821720
2696.4 1821452
2696.9 1821516
2697.4 1821200
2697.9 1821152
2698.4 1821216
2698.9 1821232
2699.4 1820836
2699.9 1821516
2700.4 1821452
2700.9 1821436
2701.4 1821248
2701.9 1821184
2702.4 1821232
2702.9 1821516
2703.4 1821376
2703.9 1820788
2704.4 1821248
2704.9 1821032
2705.4 1820868
2705.9 1820964
2706.4 1820788
2706.9 1820428
2707.4 1815244
2707.9 1815212
2709.1 1815212
2709.8 1815212
2712.9 1815212
2714.7 1815244
2715.2 1815244
2720.3 1815244
2720.9 1815212
2721.4 1815212
2722.3 1815212
2723.6 1815212
2724.1 1815212
2724.8 1815212
2726.4 1815212
2727.3 1815212
2727.8 1815212
2729.6 1817136
2730.1 1821160
2730.6 1821160
2731.1 1820968
2731.6 1821016
2732.1 1821128
2732.6 1821040
2733.1 1821340
2733.6 1821040
2734.1 1821024
2734.6 1820772
2735.1 1821056
2735.6 1820804
2736.1 1821264
2736.6 1821264
2737.1 1821120
2737.6 1821184
2738.1 1820744
2738.6 1820584
2739.1 1821404
2739.6 1820552
2740.1 1820912
2740.6 1821436
2741.1 1821452
2741.6 1821184
2742.1 1821104
2742.6 1821104
2743.1 1821088
2743.6 1821036
2744.1 1821272
2744.6 1821004
2745.1 1821224
2745.6 1821004
2746.1 1821256
2746.6 1821460
2747.1 1821176
2747.6 1821412
2748.1 1821476
2748.6 1820388
2749.1 1821100
2749.6 1821080
2750.1 1820932
2750.6 1820932
2751.1 1821296
2751.6 1821592
2752.1 1821468
2752.6 1815380
2753.8 1815348
2754.3 1815348
2754.9 1815348
2755.4 1815348
2755.9 1815348
2756.4 1815348
2756.9 1815380
2757.4 1815380
2758.4 1815380
2758.9 1815348
2759.4 1815348
2760.1 1815348
2761.5 1815348
2762.0 1815348
2762.5 1815348
2763.0 1815348
2763.5 1815348
2765.6 1815348
2767.7 1815316
2768.2 1815380
2768.7 1815380
2770.6 1815380
2771.6 1815380
2773.5 1815380
2774.0 1815380
2774.5 1815380
2775.0 1815380
2775.5 1821088
2776.0 1821200
2776.5 1820960
2777.0 1821356
2777.5 1821428
2778.0 1821160
2778.5 1821228
2779.0 1821064
2779.5 1821112
2780.0 1821208
2780.5 1821016
2781.0 1821192
2781.5 1821268
2782.0 1821208
2782.5 1820844
2783.0 1821272
2783.5 1821000
2784.0 1821908
2784.5 1820992
2785.0 1820884
2785.5 1821160
2786.0 1821208
2786.5 1820860
2787.0 1821052
2787.5 1821476
2788.0 1821224
2788.5 1821380
2789.0 1821256
2789.5 1820576
2790.0 1820828
2790.5 1820508
2791.0 1820720
2791.5 1821052
2792.0 1821112
2792.5 1820892
2793.0 1821096
2793.5 1820672
2794.0 1820736
2794.5 1820704
2795.0 1820608
2795.5 1820812
2796.0 1821160
2796.5 1821208
2797.0 1821128
2797.5 1821572
2798.0 1815124
2798.5 1815092
2801.5 1815156
2803.1 1815156
2805.1 1815156
2805.6 1815156
2806.6 1815156
2808.6 1815156
2809.4 1815124
2809.9 1815124
2810.6 1815124
2811.3 1815124
2811.9 1815124
2813.2 1815124
2814.4 1815124
2815.3 1815156
2816.1 1815156
2816.7 1815156
2817.4 1815124
2817.9 1815124
2818.4 1815124
2819.4 1815124
2819.9 1821128
2820.4 1821160
2820.9 1821192
2821.4 1821160
2821.9 1820860
2822.4 1821116
2822.9 1820688
2823.4 1820852
2823.9 1820756
2824.4 1820820
2824.9 1820940
2825.4 1820800
2825.9 1820484
2826.4 1820688
2826.9 1820892
2827.4 1820972
2827.9 1821144
2828.4 1821176
2828.9 1821332
2829.4 1821396
2829.9 1821664
2830.4 1821220
2830.9 1821144
2831.4 1821396
2831.9 1821524
2832.4 1821144
2832.9 1821128
2833.4 1821256
2833.9 1821792
2834.4 1821224
2834.9 1820892
2835.4 1820972
2835.9 1821020
2836.4 1820956
2836.9 1821192
2837.4 1821004
2837.9 1820704
2838.4 1820644
2838.9 1820688
2839.4 1820280
2839.9 1820396
2840.4 1820016
2840.9 1820444
2841.4 1820616
2841.9 1820616
2842.4 1820964
2844.4 1815308
2846.2 1815308
2847.0 1815308
2847.5 1815276
2848.7 1815276
2849.5 1815340
2850.8 1815340
2852.4 1815340
2853.2 1815340
2854.4 1815340
2855.0 1815340
2856.3 1815340
2857.8 1815308
2859.7 1815308
2861.1 1815308
2862.0 1815308
2862.5 1815308
2863.6 1815308
2864.5 1815340
2865.0 1821176
2865.5 1821096
2866.0 1821752
2866.5 1821484
2867.0 1821436
2867.5 1821088
2868.0 1821184
2868.5 1821328
2869.0 1821312
2869.5 1821232
2870.0 1821112
2870.5 1821828
2871.0 1821044
2871.5 1820788
2872.0 1821280
2872.5 1821436
2873.0 1821264
2873.5 1821264
2874.0 1821656
2874.5 1821200
2875.0 1821508
2875.5 1821096
2876.0 1821524
2876.5 1821648
2877.0 1821144
2877.5 1820988
2878.0 1820812
2878.5 1820876
2879.0 1820704
2879.5 1820544
2880.0 1820752
2880.5 1820592
2881.0 1820464
2881.5 1820544
2882.0 1820892
2882.5 1821332
2883.0 1821316
2883.5 1821032
2884.0 1820812
2884.5 1820984
2885.0 1820984
2885.5 1820716
2886.0 1821316
2886.5 1821396
2887.0 1821176
2887.5 1817496
2888.3 1815092
2890.8 1815156
2891.3 1815156
2891.8 1815156
2892.9 1815156
2894.0 1815156
2894.7 1815156
2896.4 1815124
2899.1 1815124
2899.7 1815124
2900.5 1815124
2902.5 1815124
2905.0 1815124
2906.7 1815124
2907.3 1815156
2909.3 1815156
2909.8 1819720
2910.3 1821104
2910.8 1821404
2911.3 1821216
2911.8 1820964
2912.3 1821168
2912.8 1820868
2913.3 1820900
2913.8 1821136
2914.3 1821436
2914.8 1821104
2915.3 1821136
2915.8 1821152
2916.3 1821548
2916.8 1821308
2917.3 1821088
2917.8 1821216
2918.3 1820712
2918.8 1821040
2919.3 1821180
2919.8 1821344
2920.3 1820844
2920.8 1820956
2921.3 1820672
2921.8 1821112
2922.3 1821460
2922.8 1821524
2923.3 1821348
2923.8 1821332
2924.3 1820908
2924.8 1821040
2925.3 1821796
2925.8 1821448
2926.3 1821636
2926.8 1821308
2927.3 1821232
2927.8 1820916
2928.3 1821184
2928.8 1820900
2929.3 1820884
2929.8 1820448
2930.3 1820448
2930.8 1820812
2931.3 1821144
2931.8 1820704
2932.3 1820752
2932.8 1814612
2933.3 1814612
2935.0 1814612
2936.6 1814612
2937.2 1814612
2937.7 1814580
2938.5 1814580
2939.0 1814580
2940.5 1814580
2941.6 1814580
2942.5 1814580
2943.7 1814580
2945.4 1814644
2946.1 1814612
2946.6 1814612
2947.3 1814612
2948.9 1814612
2949.6 1814612
2950.4 1814612
2951.5 1814612
2952.5 1814612
2953.3 1814612
2954.5 1814580
2955.0 1821004
2955.5 1821256
2956.0 1821408
2956.5 1821032
2957.0 1821032
2957.5 1821048
2958.0 1821048
2958.5 1821428
2959.0 1821016
2959.5 1821224
2960.0 1821348
2960.5 1820796
2961.0 1820908
2961.5 1820672
2962.0 1820892
2962.5 1821032
2963.0 1821084
2963.5 1821264
2964.0 1821244
2964.5 1821704
2965.0 1821328
2965.5 1821072
2966.0 1820980
2966.5 1821136
2967.0 1821640
2967.5 1821308
2968.0 1821136
2968.5 1821452
2969.0 1821152
2969.5 1821340
2970.0 1821120
2970.5 1821136
2971.0 1821216
2971.5 1821104
2972.0 1821168
2972.5 1821184
2973.0 1821200
2973.5 1821056
2974.0 1821244
2974.5 1821420
2975.0 1821500
2975.5 1821420
2976.0 1821564
2976.5 1821168
2977.0 1821256
2977.5 1815140
2978.2 1815108
2979.9 1815108
2980.8 1815108
2983.1 1815108
2983.9 1815108
2984.9 1815108
2985.9 1815108
2986.4 1815108
2987.5 1815076
2988.5 1815076
2989.5 1815140
2990.1 1815140
2991.0 1815140
2993.1 1815140
2993.8 1815140
2994.5 1815140
2996.1 1815140
2996.6 1815108
2998.7 1815108
2999.3 1815108
2999.8 1821560
3000.3 1821360
