1.8 1872904
2.5 1872904
3.0 1872904
4.6 1872904
5.3 1872904
7.1 1872872
7.6 1872872
8.7 1872936
9.4 1872936
10.8 1872936
11.8 1872936
12.5 1872936
14.1 1872936
16.1 1872904
18.2 1872904
19.9 1872904
22.0 1872904
22.5 1872904
23.0 1872904
23.7 1872904
26.2 1872904
26.8 1872904
29.3 1872904
29.8 1880008
30.3 1880264
30.8 1881400
31.3 1881404
31.8 1881856
32.3 1881668
32.8 1881240
33.3 1881712
33.8 1881776
34.3 1881900
34.8 1882288
35.3 1882304
35.8 1883044
36.3 1882980
36.8 1883468
37.3 1884248
37.8 1884248
38.3 1884532
38.8 1885004
39.3 1884436
39.8 1884900
40.3 1885092
40.8 1885392
41.3 1885264
41.8 1884500
42.3 1884060
42.8 1884076
43.3 1884216
43.8 1884452
44.3 1884612
44.8 1884556
45.3 1884380
45.8 1884664
46.3 1885044
46.8 1885232
47.3 1864096
47.8 1864196
48.3 1864572
48.8 1864588
49.3 1864920
49.8 1864944
50.3 1858920
51.5 1858920
52.7 1858984
53.2 1858952
53.7 1858952
55.4 1858952
56.1 1858944
56.7 1858944
57.2 1858944
59.0 1858944
59.5 1858944
60.4 1858944
61.6 1858912
62.1 1858912
62.6 1858912
63.9 1858912
65.0 1858944
65.5 1858944
66.0 1858936
66.5 1858936
67.5 1858904
68.0 1858904
68.7 1858904
69.2 1858904
70.8 1858904
71.6 1858904
72.5 1858904
73.1 1858904
73.6 1858904
74.1 1858872
74.6 1858936
75.1 1865100
75.6 1865684
76.1 1865556
76.6 1865840
77.1 1865800
77.6 1865832
78.1 1866384
78.6 1866256
79.1 1866896
79.6 1867052
80.1 1867776
80.6 1867864
81.1 1868132
81.6 1868888
82.1 1868812
82.6 1869012
83.1 1869216
83.6 1869800
84.1 1869880
84.6 1870212
85.1 1869980
85.6 1870312
86.1 1870484
86.6 1871004
87.1 1871272
87.6 1871256
88.1 1871576
88.6 1871936
89.1 1872188
89.6 1872508
90.1 1872960
90.6 1873100
91.1 1873636
91.6 1873432
92.1 1873936
92.6 1873700
93.1 1874172
93.6 1874392
94.1 1874424
95.8 1868592
96.3 1868592
96.8 1868592
97.9 1868592
98.4 1868624
99.1 1868624
99.6 1868624
100.2 1868624
100.7 1868624
101.7 1868624
102.2 1868624
102.7 1868624
103.2 1868624
103.7 1868624
104.5 1868592
105.2 1868592
106.9 1868592
107.4 1868592
109.0 1868624
109.5 1868624
110.0 1868624
110.5 1868624
112.5 1868584
113.0 1868584
114.2 1868584
114.7 1868584
115.2 1868584
116.0 1868584
116.5 1868584
117.0 1868584
117.9 1868552
118.4 1868552
119.5 1868616
120.0 1874952
120.5 1875092
121.0 1875580
121.5 1875500
122.0 1875264
122.5 1875880
123.0 1875768
123.5 1876272
124.0 1876952
124.5 1877204
125.0 1877336
125.5 1877588
126.0 1877968
126.5 1877920
127.0 1877840
127.5 1878000
128.0 1877840
128.5 1878520
129.0 1878620
129.5 1878936
130.0 1879040
130.5 1879304
131.0 1879604
131.5 1880284
132.0 1880296
132.5 1881032
133.0 1880920
133.5 1881392
134.0 1881676
134.5 1881912
135.0 1882140
135.5 1882344
136.0 1882376
136.5 1882864
137.0 1883368
137.5 1883700
138.0 1883620
138.5 1884048
139.0 1884204
141.1 1878264
143.0 1878264
144.6 1878264
145.1 1878264
145.6 1878264
146.3 1878232
149.1 1878232
149.6 1878232
151.3 1878232
151.8 1878232
152.5 1878232
153.0 1878296
153.5 1878264
154.0 1878264
155.5 1878264
156.0 1878264
156.5 1878264
158.4 1878256
158.9 1878256
159.4 1878256
159.9 1878256
160.4 1878224
160.9 1878224
162.9 1878224
163.4 1878224
163.9 1878224
164.4 1878256
164.9 1873300
165.4 1873432
165.9 1873148
166.4 1872768
166.9 1873320
167.4 1873996
167.9 1874280
168.4 1874564
168.9 1874548
169.4 1874784
169.9 1874856
170.4 1875248
170.9 1875588
171.4 1875872
171.9 1876060
172.4 1876692
172.9 1876652
173.4 1876460
173.9 1877076
174.4 1876980
174.9 1877716
175.4 1877936
175.9 1877968
176.4 1878312
176.9 1878360
177.4 1878800
177.9 1878736
178.4 1879116
178.9 1879812
179.4 1880000
179.9 1879960
180.4 1880320
180.9 1880416
181.4 1881284
181.9 1881068
182.4 1880864
182.9 1880660
183.4 1881368
183.9 1881920
184.4 1875464
184.9 1875464
185.4 1875456
187.2 1875456
188.7 1875456
189.2 1875456
189.7 1875456
190.9 1875456
191.6 1875456
192.1 1875456
192.9 1875456
193.4 1875456
194.2 1875456
195.0 1875456
195.6 1875456
198.6 1875456
199.2 1875424
199.7 1875424
200.3 1875424
200.8 1875488
201.3 1875488
201.8 1875488
202.3 1875488
202.8 1875488
203.3 1875488
203.8 1875488
204.3 1875488
204.8 1875456
205.5 1875448
206.0 1875448
206.5 1875448
207.0 1875448
207.5 1875448
208.0 1875448
208.5 1875512
209.5 1875480
210.0 1875480
210.5 1881676
211.0 1882488
211.5 1882644
212.0 1883356
212.5 1883040
213.0 1883196
213.5 1883780
214.0 1883920
214.5 1884188
215.0 1884472
215.5 1884556
216.0 1884528
216.5 1884384
217.0 1884400
217.5 1885552
218.0 1880288
218.5 1880400
219.0 1881172
219.5 1881252
220.0 1880936
220.5 1881676
221.0 1881248
221.5 1881500
222.0 1881752
222.5 1882588
223.0 1882508
223.5 1882428
224.0 1882744
224.5 1882792
225.0 1883076
225.5 1883620
226.0 1883936
226.5 1884376
227.0 1884268
227.5 1883652
228.0 1883760
228.5 1884676
229.0 1885100
229.5 1880516
230.4 1873756
230.9 1873748
231.4 1873716
232.1 1873716
232.6 1873716
233.1 1873716
233.6 1873716
234.1 1873716
234.6 1873748
236.3 1873748
237.3 1873748
237.8 1873716
238.8 1873716
239.3 1873716
239.9 1873716
240.4 1873716
241.6 1873716
242.1 1873716
242.6 1873716
243.1 1873716
244.4 1873748
244.9 1873748
245.5 1873740
246.0 1873740
246.5 1873740
247.0 1873740
248.5 1873740
250.3 1873740
252.1 1873708
252.6 1873708
254.4 1873708
254.9 1880320
255.4 1879968
255.9 1880564
256.4 1880532
256.9 1880628
257.4 1880468
257.9 1880452
258.4 1881036
258.9 1881256
259.4 1883204
259.9 1882928
260.4 1883180
260.9 1883352
261.4 1883052
261.9 1883524
262.4 1883684
262.9 1883856
263.4 1883968
263.9 1883688
264.4 1884132
264.9 1884484
265.4 1879504
265.9 1880548
266.4 1880308
266.9 1880576
267.4 1881160
267.9 1881316
268.4 1881168
268.9 1881032
269.4 1881380
269.9 1881624
270.4 1881480
270.9 1881844
271.4 1881892
271.9 1882208
272.4 1882128
272.9 1882412
273.4 1882600
273.9 1882836
274.4 1877284
274.9 1877284
275.7 1877276
276.2 1877244
276.7 1877244
278.4 1877244
278.9 1877244
280.1 1877244
281.2 1877244
283.0 1877244
286.3 1877308
288.2 1877276
288.7 1877276
289.3 1877276
289.8 1877276
290.3 1877276
290.8 1877276
291.3 1877276
291.8 1877276
292.3 1877276
292.8 1877236
293.3 1877236
294.3 1877236
294.8 1877236
295.3 1877236
295.8 1877268
296.3 1877268
296.8 1877268
297.9 1877268
298.4 1877268
298.9 1877236
299.5 1877236
300.0 1877236
300.5 1883580
301.0 1883704
301.5 1883632
302.0 1883900
302.5 1884736
303.0 1884516
303.5 1884608
304.0 1884640
304.5 1885064
305.0 1885144
305.5 1876520
306.0 1876716
306.5 1877000
307.0 1877172
307.5 1876968
308.0 1877696
308.5 1877820
309.0 1878040
309.5 1877120
310.0 1877260
310.5 1877900
311.0 1878292
311.5 1878356
312.0 1878336
312.5 1878968
313.0 1879188
313.5 1879300
314.0 1879884
314.5 1879820
315.0 1879944
315.5 1879808
316.0 1879148
316.5 1879512
317.0 1880032
317.5 1880140
318.0 1880660
318.5 1880992
319.0 1881308
319.5 1881212
320.0 1875224
320.5 1875224
321.0 1875216
321.5 1875248
322.8 1875248
324.1 1875248
326.0 1875216
326.5 1875216
328.5 1875216
329.0 1875216
329.5 1875216
330.0 1875216
330.6 1875216
331.1 1875216
331.6 1875184
332.1 1875184
332.6 1875184
333.1 1875248
333.6 1875248
334.1 1875248
334.6 1875248
335.3 1875248
335.8 1875248
336.3 1875248
337.5 1875216
340.4 1875208
340.9 1875208
341.4 1875208
342.5 1875208
343.0 1875208
344.2 1875240
344.7 1879412
345.2 1881992
345.7 1881944
346.2 1882688
346.7 1882788
347.2 1883640
347.7 1883780
348.2 1884316
348.7 1884048
349.2 1884772
349.7 1884764
350.2 1885048
350.7 1885112
351.2 1885364
351.7 1874416
352.2 1874732
352.7 1874732
353.2 1874856
353.7 1875156
354.2 1875680
354.7 1875952
355.2 1875796
355.7 1876220
356.2 1876440
356.7 1877072
357.2 1876976
357.7 1877292
358.2 1877292
358.7 1878168
359.2 1878552
359.7 1878544
360.2 1878740
360.7 1878868
361.2 1879352
361.7 1879132
362.2 1879940
362.7 1880016
363.2 1880300
363.7 1881036
364.2 1880720
365.1 1874788
366.5 1874780
368.2 1874780
369.2 1874780
369.7 1874780
370.2 1874780
370.8 1874780
372.1 1874812
374.3 1874812
374.8 1874812
375.3 1874812
376.4 1874812
378.5 1874812
379.0 1874812
379.5 1874812
380.2 1874780
381.0 1874780
382.0 1874780
384.5 1874780
387.2 1874780
388.2 1874812
388.7 1874812
389.5 1874812
390.0 1880808
390.5 1880868
391.0 1881728
391.5 1881332
392.0 1881428
392.5 1881980
393.0 1882484
393.5 1882404
394.0 1882768
394.5 1882924
395.0 1883312
395.5 1883632
396.0 1883760
396.5 1883980
397.0 1884264
397.5 1884328
398.0 1884484
398.5 1884612
399.0 1884880
399.5 1884784
400.0 1880736
400.5 1880752
401.0 1881176
401.5 1881288
402.0 1881272
402.5 1881428
403.0 1881792
403.5 1883116
404.0 1882468
404.5 1883036
405.0 1883280
405.5 1883208
406.0 1883572
406.5 1883808
407.0 1883680
407.5 1884344
408.0 1884484
408.5 1884752
409.0 1879016
409.6 1879016
410.1 1879008
410.6 1879008
413.5 1879008
414.7 1879040
416.9 1879008
418.9 1879008
420.2 1879008
423.8 1879008
425.8 1879008
427.4 1879008
429.6 1879008
430.1 1878976
431.5 1878968
432.4 1878968
433.0 1879032
433.7 1879032
434.2 1879032
434.7 1880688
435.2 1880004
435.7 1880224
436.2 1880300
436.7 1880492
437.2 1880760
437.7 1880856
438.2 1880996
438.7 1880980
439.2 1881540
439.7 1882004
440.2 1882224
440.7 1882248
441.2 1882564
441.7 1882912
442.2 1882752
442.7 1883208
443.2 1883400
443.7 1883604
444.2 1883888
444.7 1884160
445.2 1884556
445.7 1884704
446.2 1885052
446.7 1885176
447.2 1863068
447.7 1864336
448.2 1864332
448.7 1864584
449.2 1864884
449.7 1865396
450.2 1865276
450.7 1865420
451.2 1865712
451.7 1865788
452.2 1865740
452.7 1866248
453.2 1866232
453.7 1866260
454.2 1866152
454.7 1860524
455.6 1860516
456.5 1860516
457.0 1860516
457.7 1860516
459.1 1860516
460.0 1860516
461.2 1860484
461.7 1860484
463.6 1860484
464.5 1860548
465.0 1860548
465.5 1860548
466.3 1860548
467.3 1860548
468.7 1860548
469.5 1860516
470.0 1860516
471.0 1860516
472.5 1860508
473.3 1860508
474.6 1860508
475.1 1860508
475.8 1860508
477.0 1860540
477.6 1860540
479.5 1860540
480.0 1866372
480.5 1867024
481.0 1867276
481.5 1867260
482.0 1867640
482.5 1868308
483.0 1868292
483.5 1868624
484.0 1868404
484.5 1868720
485.0 1869260
485.5 1869520
486.0 1871112
486.5 1870648
487.0 1870948
487.5 1871136
488.0 1871420
488.5 1871308
489.0 1871436
489.5 1871892
490.0 1872152
490.5 1871788
491.0 1872672
491.5 1873000
492.0 1873284
492.5 1873364
493.0 1873868
493.5 1874136
494.0 1874404
494.5 1874372
495.0 1875368
495.5 1874932
496.0 1875012
496.5 1875176
497.0 1875492
497.5 1875600
498.0 1875836
498.5 1875520
499.0 1876088
499.5 1870392
500.5 1870384
502.6 1870448
503.9 1870448
504.7 1870448
505.4 1870416
508.0 1870416
509.2 1870416
510.7 1870416
513.0 1870416
514.1 1870416
514.8 1870384
517.6 1870384
518.3 1870384
518.8 1870376
519.3 1870408
521.4 1870408
522.4 1870408
523.7 1870408
524.5 1870408
525.0 1876088
525.5 1876560
526.0 1876496
526.5 1876828
527.0 1877600
527.5 1877964
528.0 1878152
528.5 1878152
529.0 1877820
529.5 1878136
530.0 1879500
530.5 1879624
531.0 1880096
531.5 1879860
532.0 1880932
532.5 1880884
533.0 1880980
533.5 1881688
534.0 1881404
534.5 1881844
535.0 1881932
535.5 1882072
536.0 1882704
536.5 1882720
537.0 1882956
537.5 1883792
538.0 1883664
538.5 1883728
539.0 1884248
539.5 1883932
540.0 1884176
540.5 1884412
541.0 1884048
541.5 1885160
542.0 1884608
542.5 1885164
543.0 1863680
543.5 1863868
544.0 1863748
546.2 1857848
547.3 1857848
548.2 1857848
548.9 1857880
549.9 1857880
550.4 1857880
551.0 1857880
554.8 1857880
556.5 1857880
558.6 1857880
559.2 1857880
559.7 1857880
561.5 1857848
562.6 1857848
563.4 1857848
564.0 1857848
565.8 1857880
567.5 1857880
569.5 1857880
570.0 1864112
570.5 1864144
571.0 1865040
571.5 1865400
572.0 1865968
572.5 1865152
573.0 1865576
573.5 1865892
574.0 1865764
574.5 1866156
575.0 1865692
575.5 1866024
576.0 1866024
576.5 1866308
577.0 1866908
577.5 1866560
578.0 1867348
578.5 1867444
579.0 1867268
579.5 1867732
580.0 1868512
580.5 1868544
581.0 1868828
581.5 1868952
582.0 1869348
582.5 1870344
583.0 1870128
583.5 1870300
584.0 1870544
584.5 1871128
585.0 1871484
585.5 1871308
586.0 1871828
586.5 1872024
587.0 1872640
587.5 1872576
588.0 1872736
588.5 1872324
589.0 1872420
589.5 1869888
590.5 1866764
591.0 1866756
592.7 1866756
594.0 1866756
594.5 1866756
595.7 1866724
597.1 1866724
597.6 1866724
598.8 1866724
599.5 1866756
601.6 1866756
602.1 1866756
603.2 1866756
603.7 1866756
604.2 1866724
605.5 1866724
606.6 1866724
608.2 1866724
609.1 1866724
609.6 1866724
610.1 1866724
610.8 1866716
611.6 1866684
612.6 1866748
613.1 1866748
614.4 1866748
614.9 1872900
615.4 1873372
615.9 1873260
616.4 1873652
616.9 1874064
617.4 1874112
617.9 1874820
618.4 1875412
618.9 1875640
619.4 1875748
619.9 1875884
620.4 1876120
620.9 1876404
621.4 1876512
621.9 1876308
622.4 1876704
622.9 1877192
623.4 1877504
623.9 1877868
624.4 1878008
624.9 1878364
625.4 1878720
625.9 1878672
626.4 1879348
626.9 1879336
627.4 1879680
627.9 1879664
628.4 1879680
628.9 1879836
629.4 1879916
629.9 1880492
630.4 1880860
630.9 1880940
631.4 1881176
631.9 1881492
632.4 1881316
632.9 1881412
633.4 1881460
633.9 1881916
634.4 1876020
635.3 1875988
637.4 1876044
637.9 1876044
638.6 1876044
639.3 1876044
640.8 1876044
642.6 1876044
643.1 1876044
643.7 1876044
644.6 1876012
645.1 1876012
646.0 1876012
646.5 1876012
647.1 1876012
647.6 1876012
648.3 1876044
649.0 1876044
650.7 1876012
651.2 1876012
651.7 1876004
652.4 1876004
654.4 1876004
655.0 1876004
655.8 1876004
657.3 1876004
657.8 1876004
659.5 1875972
660.0 1883224
660.5 1883304
661.0 1883492
661.5 1883884
662.0 1883972
662.5 1884712
663.0 1884752
663.5 1884748
664.0 1874056
664.5 1875132
665.0 1875404
665.5 1875476
666.0 1874812
666.5 1874984
667.0 1875424
667.5 1875976
668.0 1876112
668.5 1875688
669.0 1876584
669.5 1876568
670.0 1876520
670.5 1876740
671.0 1876948
671.5 1876520
672.0 1877956
672.5 1878336
673.0 1878560
673.5 1878544
674.0 1879096
674.5 1879096
675.0 1879868
675.5 1879568
676.0 1879708
676.5 1880104
677.0 1880136
677.5 1880040
678.0 1880396
678.5 1880764
679.0 1878560
679.8 1874500
681.3 1874500
681.8 1874500
682.3 1874500
684.0 1874460
685.0 1874460
686.7 1874460
687.4 1874460
688.3 1874460
690.0 1874460
692.1 1874460
693.0 1874428
693.8 1874428
694.4 1874492
694.9 1874492
696.3 1874492
697.8 1874492
698.3 1874484
699.3 1874484
700.1 1874484
701.1 1874452
701.7 1874452
703.2 1874452
704.4 1874452
704.9 1880876
705.4 1881664
705.9 1881432
706.4 1881696
706.9 1882280
707.4 1882752
707.9 1883068
708.4 1883492
708.9 1883808
709.4 1883804
709.9 1883972
710.4 1884096
710.9 1884792
711.4 1884788
711.9 1884932
712.4 1879796
712.9 1880680
713.4 1880160
713.9 1880364
714.4 1880464
714.9 1881152
715.4 1881120
715.9 1881516
716.4 1881420
716.9 1881436
717.4 1881812
717.9 1881828
718.4 1881876
718.9 1882380
719.4 1882932
719.9 1883256
720.4 1883096
720.9 1883332
721.4 1883852
721.9 1883728
722.4 1883916
722.9 1884184
723.4 1884136
723.9 1884704
724.4 1879116
726.5 1879108
727.8 1879076
728.8 1879076
730.7 1879076
731.7 1879140
733.0 1879140
734.3 1879140
734.8 1879140
736.0 1879140
737.1 1879108
738.3 1879108
738.9 1879108
739.4 1879108
741.6 1879108
743.6 1879108
744.6 1879100
745.1 1879100
745.6 1879164
746.1 1879132
746.6 1879132
747.1 1879132
747.6 1879132
748.1 1879132
748.6 1879132
749.1 1879132
749.6 1879132
750.1 1864176
750.6 1864852
751.1 1864284
751.6 1864480
752.1 1864420
752.6 1865452
753.1 1865300
753.6 1865600
754.1 1865684
754.6 1865872
755.1 1865504
755.6 1865424
756.1 1865924
756.6 1867164
757.1 1867260
757.6 1866880
758.1 1867496
758.6 1867748
759.1 1868128
759.6 1868456
760.1 1868748
760.6 1868888
761.1 1868688
761.6 1869780
762.1 1869260
762.6 1869772
763.1 1870180
763.6 1871364
764.1 1870544
764.6 1870828
765.1 1870928
765.6 1870928
766.1 1871072
766.6 1870976
767.1 1871544
767.6 1871684
768.1 1872172
768.6 1872568
769.1 1872292
770.0 1867400
770.9 1867360
771.5 1867360
772.0 1867360
773.1 1867360
773.6 1867360
777.2 1867360
777.7 1867360
778.4 1867360
778.9 1867360
779.4 1867328
779.9 1867328
780.8 1867328
781.7 1867328
784.4 1867360
785.1 1867360
787.3 1867360
788.6 1867360
790.2 1867320
790.7 1867320
791.2 1867320
791.7 1867320
792.2 1867320
793.4 1867320
793.9 1867320
794.5 1867320
795.0 1873000
795.5 1873252
796.0 1873628
796.5 1874008
797.0 1874496
797.5 1874780
798.0 1874700
798.5 1875164
799.0 1875356
799.5 1875764
800.0 1875740
800.5 1875976
801.0 1876512
801.5 1876276
802.0 1876464
802.5 1876876
803.0 1876920
803.5 1877560
804.0 1877480
804.5 1878112
805.0 1878512
805.5 1878464
806.0 1878940
806.5 1879096
807.0 1878968
807.5 1879316
808.0 1879552
808.5 1879640
809.0 1880080
809.5 1880316
810.0 1880292
810.5 1880372
811.0 1881112
811.5 1881632
812.0 1881440
812.5 1882168
813.0 1882056
813.5 1882324
814.0 1876616
816.3 1876608
817.7 1876672
818.6 1876672
819.1 1876672
819.7 1876672
820.2 1876672
821.7 1876672
822.2 1876672
822.7 1876640
823.2 1876640
823.7 1876640
824.2 1876640
825.3 1876640
825.9 1876640
826.4 1876640
826.9 1876640
827.4 1876640
827.9 1876640
828.4 1876640
829.0 1876640
829.7 1876640
830.2 1876640
830.7 1876640
831.2 1876640
832.2 1876632
832.7 1876632
833.2 1876600
833.8 1876600
835.6 1876600
836.4 1876664
837.7 1876664
838.2 1876664
838.7 1876664
839.2 1876664
839.7 1876664
840.2 1882716
840.7 1883412
841.2 1883252
841.7 1883900
842.2 1884088
842.7 1883268
843.2 1883632
843.7 1884040
844.2 1884160
844.7 1884300
845.2 1884416
845.7 1884608
846.2 1880624
846.7 1880432
847.2 1880984
847.7 1881992
848.2 1882144
848.7 1881560
849.2 1881892
849.7 1882000
850.2 1882260
850.7 1882400
851.2 1882688
851.7 1882512
852.2 1883316
852.7 1883504
853.2 1883440
853.7 1883684
854.2 1883844
854.7 1884552
855.2 1874724
855.7 1874112
856.2 1874172
856.7 1874852
857.2 1873972
857.7 1874212
858.2 1874576
858.7 1874668
859.2 1874568
859.7 1869400
861.1 1869392
861.6 1869392
865.3 1869392
867.1 1869392
869.0 1869392
872.7 1869360
873.2 1869360
873.7 1869360
874.2 1869360
874.7 1869360
875.2 1869360
875.7 1869360
876.2 1869360
876.7 1869392
877.2 1869392
878.0 1869384
878.7 1869384
879.2 1869384
879.7 1869384
880.2 1869384
880.7 1869384
882.2 1869384
882.7 1869352
883.2 1869352
883.7 1869352
884.2 1869352
884.7 1875528
885.2 1875424
885.7 1875328
886.2 1875952
886.7 1876504
887.2 1876660
887.7 1876852
888.2 1876836
888.7 1877876
889.2 1877960
889.7 1878600
890.2 1878220
890.7 1878496
891.2 1878812
891.7 1879252
892.2 1879220
892.7 1879520
893.2 1879612
893.7 1879772
894.2 1880056
894.7 1879920
895.2 1880236
895.7 1880440
896.2 1880424
896.7 1880836
897.2 1880916
897.7 1880960
898.2 1881432
898.7 1881684
899.2 1881780
899.7 1882152
900.2 1882244
900.7 1882148
901.2 1883112
901.7 1883244
902.2 1883640
902.7 1884080
903.2 1883984
903.7 1884632
904.2 1884772
904.7 1884876
905.2 1876980
905.7 1876980
908.1 1876980
908.6 1876980
909.1 1876980
912.4 1876972
912.9 1876972
913.4 1876972
913.9 1876940
914.4 1877004
915.6 1877004
916.3 1877004
917.0 1877004
917.6 1877004
918.1 1877004
918.6 1877004
919.1 1877004
919.6 1877004
920.1 1876972
921.1 1876972
921.6 1876972
922.6 1876972
923.2 1876972
923.7 1877004
924.2 1876996
924.8 1876996
925.8 1876964
926.4 1876964
926.9 1876964
927.4 1876964
928.0 1876964
928.8 1876964
929.5 1876964
930.0 1882960
930.5 1883196
931.0 1883316
931.5 1883804
932.0 1884136
932.5 1884228
933.0 1884260
933.5 1873564
934.0 1874244
934.5 1874180
935.0 1874236
935.5 1874408
936.0 1874280
936.5 1874548
937.0 1875300
937.5 1875064
938.0 1875396
938.5 1875584
939.0 1875424
939.5 1875612
940.0 1876096
940.5 1875968
941.0 1876408
941.5 1877356
942.0 1877528
942.5 1877668
943.0 1877796
943.5 1877496
944.0 1877892
944.5 1877716
945.0 1877848
945.5 1879076
946.0 1879380
946.5 1879740
947.0 1879552
947.5 1880720
948.0 1881072
948.5 1880836
949.0 1881232
949.5 1881148
950.0 1881076
950.5 1875824
951.5 1875856
952.0 1875856
952.5 1875856
953.0 1875856
953.5 1875856
954.3 1875824
954.8 1875824
955.3 1875816
955.8 1875816
956.3 1875816
958.8 1875816
960.6 1875816
961.1 1875816
963.0 1875784
963.8 1875784
966.0 1875844
967.9 1875844
968.4 1875844
968.9 1875844
971.4 1876088
972.0 1876056
972.6 1876056
974.4 1876056
974.9 1881720
975.4 1882032
975.9 1882272
976.4 1882288
976.9 1882696
977.4 1882600
977.9 1883076
978.4 1883248
978.9 1883516
979.4 1883908
979.9 1883932
980.4 1884264
980.9 1882304
981.4 1882352
981.9 1882256
982.4 1882540
982.9 1882540
983.4 1882916
983.9 1882744
984.4 1883012
984.9 1883464
985.4 1883492
985.9 1883808
986.4 1884216
986.9 1883964
987.4 1883916
987.9 1863516
988.4 1864912
988.9 1865216
989.4 1865356
989.9 1865788
990.4 1866104
990.9 1866908
991.4 1865228
991.9 1865056
992.4 1865308
992.9 1865764
993.4 1865772
993.9 1866120
994.4 1866404
994.9 1866536
995.4 1860920
995.9 1860888
996.4 1860888
996.9 1860952
997.6 1860952
998.1 1860952
999.1 1860952
999.6 1860952
1000.1 1860944
1000.6 1860944
1001.1 1860944
1001.6 1860912
1002.5 1860912
1003.0 1860912
1003.5 1860912
1004.8 1860912
1006.2 1860912
1006.7 1860944
1009.1 1860944
1009.6 1860912
1011.4 1860904
1013.8 1860904
1014.3 1860904
1019.5 1860904
1020.0 1866692
1020.5 1866724
1021.0 1867276
1021.5 1867400
1022.0 1867568
1022.5 1867416
1023.0 1867732
1023.5 1868236
1024.0 1868456
1024.5 1868836
1025.0 1868636
1025.5 1868748
1026.0 1869500
1026.5 1869812
1027.0 1869788
1027.5 1870196
1028.0 1870448
1028.5 1870756
1029.0 1871040
1029.5 1871228
1030.0 1871236
1030.5 1871472
1031.0 1871616
1031.5 1871552
1032.0 1871912
1032.5 1872516
1033.0 1873284
1033.5 1873284
1034.0 1873536
1034.5 1873488
1035.0 1874048
1035.5 1874380
1036.0 1874364
1036.5 1874228
1037.0 1873912
1037.5 1874484
1038.0 1874308
1038.5 1875284
1039.0 1875764
1039.5 1869888
1040.4 1869880
1040.9 1869880
1041.4 1869912
1041.9 1869912
1043.8 1869880
1044.3 1869880
1044.8 1869880
1045.7 1869880
1046.2 1869880
1046.7 1869880
1047.2 1869880
1049.2 1869880
1049.7 1869880
1050.8 1869848
1051.3 1869848
1051.8 1869848
1052.3 1869912
1052.8 1869912
1054.4 1869912
1054.9 1869912
1055.7 1869912
1056.4 1869880
1056.9 1869880
1058.8 1869872
1059.3 1869872
1059.8 1869872
1060.3 1869872
1061.3 1869872
1061.8 1869872
1062.3 1869872
1064.5 1869904
1065.0 1876956
1065.5 1876292
1066.0 1876780
1066.5 1877096
1067.0 1876796
1067.5 1876716
1068.0 1876936
1068.5 1877096
1069.0 1877268
1069.5 1877680
1070.0 1878316
1070.5 1878316
1071.0 1879200
1071.5 1879040
1072.0 1878896
1072.5 1879340
1073.0 1879268
1073.5 1879680
1074.0 1879992
1074.5 1880196
1075.0 1881420
1075.5 1881468
1076.0 1881688
1076.5 1881496
1077.0 1881892
1077.5 1882096
1078.0 1882300
1078.5 1882504
1079.0 1882476
1079.5 1882836
1080.0 1883396
1080.5 1883600
1081.0 1883808
1081.5 1884452
1082.0 1879552
1082.5 1879900
1083.0 1879712
1083.5 1880260
1084.0 1880276
1084.5 1874544
1085.0 1874544
1085.5 1874536
1086.0 1874536
1086.5 1874536
1087.5 1874536
1088.0 1874504
1089.0 1874504
1089.5 1874504
1093.4 1874504
1094.4 1874504
1094.9 1874504
1095.4 1874536
1095.9 1874536
1096.4 1874504
1096.9 1874504
1097.6 1874504
1098.6 1874504
1099.1 1874504
1099.6 1874504
1100.1 1874504
1100.6 1874504
1101.5 1874504
1102.0 1874504
1102.5 1874504
1103.4 1874504
1104.6 1874528
1105.1 1874528
1105.6 1874528
1107.6 1874528
1108.1 1874528
1108.6 1874528
1109.1 1874528
1109.6 1874496
1110.1 1880696
1110.6 1881136
1111.1 1881096
1111.6 1881144
1112.1 1881268
1112.6 1881916
1113.1 1881884
1113.6 1882120
1114.1 1882436
1114.6 1882656
1115.1 1883264
1115.6 1883136
1116.1 1883340
1116.6 1883576
1117.1 1883940
1117.6 1883136
1118.1 1883056
1118.6 1883452
1119.1 1883200
1119.6 1883704
1120.1 1883820
1120.6 1884012
1121.1 1884388
1121.6 1880300
1122.1 1880240
1122.6 1880380
1123.1 1880364
1123.6 1880956
1124.1 1881084
1124.6 1881316
1125.1 1881464
1125.6 1881656
1126.1 1881592
1126.6 1881892
1127.1 1882364
1127.6 1882380
1128.1 1882680
1128.6 1882760
1129.1 1883232
1129.6 1877424
1130.1 1877424
1130.6 1877416
1132.3 1877416
1132.8 1877384
1133.3 1877384
1134.1 1877384
1134.6 1877384
1135.1 1877384
1137.1 1877384
1137.6 1877384
1139.0 1877416
1139.8 1877416
1140.8 1877384
1142.0 1877384
1142.6 1877384
1144.2 1877384
1144.7 1877384
1145.2 1877384
1145.7 1877384
1146.5 1877384
1147.1 1877384
1147.6 1877352
1148.8 1877352
1149.3 1877352
1149.8 1877352
1150.4 1877344
1150.9 1877408
1151.4 1877408
1152.5 1877408
1153.0 1877408
1153.5 1877408
1154.0 1877376
1154.5 1877376
1155.0 1878180
1155.5 1878576
1156.0 1878916
1156.5 1878680
1157.0 1879088
1157.5 1879576
1158.0 1879716
1158.5 1880056
1159.0 1880072
1159.5 1880164
1160.0 1880520
1160.5 1880472
1161.0 1880820
1161.5 1880884
1162.0 1881940
1162.5 1881892
1163.0 1882648
1163.5 1882472
1164.0 1882756
1164.5 1882964
1165.0 1883208
1165.5 1883032
1166.0 1883396
1166.5 1883252
1167.0 1883552
1167.5 1883724
1168.0 1883884
1168.5 1880492
1169.0 1879764
1169.5 1880160
1170.0 1880624
1170.5 1880380
1171.0 1880396
1171.5 1880932
1172.0 1880912
1172.5 1881340
1173.0 1881244
1173.5 1881420
1174.0 1881892
1174.5 1876352
1175.0 1876352
1175.5 1876344
1176.0 1876344
1176.5 1876312
1177.0 1876312
1177.5 1876312
1178.0 1876312
1178.5 1876312
1179.0 1876312
1179.5 1876312
1180.1 1876312
1180.6 1876376
1181.1 1876344
1181.6 1876344
1182.1 1876344
1182.6 1876344
1183.1 1876344
1183.6 1876344
1184.1 1876344
1184.9 1876344
1185.4 1876344
1185.9 1876312
1186.4 1876312
1186.9 1876312
1187.4 1876312
1187.9 1876312
1188.4 1876312
1188.9 1876344
1189.4 1876344
1189.9 1876344
1190.4 1876344
1190.9 1876312
1191.4 1876312
1191.9 1876304
1192.4 1876304
1192.9 1876304
1193.4 1876304
1193.9 1876304
1194.4 1876304
1194.9 1876304
1195.4 1876304
1195.9 1876336
1196.4 1876336
1196.9 1876336
1197.4 1876336
1197.9 1876336
1198.4 1876336
1198.9 1876336
1199.4 1876336
1199.9 1882468
1200.4 1882876
1200.9 1882764
1201.4 1883176
1201.9 1883348
1202.4 1883764
1202.9 1883176
1203.4 1883112
1203.9 1883428
1204.4 1884152
1204.9 1879468
1205.4 1880780
1205.9 1880720
1206.4 1880576
1206.9 1880608
1207.4 1880480
1207.9 1880820
1208.4 1880788
1208.9 1880788
1209.4 1880992
1209.9 1881268
1210.4 1881616
1210.9 1881472
1211.4 1882180
1211.9 1882436
1212.4 1882656
1212.9 1882324
1213.4 1882560
1213.9 1883412
1214.4 1883284
1214.9 1883496
1215.4 1883892
1215.9 1884316
1216.4 1884252
1216.9 1874908
1217.4 1875024
1217.9 1874724
1218.4 1874756
1218.9 1874628
1219.4 1874936
1219.9 1875700
1220.4 1869608
1220.9 1869608
1221.4 1869608
1221.9 1869608
1222.4 1869608
1222.9 1869576
1223.4 1869576
1223.9 1869576
1224.4 1869576
1224.9 1869576
1225.4 1869576
1225.9 1869568
1226.4 1869568
1226.9 1869536
1227.4 1869536
1227.9 1869600
1228.4 1869600
1228.9 1869600
1229.5 1869600
1230.0 1869600
1230.5 1869600
1231.0 1869600
1231.5 1869600
1232.0 1869568
1232.5 1869568
1233.0 1869568
1233.5 1869568
1234.0 1869568
1234.5 1869568
1235.0 1869600
1235.5 1869600
1236.0 1869600
1236.5 1869600
1237.0 1869568
1237.5 1869568
1238.0 1869560
1238.5 1869560
1239.0 1869560
1239.5 1869560
1240.0 1869560
1240.5 1869560
1241.0 1869528
1241.5 1869528
1242.0 1869528
1242.5 1869528
1243.0 1869592
1243.5 1869592
1244.0 1869592
1244.5 1869592
1245.0 1875464
1245.5 1875716
1246.0 1876296
1246.5 1877116
1247.0 1875968
1247.5 1876252
1248.0 1876424
1248.5 1876644
1249.0 1877068
1249.5 1877432
1250.0 1877344
1250.5 1878756
1251.0 1878748
1251.5 1878704
1252.0 1879000
1252.5 1879552
1253.0 1879488
1253.5 1880072
1254.0 1880308
1254.5 1880276
1255.0 1880048
1255.5 1881148
1256.0 1880816
1256.5 1881432
1257.0 1881608
1257.5 1881876
1258.0 1882180
1258.5 1882736
1259.0 1882480
1259.5 1882544
1260.0 1882660
1260.5 1882992
1261.0 1883528
1261.5 1883640
1262.0 1883308
1262.5 1883212
1263.0 1883860
1263.5 1883764
1264.0 1875204
1264.5 1875544
1265.0 1875112
1265.5 1868248
1266.2 1868248
1266.7 1868248
1267.2 1868248
1267.7 1868248
1268.2 1868248
1268.7 1868248
1269.3 1868216
1269.8 1868208
1270.3 1868272
1270.8 1868272
1271.3 1868272
1271.8 1868272
1272.3 1868272
1272.8 1868272
1273.3 1868272
1273.8 1868272
1274.3 1868240
1274.8 1868240
1275.5 1868240
1276.0 1868240
1276.5 1868240
1277.0 1868240
1277.5 1868240
1278.0 1868272
1278.5 1868240
1279.0 1868240
1279.5 1868240
1280.1 1868240
1280.6 1868240
1281.1 1868240
1281.6 1868240
1282.1 1868240
1282.6 1868240
1283.1 1868240
1283.6 1868240
1284.1 1868200
1284.6 1868200
1285.1 1868264
1285.6 1868264
1286.2 1868264
1286.7 1868264
1287.2 1868264
1287.8 1868264
1288.3 1868232
1288.8 1868232
1289.3 1868232
1289.8 1875424
1290.3 1874496
1290.8 1874620
1291.3 1874412
1291.8 1874384
1292.3 1875092
1292.8 1875000
1293.3 1875424
1293.8 1875520
1294.3 1875872
1294.8 1876148
1295.3 1876780
1295.8 1876952
1296.3 1877032
1296.8 1877424
1297.3 1877516
1297.8 1877724
1298.3 1877928
1298.8 1878324
1299.3 1878416
1299.8 1878740
1300.3 1879164
1300.8 1879432
1301.3 1879952
1301.8 1879904
1302.3 1880424
1302.8 1880204
1303.3 1880268
1303.8 1880756
1304.3 1881512
1304.8 1881504
1305.3 1881724
1305.8 1881440
1306.3 1881488
1306.8 1881424
1307.3 1882300
1307.8 1883260
1308.3 1883356
1308.8 1883756
1309.3 1877868
1309.8 1877868
1310.3 1877860
1310.8 1877860
1311.3 1877892
1311.8 1877860
1312.3 1877860
1312.8 1877860
1313.3 1877860
1313.8 1877860
1314.3 1877860
1314.8 1877860
1315.3 1877860
1315.8 1877860
1316.3 1877860
1316.8 1877860
1317.3 1877828
1317.8 1877892
1318.3 1877892
1318.8 1877892
1319.3 1877892
1319.8 1877892
1320.3 1877892
1320.8 1877892
1321.3 1877860
1321.8 1877860
1322.3 1877860
1322.8 1877860
1323.3 1877860
1323.8 1877860
1324.3 1877860
1324.8 1877860
1325.6 1877924
1326.1 1877892
1326.7 1877892
1327.2 1877892
1327.7 1877892
1328.2 1877892
1328.7 1877892
1330.3 1877884
1330.8 1877884
1331.3 1877884
1331.8 1877884
1333.0 1877852
1333.5 1877852
1334.5 1877852
1335.0 1873512
1335.5 1873212
1336.0 1873116
1336.5 1873196
1337.0 1873280
1337.5 1873660
1338.0 1874116
1338.5 1875016
1339.0 1874588
1339.5 1875360
1340.0 1875828
1340.5 1875904
1341.0 1875984
1341.5 1875904
1342.0 1876424
1342.5 1876940
1343.0 1876952
1343.5 1877156
1344.0 1877000
1344.5 1877188
1345.0 1877512
1345.5 1877668
1346.0 1877952
1346.5 1878408
1347.0 1878568
1347.5 1878816
1348.0 1879256
1348.5 1879560
1349.0 1880268
1349.5 1880236
1350.0 1880512
1350.5 1880700
1351.0 1880684
1351.5 1880840
1352.0 1881132
1352.5 1881152
1353.0 1881148
1353.5 1881276
1354.0 1881576
1354.5 1875536
1355.0 1875536
1357.0 1875528
1357.5 1875528
1358.0 1875528
1361.8 1875496
1362.3 1875496
1363.7 1875560
1364.7 1875560
1365.2 1875560
1365.7 1875560
1366.2 1875560
1367.7 1875528
1368.2 1875528
1369.2 1875528
1369.7 1875528
1371.2 1875520
1371.7 1875520
1372.2 1875520
1372.7 1875520
1373.3 1875584
1374.5 1875552
1375.0 1875552
1375.5 1875552
1376.4 1875552
1376.9 1875552
1378.5 1875552
1379.0 1875552
1379.5 1875552
1380.0 1882340
1380.5 1882416
1381.0 1882416
1381.5 1882256
1382.0 1882320
1382.5 1883112
1383.0 1883108
1383.5 1884244
1384.0 1884308
1384.5 1884384
1385.0 1882364
1385.5 1882252
1386.0 1882408
1386.5 1883064
1387.0 1883380
1387.5 1883220
1388.0 1883300
1388.5 1883316
1389.0 1883788
1389.5 1883952
1390.0 1882364
1390.5 1881920
1391.0 1882504
1391.5 1882804
1392.0 1882896
1392.5 1882992
1393.0 1883340
1393.5 1882960
1394.0 1883452
1394.5 1883892
1395.0 1883756
1395.5 1874204
1396.0 1873668
1396.5 1873840
1397.0 1874124
1397.5 1874424
1398.0 1874912
1398.5 1874724
1399.0 1874912
1399.5 1875084
1400.0 1875328
1400.5 1869464
1402.3 1869464
1402.8 1869464
1403.3 1869496
1403.8 1869496
1404.3 1869496
1404.8 1869496
1405.3 1869496
1406.0 1869488
1407.3 1869488
1408.4 1869488
1409.6 1869488
1410.1 1869488
1411.5 1869456
1412.1 1869456
1412.6 1869456
1413.1 1869456
1414.1 1869488
1415.6 1869488
1416.1 1869488
1416.6 1869488
1417.1 1869488
1417.7 1869448
1418.2 1869448
1418.7 1869448
1419.2 1869448
1419.7 1869448
1420.2 1869448
1420.7 1869448
1421.2 1869448
1421.7 1869416
1422.2 1869416
1422.7 1869480
1423.5 1869480
1424.5 1869480
1425.0 1875532
1425.5 1875492
1426.0 1875920
1426.5 1876652
1427.0 1876164
1427.5 1876020
1428.0 1876352
1428.5 1876572
1429.0 1877788
1429.5 1877832
1430.0 1877856
1430.5 1877952
1431.0 1878236
1431.5 1878092
1432.0 1878456
1432.5 1878848
1433.0 1879336
1433.5 1879368
1434.0 1879604
1434.5 1879660
1435.0 1879888
1435.5 1880012
1436.0 1880060
1436.5 1880772
1437.0 1881292
1437.5 1881400
1438.0 1881572
1438.5 1881872
1439.0 1882576
1439.5 1882528
1440.0 1882772
1440.5 1882676
1441.0 1883420
1441.5 1882724
1442.0 1882896
1442.5 1883384
1443.0 1883196
1443.5 1884440
1444.0 1881400
1444.5 1881872
1445.0 1882100
1445.5 1876244
1446.0 1876244
1446.5 1876244
1448.3 1876244
1449.1 1876244
1449.6 1876244
1450.2 1876244
1450.8 1876236
1451.5 1876236
1453.5 1876268
1454.0 1876268
1454.5 1876268
1455.0 1876268
1455.5 1876268
1456.6 1876268
1457.1 1876268
1457.6 1876268
1458.2 1876268
1458.7 1876236
1459.2 1876236
1459.9 1876236
1460.4 1876236
1460.9 1876236
1462.8 1876268
1463.3 1876268
1463.8 1876512
1464.3 1876480
1464.8 1876480
1465.3 1876480
1466.1 1876480
1466.6 1876480
1467.1 1876480
1467.7 1876480
1468.3 1876480
1468.8 1876480
1469.3 1876480
1469.8 1876448
1470.3 1882524
1470.8 1882824
1471.3 1883108
1471.8 1883344
1472.3 1883708
1472.8 1883800
1473.3 1883564
1473.8 1884164
1474.3 1878784
1474.8 1879000
1475.3 1879416
1475.8 1879588
1476.3 1879588
1476.8 1879792
1477.3 1879776
1477.8 1879840
1478.3 1880204
1478.8 1881344
1479.3 1881408
1479.8 1881328
1480.3 1881620
1480.8 1881748
1481.3 1881864
1481.8 1882400
1482.3 1882496
1482.8 1882872
1483.3 1883156
1483.8 1884200
1484.3 1881448
1484.8 1880944
1485.3 1881204
1485.8 1881200
1486.3 1881740
1486.8 1881676
1487.3 1882036
1487.8 1882684
1488.3 1883128
1488.8 1883656
1489.3 1883912
1489.8 1877780
1490.4 1877780
1490.9 1877772
1491.5 1877772
1492.1 1877772
1492.7 1877772
1493.2 1877740
1493.7 1877740
1494.3 1877740
1494.8 1877804
1495.6 1877804
1496.2 1877804
1497.1 1877804
1497.7 1877804
1498.2 1877804
1498.7 1877804
1499.3 1877804
1499.8 1877772
1500.5 1877772
1501.0 1877772
1501.7 1877772
1502.2 1877772
1503.3 1877804
1504.0 1877804
1504.5 1877772
1505.3 1877772
1505.8 1877772
1506.9 1877772
1507.7 1877772
1508.2 1877772
1508.7 1877772
1509.4 1877772
1510.0 1877764
1510.8 1877732
1511.3 1877732
1511.8 1877732
1512.7 1877732
1513.4 1877796
1513.9 1877796
1514.4 1877796
1514.9 1879176
1515.4 1879628
1515.9 1879708
1516.4 1879676
1516.9 1878904
1517.4 1880640
1517.9 1880116
1518.4 1880288
1518.9 1880636
1519.4 1880856
1519.9 1881004
1520.4 1881856
1520.9 1881660
1521.4 1882260
1521.9 1882180
1522.4 1882036
1522.9 1882084
1523.4 1882360
1523.9 1882832
1524.4 1882548
1524.9 1883140
1525.4 1883092
1525.9 1883424
1526.4 1883660
1526.9 1883580
1527.4 1884148
1527.9 1884400
1528.4 1882708
1528.9 1882108
1529.4 1882140
1529.9 1882464
1530.4 1882416
1530.9 1882636
1531.4 1880784
1531.9 1881052
1532.4 1881588
1532.9 1881808
1533.4 1882360
1533.9 1882484
1535.0 1876528
1536.0 1876488
1536.5 1876488
1538.0 1876488
1539.7 1876488
1540.5 1876520
1541.0 1876520
1541.8 1876520
1542.8 1876520
1544.5 1876488
1545.0 1876488
1545.5 1876488
1546.2 1876488
1547.9 1876488
1548.4 1876488
1548.9 1876488
1550.8 1876480
1552.0 1876480
1553.0 1876512
1554.4 1876512
1554.9 1876512
1555.6 1876512
1556.1 1876512
1556.6 1876512
1557.1 1876512
1558.6 1876512
1559.1 1876480
1559.6 1876480
1560.1 1877604
1560.6 1877776
1561.1 1877856
1561.6 1878060
1562.1 1878532
1562.6 1878376
1563.1 1879028
1563.6 1879076
1564.1 1879564
1564.6 1879272
1565.1 1879864
1565.6 1880132
1566.1 1880400
1566.6 1880776
1567.1 1880620
1567.6 1881392
1568.1 1881484
1568.6 1881832
1569.1 1881912
1569.6 1881912
1570.1 1882312
1570.6 1882392
1571.1 1882580
1571.6 1882768
1572.1 1883084
1572.6 1883636
1573.1 1883808
1573.6 1883760
1574.1 1883492
1574.6 1883856
1575.1 1883880
1575.6 1879132
1576.1 1879816
1576.6 1879928
1577.1 1880448
1577.6 1880684
1578.1 1880788
1578.6 1881132
1579.1 1880872
1580.1 1875208
1581.6 1875208
1583.1 1875208
1583.6 1875208
1584.1 1875208
1584.8 1875208
1587.1 1875176
1588.7 1875176
1590.7 1875176
1591.2 1875176
1592.5 1875176
1594.0 1875208
1594.5 1875208
1595.0 1875208
1596.8 1875176
1598.0 1875168
1599.3 1875168
1599.8 1875168
1600.3 1875168
1600.9 1875168
1601.4 1875168
1601.9 1875168
1602.6 1875136
1603.8 1875136
1604.5 1875136
1605.0 1881044
1605.5 1881832
1606.0 1881940
1606.5 1882212
1607.0 1882212
1607.5 1882288
1608.0 1882872
1608.5 1883060
1609.0 1883052
1609.5 1883968
1610.0 1883800
1610.5 1881728
1611.0 1882172
1611.5 1882360
1612.0 1881964
1612.5 1882660
1613.0 1882596
1613.5 1882940
1614.0 1883400
1614.5 1883764
1615.0 1883720
1615.5 1884148
1616.0 1884384
1616.5 1879068
1617.0 1879192
1617.5 1879460
1618.0 1880076
1618.5 1879712
1619.0 1880580
1619.5 1880856
1620.0 1880580
1620.5 1880676
1621.0 1880264
1621.5 1880564
1622.0 1880704
1622.5 1881336
1623.0 1881184
1623.5 1881596
1624.0 1882968
1624.5 1876660
1626.3 1876652
1629.3 1876652
1629.8 1876652
1631.5 1876716
1632.0 1876684
1632.5 1876684
1633.0 1876684
1633.5 1876684
1634.0 1876684
1634.5 1876684
1635.1 1876676
1635.9 1876676
1636.4 1876676
1636.9 1876676
1637.4 1876644
1639.8 1876644
1640.4 1876676
1641.2 1876676
1641.7 1876676
1642.2 1876676
1642.7 1876676
1644.7 1876636
1646.6 1876636
1647.7 1876636
1649.5 1876636
1650.0 1878620
1650.5 1878524
1651.0 1878240
1651.5 1878792
1652.0 1879116
1652.5 1878876
1653.0 1879460
1653.5 1879428
1654.0 1880468
1654.5 1879996
1655.0 1879972
1655.5 1880556
1656.0 1880916
1656.5 1881012
1657.0 1881484
1657.5 1881564
1658.0 1881784
1658.5 1882240
1659.0 1882412
1659.5 1882840
1660.0 1882924
1660.5 1883068
1661.0 1883512
1661.5 1883636
1662.0 1883792
1662.5 1884052
1663.0 1884100
1663.5 1879744
1664.0 1879712
1664.5 1879964
1665.0 1879908
1665.5 1880192
1666.0 1880412
1666.5 1880728
1667.0 1880856
1667.5 1880760
1668.0 1880932
1668.5 1881608
1669.0 1876016
1669.5 1876016
1670.0 1876016
1670.5 1875976
1671.2 1875976
1672.2 1875976
1672.8 1876008
1673.3 1876008
1673.9 1876008
1674.4 1876008
1675.1 1876008
1675.8 1876008
1677.6 1875976
1678.4 1875976
1679.6 1875976
1680.2 1875976
1680.8 1875976
1681.3 1875976
1681.8 1875976
1682.3 1875976
1683.7 1876008
1684.2 1876008
1684.7 1876008
1685.6 1876008
1686.1 1876008
1686.6 1876008
1687.1 1876008
1687.8 1876008
1688.7 1876008
1689.3 1875968
1689.9 1875968
1690.7 1875968
1691.2 1875968
1691.8 1875968
1692.3 1876000
1692.9 1876000
1693.4 1876000
1694.0 1876000
1694.5 1875968
1695.0 1882500
1695.5 1882548
1696.0 1882388
1696.5 1882596
1697.0 1882524
1697.5 1882744
1698.0 1882792
1698.5 1883408
1699.0 1883988
1699.5 1884164
1700.0 1879656
1700.5 1879200
1701.0 1879144
1701.5 1879508
1702.0 1879396
1702.5 1879632
1703.0 1880296
1703.5 1880436
1704.0 1880388
1704.5 1880516
1705.0 1880720
1705.5 1882320
1706.0 1882540
1706.5 1883012
1707.0 1883348
1707.5 1883460
1708.0 1883240
1708.5 1883492
1709.0 1883588
1709.5 1883824
1710.0 1879028
1710.5 1879028
1711.0 1879200
1711.5 1879656
1712.0 1880068
1712.5 1879580
1713.0 1879908
1713.5 1879972
1714.0 1881180
1714.5 1875212
1715.0 1875212
1716.3 1875204
1716.8 1875204
1717.4 1875204
1717.9 1875204
1719.4 1875172
1719.9 1875172
1720.4 1875172
1720.9 1875172
1721.4 1875172
1722.5 1875172
1723.0 1875172
1723.5 1875172
1724.3 1875172
1724.8 1875204
1725.3 1875204
1725.8 1875204
1726.3 1875204
1728.0 1875204
1728.5 1875204
1729.1 1875204
1729.6 1875204
1730.9 1875164
1731.4 1875164
1731.9 1875164
1732.4 1875164
1734.1 1875164
1734.6 1875196
1736.4 1875196
1737.8 1875196
1738.3 1875196
1739.0 1875164
1739.5 1875164
1740.0 1881460
1740.5 1881004
1741.0 1881224
1741.5 1881288
1742.0 1881412
1742.5 1881540
1743.0 1882264
1743.5 1882524
1744.0 1882904
1744.5 1883220
1745.0 1883240
1745.5 1881760
1746.0 1882060
1746.5 1881476
1747.0 1881084
1747.5 1881588
1748.0 1881648
1748.5 1882216
1749.0 1882312
1749.5 1882596
1750.0 1882680
1750.5 1883240
1751.0 1882956
1751.5 1883368
1752.0 1882524
1752.5 1882492
1753.0 1882996
1753.5 1882824
1754.0 1883368
1754.5 1883352
1755.0 1883580
1755.5 1883644
1756.0 1883768
1756.5 1883752
1757.0 1882092
1757.5 1882388
1758.0 1882768
1758.5 1882768
1759.0 1883132
1759.5 1876936
1760.0 1876936
1760.7 1876928
1761.2 1876928
1761.7 1876928
1762.3 1876928
1762.8 1876896
1763.3 1876960
1763.8 1876960
1764.3 1876960
1765.1 1876960
1765.7 1876960
1766.2 1876960
1766.8 1876960
1767.3 1876928
1767.9 1876928
1768.4 1876928
1768.9 1876928
1769.4 1876928
1770.4 1876928
1770.9 1876928
1771.4 1876928
1772.4 1876960
1773.2 1876928
1773.7 1876928
1774.6 1876928
1775.1 1876928
1775.6 1876928
1776.6 1877172
1777.1 1877172
1777.6 1877172
1778.1 1877172
1778.6 1877172
1779.5 1877140
1780.0 1877140
1780.5 1877140
1781.3 1877204
1782.3 1877204
1784.2 1877204
1784.7 1882732
1785.2 1879320
1785.7 1879484
1786.2 1879896
1786.7 1879200
1787.2 1879516
1787.7 1879816
1788.2 1879284
1788.7 1879648
1789.2 1880044
1789.7 1880460
1790.2 1880144
1790.7 1880240
1791.2 1880144
1791.7 1879972
1792.2 1880468
1792.7 1880564
1793.2 1881100
1793.7 1881100
1794.2 1881192
1794.7 1881844
1795.2 1882368
1795.7 1882476
1796.2 1882696
1796.7 1883124
1797.2 1883484
1797.7 1883752
1798.2 1878136
1798.7 1878372
1799.2 1878656
1799.7 1878948
1800.2 1879056
1800.7 1879276
1801.2 1880152
1801.7 1879896
1802.2 1879868
1802.7 1879932
1803.2 1880548
1803.7 1880704
1804.2 1880860
1804.7 1880996
1805.2 1880980
1805.7 1875036
1806.2 1875036
1807.0 1875036
1808.7 1875004
1809.2 1875004
1809.7 1875004
1811.5 1874996
1812.4 1874996
1814.4 1874996
1815.1 1874996
1817.4 1875028
1817.9 1874996
1818.4 1874996
1818.9 1874996
1820.9 1874996
1824.0 1874988
1825.5 1874988
1826.0 1874988
1826.5 1874988
1827.0 1874956
1827.5 1874956
1829.1 1874956
1829.6 1874956
1830.1 1881168
1830.6 1881152
1831.1 1881460
1831.6 1881680
1832.1 1882184
1832.6 1882768
1833.1 1882500
1833.6 1883176
1834.1 1883396
1834.6 1883640
1835.1 1883520
1835.6 1883996
1836.1 1883852
1836.6 1878948
1837.1 1879008
1837.6 1879420
1838.1 1879624
1838.6 1879940
1839.1 1879984
1839.6 1880208
1840.1 1880452
1840.6 1880784
1841.1 1880560
1841.6 1880876
1842.1 1881144
1842.6 1882092
1843.1 1882012
1843.6 1881964
1844.1 1881900
1844.6 1882972
1845.1 1883152
1845.6 1883372
1846.1 1883436
1846.6 1883532
1847.1 1883584
1847.6 1883632
1848.1 1880908
1848.6 1881180
1849.1 1880748
1849.6 1881048
1850.1 1881844
1850.6 1875824
1852.4 1875824
1852.9 1875792
1853.4 1875792
1855.5 1875784
1856.0 1875848
1856.5 1875848
1859.6 1875848
1860.1 1875848
1861.1 1875848
1864.0 1875816
1864.9 1875816
1865.5 1875816
1867.6 1875816
1869.5 1875808
1871.2 1875808
1872.0 1875808
1872.5 1875840
1873.0 1875840
1873.5 1875840
1874.0 1875840
1874.5 1875840
1875.0 1882264
1875.5 1882136
1876.0 1882324
1876.5 1882720
1877.0 1882720
1877.5 1882652
1878.0 1883128
1878.5 1883268
1879.0 1883348
1879.5 1883396
1880.0 1883956
1880.5 1874340
1881.0 1874216
1881.5 1874088
1882.0 1873740
1882.5 1874184
1883.0 1874356
1883.5 1874908
1884.0 1875168
1884.5 1875152
1885.0 1875708
1885.5 1876356
1886.0 1876356
1886.5 1876088
1887.0 1876008
1887.5 1876308
1888.0 1876480
1888.5 1878120
1889.0 1878088
1889.5 1878292
1890.0 1878552
1890.5 1879040
1891.0 1878804
1891.5 1878868
1892.0 1879072
1892.5 1878992
1893.0 1879184
1893.5 1879396
1894.0 1873844
1894.5 1873844
1895.0 1873836
1895.7 1873836
1896.2 1873836
1899.9 1873804
1900.4 1873804
1900.9 1873836
1901.4 1873836
1902.1 1873836
1902.6 1873836
1903.1 1873836
1904.1 1873804
1904.6 1873804
1906.5 1873804
1907.0 1873804
1909.0 1873804
1911.0 1873828
1911.5 1873864
1913.3 1873800
1913.8 1873800
1915.7 1873800
1916.2 1873800
1916.7 1873832
1918.3 1873824
1918.8 1873792
1919.3 1873792
1919.8 1873792
1920.3 1879776
1920.8 1880124
1921.3 1879996
1921.8 1880440
1922.3 1880660
1922.8 1880864
1923.3 1881676
1923.8 1881596
1924.3 1881976
1924.8 1881976
1925.3 1882400
1925.8 1882416
1926.3 1882556
1926.8 1883300
1927.3 1883488
1927.8 1881776
1928.3 1883388
1928.8 1882560
1929.3 1882432
1929.8 1882620
1930.3 1882928
1930.8 1882816
1931.3 1883132
1931.8 1883352
1932.3 1883700
1932.8 1878520
1933.3 1878360
1933.8 1878612
1934.3 1879352
1934.8 1879068
1935.3 1879264
1935.8 1879928
1936.3 1879580
1936.8 1880040
1937.3 1880180
1937.8 1880620
1938.3 1880684
1938.8 1880760
1939.3 1880888
1939.8 1881228
1940.3 1882088
1940.8 1875852
1942.9 1875820
1944.7 1875820
1946.7 1875812
1948.2 1875812
1949.2 1875812
1949.7 1875812
1950.5 1875812
1952.0 1875812
1954.1 1875844
1955.3 1875844
1955.9 1875844
1957.6 1875844
1958.1 1875844
1958.8 1875844
1960.5 1875844
1962.2 1875844
1964.4 1875812
1964.9 1881728
1965.4 1882472
1965.9 1882408
1966.4 1882708
1966.9 1882988
1967.4 1883384
1967.9 1883604
1968.4 1883636
1968.9 1878660
1969.4 1878228
1969.9 1878344
1970.4 1878628
1970.9 1878516
1971.4 1879384
1971.9 1879652
1972.4 1880204
1972.9 1880344
1973.4 1880392
1973.9 1880440
1974.4 1880944
1974.9 1880872
1975.4 1881264
1975.9 1881652
1976.4 1881936
1976.9 1881460
1977.4 1881604
1977.9 1882584
1978.4 1882692
1978.9 1882536
1979.4 1882312
1979.9 1882984
1980.4 1882604
1980.9 1882564
1981.4 1882896
1981.9 1883636
1982.4 1881612
1982.9 1881804
1983.4 1881880
1983.9 1882336
1984.4 1882416
1984.9 1882820
1985.4 1876812
1987.3 1876812
1989.3 1876812
1989.8 1876812
1992.1 1876772
1992.6 1876772
1994.8 1876772
1996.9 1876804
1998.9 1876804
2000.0 1876804
2000.5 1876804
2001.0 1876804
2001.7 1876772
2003.6 1876772
2004.8 1876772
2006.8 1876772
2008.1 1876772
2009.5 1876772
2010.0 1881684
2010.5 1881600
2011.0 1881212
2011.5 1881180
2012.0 1881036
2012.5 1881344
2013.0 1881408
2013.5 1881788
2014.0 1882528
2014.5 1882984
2015.0 1882708
2015.5 1883228
2016.0 1883480
2016.5 1883272
2017.0 1882332
2017.5 1881612
2018.0 1881816
2018.5 1882572
2019.0 1882684
2019.5 1882460
2020.0 1882756
2020.5 1883260
2021.0 1883320
2021.5 1883296
2022.0 1883424
2022.5 1882604
2023.0 1881688
2023.5 1881768
2024.0 1882164
2024.5 1882588
2025.0 1882420
2025.5 1882792
2026.0 1883124
2026.5 1882280
2027.0 1882652
2027.5 1882780
2028.0 1883896
2028.5 1883264
2029.0 1883660
2029.5 1872600
2030.6 1872600
2032.3 1872560
2034.5 1872624
2036.3 1872624
2036.8 1872624
2037.4 1872624
2040.2 1872624
2044.0 1872624
2045.8 1872592
2047.6 1872592
2048.1 1872584
2048.6 1872584
2050.7 1872584
2053.0 1872584
2054.1 1872616
2054.6 1875688
2055.1 1879028
2055.6 1879564
2056.1 1879548
2056.6 1879216
2057.1 1879896
2057.6 1879800
2058.1 1879752
2058.6 1880084
2059.1 1881092
2059.6 1881084
2060.1 1881524
2060.6 1881808
2061.1 1882092
2061.6 1881948
2062.1 1882388
2062.6 1882628
2063.1 1882744
2063.6 1882948
2064.1 1883264
2064.6 1883208
2065.1 1882800
2065.6 1883432
2066.1 1883288
2066.6 1883272
2067.1 1882636
2067.6 1882256
2068.1 1882808
2068.6 1883408
2069.1 1882980
2069.6 1882516
2070.1 1882580
2070.6 1882944
2071.1 1882876
2071.6 1883572
2072.1 1883620
2072.6 1872868
2073.1 1872964
2073.6 1873596
2074.1 1873704
2076.2 1868064
2076.7 1868064
2078.3 1868032
2079.1 1868032
2079.6 1868032
2080.9 1868032
2082.1 1868032
2082.6 1868032
2083.1 1868064
2084.8 1868064
2086.9 1868032
2089.2 1868024
2090.0 1868024
2091.2 1868024
2091.7 1868024
2092.4 1868024
2093.8 1868024
2094.6 1868024
2095.1 1868024
2095.7 1867992
2096.2 1868056
2097.0 1868056
2098.8 1868056
2099.5 1868024
2100.0 1874020
2100.5 1874208
2101.0 1874272
2101.5 1874444
2102.0 1875216
2102.5 1875404
2103.0 1875436
2103.5 1877124
2104.0 1877204
2104.5 1876744
2105.0 1876532
2105.5 1876720
2106.0 1876784
2106.5 1877400
2107.0 1877508
2107.5 1877540
2108.0 1877932
2108.5 1878288
2109.0 1878556
2109.5 1878964
2110.0 1878984
2110.5 1879288
2111.0 1879792
2111.5 1879444
2112.0 1880028
2112.5 1880628
2113.0 1880720
2113.5 1880768
2114.0 1881196
2114.5 1882056
2115.0 1881492
2115.5 1881636
2116.0 1881868
2116.5 1882360
2117.0 1882896
2117.5 1882484
2118.0 1883020
2118.5 1883636
2119.3 1877536
2119.9 1877536
2120.6 1877528
2121.5 1877496
2122.0 1877496
2122.5 1877496
2123.1 1877496
2124.9 1877496
2125.4 1877496
2126.9 1877528
2128.4 1877528
2128.9 1877528
2129.4 1877528
2131.2 1877496
2134.8 1877496
2135.3 1877496
2137.2 1877496
2140.7 1877496
2142.7 1877464
2144.5 1877528
2145.0 1881320
2145.5 1881564
2146.0 1881728
2146.5 1881556
2147.0 1881808
2147.5 1882028
2148.0 1882564
2148.5 1883400
2149.0 1883180
2149.5 1883256
2150.0 1883808
2150.5 1881596
2151.0 1881216
2151.5 1881768
2152.0 1881832
2152.5 1881512
2153.0 1882444
2153.5 1882680
2154.0 1882932
2154.5 1883296
2155.0 1883296
2155.5 1882712
2156.0 1881920
2156.5 1881428
2157.0 1881784
2157.5 1881796
2158.0 1882036
2158.5 1882084
2159.0 1881908
2159.5 1882784
2160.0 1883084
2160.5 1883280
2161.0 1872264
2161.5 1873720
2162.0 1873264
2162.5 1873484
2163.0 1873972
2163.5 1873876
2164.0 1874032
2164.5 1874348
2165.0 1874664
2165.5 1875336
2167.7 1868992
2169.7 1868992
2170.5 1868992
2171.4 1868984
2171.9 1868984
2172.4 1868984
2174.3 1868952
2174.9 1868952
2175.4 1868952
2176.9 1868952
2177.7 1868952
2179.7 1868952
2181.7 1868952
2182.8 1869016
2184.7 1868984
2185.2 1868984
2187.1 1868984
2188.0 1868984
2188.5 1868984
2189.5 1868984
2190.0 1875100
2190.5 1874876
2191.0 1875128
2191.5 1875460
2192.0 1875544
2192.5 1875916
2193.0 1876200
2193.5 1876184
2194.0 1876484
2194.5 1876940
2195.0 1877216
2195.5 1877088
2196.0 1877436
2196.5 1877752
2197.0 1877780
2197.5 1878100
2198.0 1878396
2198.5 1878648
2199.0 1878616
2199.5 1878916
2200.0 1879004
2200.5 1879048
2201.0 1879240
2201.5 1879428
2202.0 1880436
2202.5 1880972
2203.0 1881240
2203.5 1881316
2204.0 1881444
2204.5 1881712
2205.0 1882068
2205.5 1882256
2206.0 1881996
2206.5 1882344
2207.0 1882628
2207.5 1882864
2208.0 1883164
2208.5 1880920
2209.0 1881468
2209.5 1881356
2210.0 1881696
2210.5 1875968
2212.3 1875968
2213.9 1875960
2215.9 1875960
2217.2 1875960
2222.2 1875928
2222.7 1875928
2223.3 1875928
2224.8 1875992
2225.6 1875992
2226.1 1875992
2228.2 1875992
2228.7 1875992
2230.5 1875992
2232.4 1875952
2234.5 1875952
2235.0 1881916
2235.5 1882452
2236.0 1882640
2236.5 1882988
2237.0 1882632
2237.5 1882868
2238.0 1881300
2238.5 1881608
2239.0 1881744
2239.5 1882280
2240.0 1882628
2240.5 1882444
2241.0 1882664
2241.5 1882744
2242.0 1883412
2242.5 1883396
2243.0 1883572
2243.5 1881524
2244.0 1881364
2244.5 1881316
2245.0 1882044
2245.5 1881788
2246.0 1882924
2246.5 1882948
2247.0 1882596
2247.5 1882924
2248.0 1883192
2248.5 1883508
2249.0 1881720
2249.5 1882068
2250.0 1882320
2250.5 1881820
2251.0 1882328
2251.5 1882340
2252.0 1883108
2252.5 1883044
2253.0 1883264
2253.5 1882880
2254.0 1882956
2254.5 1882576
2255.0 1882844
2256.3 1876916
2257.5 1876876
2258.0 1876940
2259.8 1876940
2261.0 1876940
2261.6 1876940
2263.3 1876940
2264.6 1876940
2266.0 1876940
2266.6 1876908
2267.3 1876908
2267.8 1876908
2268.4 1876908
2270.0 1876908
2271.2 1876908
2271.7 1876908
2274.3 1876932
2275.9 1876900
2277.8 1876900
2278.8 1876900
2279.4 1876900
2279.9 1873632
2280.4 1872908
2280.9 1872876
2281.4 1873128
2281.9 1873600
2282.4 1873476
2282.9 1873868
2283.4 1873884
2283.9 1873756
2284.4 1873740
2284.9 1874632
2285.4 1874964
2285.9 1874956
2286.4 1874952
2286.9 1875460
2287.4 1875868
2287.9 1875884
2288.4 1876120
2288.9 1876892
2289.4 1877332
2289.9 1877720
2290.4 1877988
2290.9 1877324
2291.4 1877656
2291.9 1877812
2292.4 1878256
2292.9 1878964
2293.4 1878900
2293.9 1879264
2294.4 1879768
2294.9 1879396
2295.4 1879632
2295.9 1879584
2296.4 1880152
2296.9 1880544
2297.4 1880988
2297.9 1880964
2298.4 1881104
2298.9 1881404
2299.4 1881896
2299.9 1881792
2300.4 1875800
2301.8 1875800
2303.2 1875800
2303.7 1875768
2304.3 1875768
2305.8 1875760
2307.8 1875760
2308.4 1875760
2309.4 1875760
2310.2 1875760
2312.7 1875792
2315.6 1875760
2316.1 1875760
2316.8 1875760
2317.4 1875760
2319.2 1875760
2321.1 1875760
2323.4 1875760
2324.1 1875760
2324.6 1877728
2325.1 1881592
2325.6 1881908
2326.1 1882608
2326.6 1883112
2327.1 1883444
2327.6 1880876
2328.1 1880908
2328.6 1881300
2329.1 1881504
2329.6 1881388
2330.1 1881324
2330.6 1881540
2331.1 1881872
2331.6 1882076
2332.1 1882352
2332.6 1882684
2333.1 1883076
2333.6 1882776
2334.1 1878904
2334.6 1879244
2335.1 1879244
2335.6 1879400
2336.1 1879556
2336.6 1879776
2337.1 1880188
2337.6 1880220
2338.1 1880456
2338.6 1880516
2339.1 1880832
2339.6 1881324
2340.1 1881696
2340.6 1881816
2341.1 1881644
2341.6 1882116
2342.1 1882116
2342.6 1881872
2343.1 1881872
2343.6 1881980
2344.1 1883068
2344.6 1872984
2345.1 1861908
2345.6 1855884
2346.2 1855884
2347.9 1855884
2348.5 1855884
2349.9 1855852
2350.6 1855852
2352.4 1855844
2353.2 1855844
2353.9 1855844
2354.6 1855844
2355.3 1855844
2356.0 1855844
2357.4 1855844
2358.6 1855876
2360.1 1855876
2361.0 1855876
2362.9 1855876
2364.7 1855876
2366.1 1855876
2366.6 1855876
2367.7 1855868
2368.8 1855836
2369.5 1855836
2370.0 1862320
2370.5 1861956
2371.0 1862144
2371.5 1862304
2372.0 1862696
2372.5 1863012
2373.0 1863644
2373.5 1863736
2374.0 1863704
2374.5 1863908
2375.0 1863900
2375.5 1864216
2376.0 1864516
2376.5 1864452
2377.0 1864848
2377.5 1864964
2378.0 1865248
2378.5 1865264
2379.0 1865628
2379.5 1865812
2380.0 1866436
2380.5 1866540
2381.0 1866776
2381.5 1867152
2382.0 1867500
2382.5 1868116
2383.0 1867564
2383.5 1867940
2384.0 1868128
2384.5 1868776
2385.0 1868752
2385.5 1869256
2386.0 1869716
2386.5 1869656
2387.0 1869908
2387.5 1869892
2388.0 1870004
2388.5 1870460
2389.0 1870760
2390.1 1864792
2390.8 1864792
2391.3 1864792
2393.0 1864856
2393.7 1864856
2394.2 1864824
2396.2 1864824
2396.7 1864824
2397.2 1864824
2398.1 1864824
2401.7 1864824
2402.3 1864824
2404.7 1864792
2406.5 1864792
2410.0 1865036
2410.5 1865036
2411.3 1865068
2412.2 1865068
2414.5 1865068
2415.0 1871848
2415.5 1871720
2416.0 1872128
2416.5 1872396
2417.0 1872100
2417.5 1872508
2418.0 1872728
2418.5 1872616
2419.0 1872712
2419.5 1873044
2420.0 1873412
2420.5 1873852
2421.0 1874280
2421.5 1874532
2422.0 1874792
2422.5 1874624
2423.0 1875068
2423.5 1876076
2424.0 1875808
2424.5 1876548
2425.0 1876508
2425.5 1877272
2426.0 1877556
2426.5 1877256
2427.0 1877256
2427.5 1877776
2428.0 1877888
2428.5 1878456
2429.0 1878296
2429.5 1878736
2430.0 1879076
2430.5 1879264
2431.0 1879200
2431.5 1879312
2432.0 1879572
2432.5 1879808
2433.0 1880028
2433.5 1880896
2434.0 1874900
2434.5 1874964
2435.7 1874956
2436.2 1874956
2438.6 1874956
2439.8 1874956
2442.0 1874956
2442.5 1874956
2443.0 1874924
2444.0 1874924
2444.7 1874924
2445.4 1874924
2446.5 1874924
2447.0 1874924
2447.5 1874956
2448.0 1874956
2449.2 1874956
2451.1 1874916
2452.5 1874916
2453.8 1874916
2454.7 1874916
2455.2 1874916
2457.0 1874916
2458.6 1874916
2459.5 1874916
2460.0 1880948
2460.5 1881504
2461.0 1881564
2461.5 1881928
2462.0 1881956
2462.5 1881924
2463.0 1882500
2463.5 1882028
2464.0 1882248
2464.5 1882436
2465.0 1882824
2465.5 1882936
2466.0 1883248
2466.5 1881452
2467.0 1882336
2467.5 1882208
2468.0 1882524
2468.5 1882792
2469.0 1882712
2469.5 1881196
2470.0 1881360
2470.5 1881328
2471.0 1881832
2471.5 1881736
2472.0 1882036
2472.5 1882068
2473.0 1882744
2473.5 1882920
2474.0 1882996
2474.5 1880636
2475.0 1880500
2475.5 1880912
2476.0 1881588
2476.5 1882108
2477.0 1882496
2477.5 1882472
2478.0 1882376
2478.5 1882740
2479.0 1877048
2480.1 1877040
2480.6 1877040
2482.5 1877040
2484.4 1877008
2487.3 1877008
2487.8 1877008
2488.3 1877008
2488.8 1877008
2492.5 1877008
2493.0 1877040
2493.5 1877040
2494.0 1877008
2494.5 1877008
2496.7 1877008
2498.5 1877000
2500.4 1877000
2500.9 1877000
2502.4 1877000
2502.9 1877000
2504.5 1876968
2505.0 1872500
2505.5 1872736
2506.0 1873036
2506.5 1873176
2507.0 1873632
2507.5 1873964
2508.0 1873964
2508.5 1873884
2509.0 1874292
2509.5 1874688
2510.0 1874680
2510.5 1874980
2511.0 1874792
2511.5 1874916
2512.0 1875248
2512.5 1875420
2513.0 1875848
2513.5 1876176
2514.0 1876036
2514.5 1876192
2515.0 1876516
2515.5 1876704
2516.0 1877444
2516.5 1877364
2517.0 1877412
2517.5 1877444
2518.0 1876900
2518.5 1877232
2519.0 1877600
2519.5 1877916
2520.0 1878020
2520.5 1877592
2521.0 1877672
2521.5 1877688
2522.0 1878004
2522.5 1877608
2523.0 1878048
2523.5 1877672
2524.0 1877548
2524.5 1877768
2525.0 1877712
2525.5 1871684
2526.0 1871684
2526.5 1871684
2528.0 1871684
2528.5 1871684
2529.0 1871716
2535.7 1871708
2537.7 1871708
2539.6 1871708
2540.1 1871708
2540.6 1871708
2542.4 1871708
2542.9 1871676
2544.8 1871668
2547.0 1871668
2547.5 1871668
2549.5 1871700
2550.0 1878020
2550.5 1877732
2551.0 1877828
2551.5 1877828
2552.0 1878584
2552.5 1877956
2553.0 1878004
2553.5 1877796
2554.0 1878080
2554.5 1877924
2555.0 1877480
2555.5 1877956
2556.0 1877276
2556.5 1877324
2557.0 1877388
2557.5 1877468
2558.0 1877688
2558.5 1877828
2559.0 1877756
2559.5 1877820
2560.0 1877900
2560.5 1878164
2561.0 1877796
2561.5 1877892
2562.0 1877420
2562.5 1877120
2563.0 1877560
2563.5 1877812
2564.0 1878088
2564.5 1877724
2565.0 1877836
2565.5 1877932
2566.0 1877804
2566.5 1877728
2567.0 1877680
2567.5 1877584
2568.0 1877568
2568.5 1877868
2569.0 1877560
2569.5 1877704
2570.0 1877592
2570.5 1877512
2571.0 1877736
2571.5 1877860
2572.0 1871920
2574.0 1871920
2574.5 1871912
2575.7 1871912
2576.2 1871880
2579.9 1871880
2580.4 1871880
2582.3 1871944
2582.8 1871944
2584.5 1871944
2585.0 1871944
2586.8 1871944
2587.3 1871912
2589.3 1871912
2592.9 1871912
2594.5 1871912
2595.0 1877924
2595.5 1878080
2596.0 1878380
2596.5 1878024
2597.0 1878184
2597.5 1877292
2598.0 1877468
2598.5 1877348
2599.0 1877188
2599.5 1877220
2600.0 1877912
2600.5 1877840
2601.0 1877744
2601.5 1877600
2602.0 1877504
2602.5 1877504
2603.0 1877284
2603.5 1877404
2604.0 1877324
2604.5 1877436
2605.0 1877228
2605.5 1877436
2606.0 1877436
2606.5 1877940
2607.0 1877940
2607.5 1877876
2608.0 1877924
2608.5 1877884
2609.0 1877900
2609.5 1877788
2610.0 1877836
2610.5 1878168
2611.0 1877284
2611.5 1877664
2612.0 1877820
2612.5 1877380
2613.0 1877488
2613.5 1877540
2614.0 1877648
2614.5 1877820
2615.0 1878072
2615.5 1877504
2616.0 1877632
2616.5 1877568
2617.0 1871904
2617.5 1871904
2618.0 1871904
2618.5 1871904
2619.9 1871896
2620.4 1871896
2622.3 1871896
2624.1 1871864
2624.8 1871864
2628.4 1871928
2629.7 1871928
2630.2 1871928
2630.7 1871928
2631.4 1871928
2631.9 1871920
2632.4 1871888
2634.2 1871888
2634.7 1871888
2635.2 1871888
2636.4 1871888
2636.9 1871888
2637.4 1871888
2637.9 1871952
2638.4 1871952
2638.9 1871920
2639.5 1871920
2640.0 1877936
2640.5 1877748
2641.0 1877780
2641.5 1877812
2642.0 1878000
2642.5 1878696
2643.0 1878128
2643.5 1878016
2644.0 1878064
2644.5 1877608
2645.0 1877568
2645.5 1877568
2646.0 1877756
2646.5 1878008
2647.0 1877976
2647.5 1877772
2648.0 1878008
2648.5 1877928
2649.0 1878088
2649.5 1877740
2650.0 1878064
2650.5 1877860
2651.0 1878096
2651.5 1878224
2652.0 1877448
2652.5 1877796
2653.0 1877860
2653.5 1877480
2654.0 1877464
2654.5 1878284
2655.0 1877772
2655.5 1877756
2656.0 1877692
2656.5 1877756
2657.0 1877772
2657.5 1877504
2658.0 1877424
2658.5 1877568
2659.0 1877472
2659.5 1877420
2660.0 1877208
2660.5 1877016
2661.0 1876812
2661.5 1877016
2662.0 1871716
2662.5 1871716
2663.0 1871716
2663.5 1871716
2664.0 1871716
2664.5 1871716
2665.0 1871708
2665.5 1871708
2666.0 1871708
2666.5 1871676
2667.0 1871676
2667.5 1871740
2668.0 1871740
2668.6 1871740
2669.1 1871740
2669.6 1871740
2670.2 1871740
2670.7 1871740
2671.2 1871740
2671.7 1871708
2672.2 1871708
2672.7 1871708
2673.2 1871708
2673.7 1871708
2674.2 1871708
2674.7 1871740
2675.2 1871740
2675.7 1871740
2676.2 1871708
2676.7 1871708
2677.2 1871708
2677.7 1871708
2678.2 1871708
2678.8 1871708
2679.3 1871708
2679.8 1871708
2680.3 1871708
2680.8 1871676
2681.3 1871676
2681.8 1871676
2682.3 1871740
2682.8 1871740
2683.3 1871740
2683.8 1871740
2684.3 1871740
2684.8 1877496
2685.3 1877116
2685.8 1877260
2686.3 1877100
2686.8 1877132
2687.3 1877244
2687.8 1877244
2688.3 1877448
2688.8 1877708
2689.3 1877600
2689.8 1877528
2690.3 1877844
2690.8 1877780
2691.3 1877700
2691.8 1878408
2692.3 1878412
2692.8 1878188
2693.3 1878064
2693.8 1877828
2694.3 1877764
2694.8 1877960
2695.3 1877724
2695.8 1878104
2696.3 1877804
2696.8 1878056
2697.3 1877864
2697.8 1877836
2698.3 1877916
2698.8 1877676
2699.3 1877220
2699.8 1878268
2700.3 1877904
2700.8 1877936
2701.3 1877936
2701.8 1877936
2702.3 1878016
2702.8 1878112
2703.3 1878032
2703.8 1878048
2704.3 1878016
2704.8 1877880
2705.3 1877740
2705.8 1878640
2706.3 1877880
2706.8 1877700
2707.3 1872068
2707.8 1872068
2708.3 1872068
2708.8 1872068
2709.3 1872068
2709.8 1872068
2710.4 1872028
2710.9 1872028
2711.4 1872028
2711.9 1872028
2712.4 1872028
2712.9 1872028
2713.4 1872092
2713.9 1872060
2714.4 1872060
2714.9 1872060
2715.5 1872060
2716.0 1872060
2716.5 1872060
2717.0 1872060
2717.5 1872060
2718.0 1872060
2718.5 1872060
2719.0 1872020
2719.5 1872020
2720.0 1872020
2720.5 1872052
2721.0 1872052
2721.5 1872052
2722.0 1872052
2722.5 1872052
2723.0 1872020
2723.5 1872020
2724.0 1872020
2724.5 1872020
2725.0 1872020
2725.5 1872020
2726.0 1872020
2726.5 1872020
2727.0 1872020
2727.5 1872020
2728.0 1872020
2728.5 1872052
2729.1 1872052
2729.6 1872052
2730.1 1877952
2730.6 1877864
2731.1 1877488
2731.6 1878120
2732.1 1877912
2732.6 1877692
2733.1 1877532
2733.6 1877708
2734.1 1877536
2734.6 1877628
2735.1 1877952
2735.6 1877716
2736.1 1877892
2736.6 1877796
2737.1 1877780
2737.6 1878160
2738.1 1878080
2738.6 1878156
2739.1 1877432
2739.6 1877512
2740.1 1877596
2740.6 1877912
2741.1 1877992
2741.6 1878052
2742.1 1877956
2742.6 1877644
2743.1 1877788
2743.6 1877992
2744.1 1878024
2744.6 1878024
2745.1 1877928
2745.6 1877960
2746.1 1877960
2746.6 1877644
2747.1 1877976
2747.6 1877944
2748.1 1877660
2748.6 1877992
2749.1 1877992
2749.6 1877692
2750.1 1877828
2750.6 1877604
2751.1 1878108
2751.6 1878380
2752.2 1872012
2752.8 1872012
2753.3 1872012
2753.8 1872012
2754.3 1872012
2754.8 1872012
2755.3 1872004
2755.8 1872004
2756.3 1872004
2756.8 1872036
2757.3 1872036
2757.8 1872036
2758.3 1872036
2758.8 1872036
2759.3 1872036
2759.8 1872036
2760.4 1872036
2760.9 1872036
2761.6 1872004
2762.1 1872004
2762.6 1872004
2763.1 1872004
2763.6 1872004
2764.1 1872004
2764.7 1872036
2765.2 1872036
2765.7 1872036
2766.2 1872036
2766.7 1872004
2767.2 1872004
2767.7 1872004
2768.2 1872004
2768.7 1872004
2769.2 1872004
2769.7 1872004
2770.2 1872004
2770.7 1871972
2771.2 1871972
2771.7 1871972
2772.2 1871972
2772.7 1872036
2773.2 1872036
2773.7 1872036
2774.2 1872036
2774.7 1879392
2775.2 1878128
2775.7 1877620
2776.2 1877780
2776.7 1877652
2777.2 1877324
2777.7 1877372
2778.2 1877212
2778.7 1877132
2779.2 1877464
2779.7 1877944
2780.2 1878180
2780.7 1878068
2781.2 1878348
2781.7 1877972
2782.2 1877788
2782.7 1878040
2783.2 1877756
2783.7 1877708
2784.2 1877788
2784.7 1877748
2785.2 1877840
2785.7 1877748
2786.2 1877716
2786.7 1877732
2787.2 1877780
2787.7 1878204
2788.2 1877936
2788.7 1877952
2789.2 1878096
2789.7 1878212
2790.2 1878148
2790.7 1878024
2791.2 1878244
2791.7 1878324
2792.2 1878132
2792.7 1877960
2793.2 1877768
2793.7 1877768
2794.2 1877976
2794.7 1877668
2795.2 1877432
2795.7 1877336
2796.2 1877400
2796.7 1877384
2797.2 1871464
2797.7 1871464
2798.2 1871432
2798.7 1871432
2799.2 1871432
2799.9 1871432
2800.4 1871424
2800.9 1871424
2801.4 1871424
2801.9 1871424
2802.5 1871424
2803.0 1871392
2803.5 1871456
2804.0 1871456
2804.5 1871456
2805.0 1871456
2805.5 1871456
2806.0 1871456
2806.5 1871456
2807.0 1871456
2807.5 1871456
2808.1 1871424
2808.6 1871424
2809.1 1871424
2809.6 1871424
2810.1 1871424
2810.7 1871424
2811.2 1871456
2811.7 1871456
2812.2 1871456
2812.7 1871424
2813.2 1871424
2813.7 1871424
2814.2 1871424
2814.7 1871424
2815.2 1871424
2815.7 1871424
2816.3 1871424
2816.8 1871424
2817.3 1871424
2817.8 1871392
2818.3 1871456
2818.8 1871456
2819.3 1871456
2819.8 1871456
2820.3 1877912
2820.8 1877296
2821.3 1877092
2821.8 1877456
2822.3 1877360
2822.8 1877296
2823.3 1877424
2823.8 1877424
2824.3 1877092
2824.8 1877788
2825.3 1877732
2825.8 1877668
2826.3 1877588
2826.8 1877636
2827.3 1877732
2827.8 1877668
2828.3 1877320
2828.8 1877208
2829.3 1877464
2829.8 1877180
2830.3 1876968
2830.8 1877264
2831.3 1877344
2831.8 1877108
2832.3 1877092
2832.8 1877312
2833.3 1877784
2833.8 1877952
2834.3 1877776
2834.8 1877604
2835.3 1877880
2835.8 1877816
2836.3 1877784
2836.8 1877880
2837.3 1878052
2837.8 1877848
2838.3 1877864
2838.8 1877532
2839.3 1877660
2839.8 1877612
2840.3 1877776
2840.8 1877652
2841.3 1877684
2841.8 1877620
2842.3 1877824
2842.8 1877872
2843.3 1871684
2843.8 1871684
2844.3 1871684
2844.8 1871652
2845.3 1871652
2845.8 1871644
2846.3 1871708
2846.8 1871708
2847.3 1871708
2847.8 1871708
2848.3 1871708
2848.8 1871708
2849.5 1871708
2850.0 1871676
2850.5 1871676
2851.0 1871676
2851.5 1871676
2852.0 1871676
2852.5 1871676
2853.0 1871676
2853.5 1871676
2854.0 1871708
2854.5 1871708
2855.0 1871708
2855.5 1871708
2856.1 1871708
2856.6 1871708
2857.1 1871708
2857.6 1871708
2858.1 1871708
2858.6 1871708
2859.1 1871676
2859.6 1871676
2860.1 1871676
2860.6 1871676
2861.1 1871676
2861.6 1871708
2862.1 1871708
2862.6 1871708
2863.1 1871708
2863.6 1871676
2864.1 1871676
2864.6 1874064
2865.1 1878084
2865.6 1877976
2866.1 1878180
2866.6 1877848
2867.1 1877752
2867.6 1878100
2868.1 1877848
2868.6 1877896
2869.1 1877800
2869.6 1878124
2870.1 1877724
2870.6 1878008
2871.1 1878680
2871.6 1877832
2872.1 1877628
2872.6 1877532
2873.1 1877644
2873.6 1877504
2874.1 1877736
2874.6 1877996
2875.1 1877840
2875.6 1877588
2876.1 1878012
2876.6 1877840
2877.1 1877824
2877.6 1877556
2878.1 1877636
2878.6 1877888
2879.1 1878208
2879.6 1878088
2880.1 1877768
2880.6 1878132
2881.1 1878776
2881.6 1877912
2882.1 1878196
2882.6 1877944
2883.1 1878052
2883.6 1877784
2884.1 1878132
2884.6 1877784
2885.1 1878316
2885.6 1877620
2886.1 1877872
2886.6 1878692
2887.1 1877824
2887.6 1878092
2888.1 1872008
2888.6 1872008
2889.2 1872008
2889.7 1872008
2890.2 1872040
2890.7 1872032
2891.2 1872032
2891.7 1872032
2892.3 1872032
2892.8 1872032
2893.3 1872032
2893.8 1872032
2894.3 1872032
2894.8 1871992
2895.3 1871992
2895.8 1871992
2896.3 1871992
2896.8 1871992
2897.3 1871992
2897.8 1872024
2898.4 1872024
2898.9 1872024
2899.4 1872024
2899.9 1871992
2900.4 1871992
2900.9 1871992
2901.4 1871992
2901.9 1871992
2902.4 1871992
2902.9 1871992
2903.4 1871992
2903.9 1871992
2904.4 1871960
2904.9 1872024
2905.4 1872024
2905.9 1872024
2906.4 1872024
2906.9 1872024
2907.4 1872024
2907.9 1872024
2908.4 1872024
2908.9 1871992
2909.4 1871992
2909.9 1878068
2910.4 1877960
2910.9 1877896
2911.4 1878164
2911.9 1877768
2912.4 1878036
2912.9 1878004
2913.4 1878164
2913.9 1877644
2914.4 1877784
2914.9 1877712
2915.4 1878060
2915.9 1878172
2916.4 1877920
2916.9 1878156
2917.4 1878264
2917.9 1878188
2918.4 1878172
2918.9 1877996
2919.4 1877932
2919.9 1878432
2920.4 1877860
2920.9 1878148
2921.4 1877928
2921.9 1877956
2922.4 1878196
2922.9 1877612
2923.4 1877688
2923.9 1877800
2924.4 1877720
2924.9 1877760
2925.4 1877492
2925.9 1877524
2926.4 1877556
2926.9 1877572
2927.4 1877476
2927.9 1877556
2928.4 1878108
2928.9 1878124
2929.4 1878044
2929.9 1878068
2930.4 1878336
2930.9 1878084
2931.4 1878224
2931.9 1878100
2932.4 1877988
2932.9 1877200
2933.4 1871348
2933.9 1871348
2934.4 1871348
2934.9 1871348
2935.6 1871348
2936.1 1871340
2936.6 1871340
2937.1 1871308
2937.6 1871372
2938.1 1871372
2938.6 1871372
2939.1 1871372
2939.6 1871372
2940.1 1871372
2940.7 1871372
2941.2 1871340
2941.7 1871340
2942.2 1871340
2942.7 1871340
2943.2 1871340
2943.7 1871340
2944.3 1871340
2944.8 1871340
2945.3 1871372
2945.9 1871372
2946.4 1871340
2946.9 1871340
2947.4 1871340
2947.9 1871340
2948.4 1871340
2948.9 1871340
2949.4 1871340
2949.9 1871340
2950.4 1871340
2950.9 1871308
2951.4 1871308
2951.9 1871308
2952.4 1871308
2952.9 1871372
2953.4 1871372
2953.9 1871372
2954.4 1871372
2954.9 1877096
2955.4 1877224
2955.9 1877540
2956.4 1877776
2956.9 1878212
2957.4 1877800
2957.9 1877956
2958.4 1877988
2958.9 1878012
2959.4 1877712
2959.9 1877832
2960.4 1877768
2960.9 1877816
2961.4 1877956
2961.9 1877940
2962.4 1877972
2962.9 1877908
2963.4 1877908
2963.9 1877796
2964.4 1878004
2964.9 1878076
2965.4 1877996
2965.9 1878012
2966.4 1877900
2966.9 1878012
2967.4 1877728
2967.9 1877808
2968.4 1877856
2968.9 1877760
2969.4 1877776
2969.9 1877956
2970.4 1877972
2970.9 1877640
2971.4 1878432
2971.9 1877816
2972.4 1877784
2972.9 1878004
2973.4 1877420
2973.9 1877256
2974.4 1877816
2974.9 1877744
2975.4 1877784
2975.9 1878012
2976.4 1877916
2976.9 1877428
2977.4 1877172
2977.9 1873484
2978.4 1871472
2978.9 1871504
2979.4 1871504
2979.9 1871496
2980.4 1871496
2980.9 1871496
2981.4 1871464
2981.9 1871464
2982.4 1871464
2982.9 1871464
2983.5 1871464
2984.0 1871464
2984.5 1871464
2985.0 1871464
2985.5 1871464
2986.0 1871464
2986.5 1871496
2987.0 1871496
2987.5 1871496
2988.0 1871496
2988.5 1871496
2989.0 1871496
2989.5 1871496
2990.1 1871496
2990.6 1871496
2991.1 1871496
2991.6 1871496
2992.1 1871464
2992.6 1871464
2993.1 1871464
2993.6 1871496
2994.1 1871496
2994.6 1871496
2995.2 1871496
2995.7 1871464
2996.3 1871464
2996.8 1871464
2997.3 1871464
2997.8 1871464
2998.3 1871464
2998.8 1871464
2999.3 1871464
2999.8 1871464
3000.3 1877864
