0.5 1755272
2.3 1755336
2.8 1755336
4.0 1755336
5.8 1755336
7.8 1755336
8.3 1755336
9.0 1755336
10.2 1755336
12.0 1755304
13.1 1755304
13.6 1755304
18.3 1755304
18.8 1755304
19.7 1755304
21.9 1755336
22.4 1755336
24.3 1755304
24.8 1755304
26.6 1755304
27.1 1755304
29.0 1755304
29.5 1755304
30.0 1761148
30.5 1761652
31.0 1762392
31.5 1763420
32.0 1763308
32.5 1763228
33.0 1763228
33.5 1762912
34.0 1763116
34.5 1763324
35.0 1763240
35.5 1763176
36.0 1763052
36.5 1763020
37.0 1762940
37.5 1762672
38.0 1762484
38.5 1762372
39.0 1762404
39.5 1762612
40.0 1762432
40.5 1763008
41.0 1763196
41.5 1763260
42.0 1762896
42.5 1763244
43.0 1763760
43.5 1763540
44.0 1763640
44.5 1763180
45.0 1762972
45.5 1763160
46.0 1763540
46.5 1763320
47.0 1763208
47.5 1762768
48.0 1762956
48.5 1763048
49.0 1763288
49.5 1763144
50.0 1762640
50.5 1762716
51.0 1762952
51.5 1763016
52.0 1763220
52.5 1756756
53.0 1756756
53.5 1756756
54.0 1756756
54.9 1756756
55.7 1756756
56.2 1756752
56.7 1756752
57.2 1756752
58.2 1756752
59.0 1756752
59.5 1756752
60.2 1756784
60.7 1756784
62.0 1756784
62.5 1756784
63.0 1756784
63.5 1756784
64.0 1756784
64.8 1756752
65.3 1756752
65.8 1756752
66.8 1756752
67.4 1756752
68.0 1756752
68.5 1756752
69.0 1756784
70.2 1756784
70.7 1756752
71.5 1756752
72.3 1756752
72.8 1756752
73.5 1756752
74.0 1756752
74.5 1756752
75.0 1763516
75.5 1762728
76.0 1763200
76.5 1763076
77.0 1763028
77.5 1762772
78.0 1763328
78.5 1763124
79.0 1762916
79.5 1763596
80.0 1762740
80.5 1762644
81.0 1762676
81.5 1762676
82.0 1762472
82.5 1762708
83.0 1762344
83.5 1762788
84.0 1763040
84.5 1763244
85.0 1763208
85.5 1763336
86.0 1763476
86.5 1763476
87.0 1763556
87.5 1763636
88.0 1763368
88.5 1764668
89.0 1764344
89.5 1764252
90.0 1763560
90.5 1763244
91.0 1763276
91.5 1763496
92.0 1763228
92.5 1763196
93.0 1763892
93.5 1763180
94.0 1763356
94.5 1763260
95.0 1763508
95.5 1763192
96.0 1762972
96.5 1762892
97.0 1763100
97.5 1763068
98.0 1763160
98.5 1757008
99.0 1757008
100.8 1756972
102.7 1756972
103.2 1756972
106.9 1756972
108.8 1756972
116.0 1756972
117.8 1756940
119.5 1756940
120.0 1763196
120.5 1763008
121.0 1763228
121.5 1763372
122.0 1763180
122.5 1763228
123.0 1763132
123.5 1763020
124.0 1763100
124.5 1763260
125.0 1763232
125.5 1763596
126.0 1763104
126.5 1762900
127.0 1762900
127.5 1763216
128.0 1763216
128.5 1763168
129.0 1763200
129.5 1763104
130.0 1763064
130.5 1763588
131.0 1763364
131.5 1763396
132.0 1763192
132.5 1763256
133.0 1763176
133.5 1763444
134.0 1763540
134.5 1763288
135.0 1763516
135.5 1763420
136.0 1763372
136.5 1762916
137.0 1763184
137.5 1762964
138.0 1763264
138.5 1763104
139.0 1763216
139.5 1763612
140.0 1763508
140.5 1763476
141.0 1763332
141.5 1763392
142.0 1763340
142.5 1763200
143.0 1761684
148.7 1757388
149.2 1757388
149.7 1757388
150.2 1757388
152.0 1757388
155.6 1757356
156.9 1757356
157.4 1757356
158.4 1757356
158.9 1757356
159.4 1757356
159.9 1757356
160.4 1757388
161.9 1757388
162.4 1757356
162.9 1757356
163.4 1757356
163.9 1757356
164.5 1757356
165.0 1762916
165.5 1763464
166.0 1763876
166.5 1763500
167.0 1763436
167.5 1763532
168.0 1763608
168.5 1763516
169.0 1763420
169.5 1763548
170.0 1763432
170.5 1763416
171.0 1763416
171.5 1763276
172.0 1763132
172.5 1763228
173.0 1763292
173.5 1763480
174.0 1763180
174.5 1763384
175.0 1763412
175.5 1763208
176.0 1763080
176.5 1763444
177.0 1763160
177.5 1763208
178.0 1763352
178.5 1763492
179.0 1763272
179.5 1763288
180.0 1763376
180.5 1763188
181.0 1763552
181.5 1763220
182.0 1763312
182.5 1763596
183.0 1763188
183.5 1763268
184.0 1763140
184.5 1762616
185.0 1762728
185.5 1762648
186.0 1762632
186.5 1762600
187.0 1762348
187.5 1762492
188.0 1761664
190.0 1756288
190.5 1756284
191.0 1756284
191.6 1756284
192.2 1756284
192.7 1756316
194.1 1756316
194.6 1756316
195.1 1756316
195.6 1756316
196.1 1756316
196.6 1756316
197.1 1756316
197.6 1756316
198.1 1756316
198.6 1756284
199.6 1756284
200.1 1756284
201.0 1756284
201.5 1756316
202.0 1756316
202.9 1756316
203.4 1756284
204.1 1756284
204.6 1756284
205.1 1756284
205.6 1756284
206.1 1756284
206.6 1756284
207.1 1756284
207.6 1756284
208.3 1756252
208.8 1756252
209.5 1756316
210.0 1762108
210.5 1762140
211.0 1762172
211.5 1762456
212.0 1763252
212.5 1763284
213.0 1762952
213.5 1763096
214.0 1762824
214.5 1762604
215.0 1762996
215.5 1763248
216.0 1763312
216.5 1762852
217.0 1762664
217.5 1763028
218.0 1763296
218.5 1762964
219.0 1763060
219.5 1763168
220.0 1763008
220.5 1762864
221.0 1763056
221.5 1763776
222.0 1763320
222.5 1763212
223.0 1763368
223.5 1762736
224.0 1763020
224.5 1763240
225.0 1763000
225.5 1763128
226.0 1763064
226.5 1763268
227.0 1763348
227.5 1763048
228.0 1762920
228.5 1763064
229.0 1763240
229.5 1763096
230.0 1763344
230.5 1762888
231.0 1763108
231.5 1762668
232.0 1763044
232.5 1763344
233.0 1763028
233.5 1757072
234.0 1757072
234.5 1757072
235.0 1757072
235.7 1757068
236.2 1757068
238.1 1757036
239.1 1757036
239.6 1757036
240.1 1757036
240.7 1757036
241.2 1757036
241.8 1757036
242.3 1757036
242.8 1757036
243.3 1757036
243.8 1757068
244.3 1757068
244.8 1757068
245.3 1757068
245.8 1757068
246.3 1757068
246.8 1757068
247.3 1757068
247.8 1757068
248.9 1757036
249.4 1757036
251.6 1757036
252.7 1757068
253.2 1757068
253.7 1757068
254.2 1757068
254.7 1757068
255.2 1763176
255.7 1763068
256.2 1762836
256.7 1763420
257.2 1763432
257.7 1762944
258.2 1762912
258.7 1763136
259.2 1763228
259.7 1763260
260.2 1763320
260.7 1763224
261.2 1763272
261.7 1763288
262.2 1763384
262.7 1763100
263.2 1762720
263.7 1762844
264.2 1763132
264.7 1763004
265.2 1763144
265.7 1763220
266.2 1763032
266.7 1764372
267.2 1763344
267.7 1762600
268.2 1762892
268.7 1763112
269.2 1763272
269.7 1763204
270.2 1763028
270.7 1763328
271.2 1763440
271.7 1763280
272.2 1763484
272.7 1763376
273.2 1763596
273.7 1763028
274.2 1763232
274.7 1763280
275.2 1763024
275.7 1763152
276.2 1763292
276.7 1763260
277.2 1762736
277.7 1763148
278.2 1762960
278.7 1756876
280.5 1756872
281.0 1756872
284.3 1756872
285.5 1756872
286.0 1756872
286.7 1756872
288.6 1756904
289.1 1756904
289.8 1756904
290.3 1756904
290.8 1756904
291.3 1756904
291.8 1756904
292.3 1756904
292.8 1756904
293.3 1756872
295.3 1756872
295.8 1756872
296.3 1756872
296.8 1756872
297.3 1756872
297.8 1756904
298.3 1756904
298.8 1756904
299.5 1756872
300.0 1763084
300.5 1763340
301.0 1763068
301.5 1763192
302.0 1762988
302.5 1763144
303.0 1763320
303.5 1763272
304.0 1763288
304.5 1763272
305.0 1763016
305.5 1762652
306.0 1763348
306.5 1763316
307.0 1763092
307.5 1763308
308.0 1763008
308.5 1762880
309.0 1762976
309.5 1763276
310.0 1763208
310.5 1762972
311.0 1763224
311.5 1763192
312.0 1763096
312.5 1763176
313.0 1762956
313.5 1762924
314.0 1763128
314.5 1763004
315.0 1763332
315.5 1763204
316.0 1763204
316.5 1763080
317.0 1763284
317.5 1763172
318.0 1763284
318.5 1763252
319.0 1763284
319.5 1763392
320.0 1763076
320.5 1763184
321.0 1763028
321.5 1763516
322.0 1763232
322.5 1763184
323.0 1763012
323.5 1756888
324.6 1756888
328.4 1756884
328.9 1756884
329.4 1756884
329.9 1756884
330.4 1756884
330.9 1756884
331.4 1756884
331.9 1756852
332.4 1756852
332.9 1756852
334.8 1756916
336.9 1756916
338.8 1756916
339.3 1756916
339.8 1756884
340.3 1756884
340.8 1756884
341.3 1756884
342.7 1756884
343.2 1756884
344.5 1756884
345.0 1756884
345.5 1763140
346.0 1763048
346.5 1763032
347.0 1762604
347.5 1762984
348.0 1763060
348.5 1762948
349.0 1762984
349.5 1762888
350.0 1762840
350.5 1762632
351.0 1762824
351.5 1763060
352.0 1762712
352.5 1762428
353.0 1762240
353.5 1762600
354.0 1763144
354.5 1763224
355.0 1763128
355.5 1763000
356.0 1763000
356.5 1762544
357.0 1762560
357.5 1762212
358.0 1762196
358.5 1762732
359.0 1762624
359.5 1762780
360.0 1762668
360.5 1762900
361.0 1763200
361.5 1763216
362.0 1762980
362.5 1762444
363.0 1762932
363.5 1763264
364.0 1763104
364.5 1762916
365.0 1762980
365.5 1763164
366.0 1763008
366.5 1763164
367.0 1763100
367.5 1763084
368.0 1762692
368.5 1757004
370.2 1757004
370.7 1756968
371.2 1757032
376.2 1757032
376.7 1757032
378.6 1757032
380.3 1757032
380.8 1757032
382.8 1757000
383.3 1757000
385.0 1757000
386.8 1757000
387.3 1757000
389.0 1757000
389.5 1757000
390.0 1762308
390.5 1762168
391.0 1762216
391.5 1762484
392.0 1762768
392.5 1762824
393.0 1762348
393.5 1762224
394.0 1762460
394.5 1762412
395.0 1762960
395.5 1762976
396.0 1762912
396.5 1763180
397.0 1763292
397.5 1763004
398.0 1763244
398.5 1763088
399.0 1762912
399.5 1762832
400.0 1763036
400.5 1762988
401.0 1762844
401.5 1762908
402.0 1763256
402.5 1762924
403.0 1763020
403.5 1762752
404.0 1762736
404.5 1762752
405.0 1762668
405.5 1762568
406.0 1763016
406.5 1763536
407.0 1762952
407.5 1762904
408.0 1763064
408.5 1762920
409.0 1763000
409.5 1763660
410.0 1762996
410.5 1762820
411.0 1762916
411.5 1762804
412.0 1759056
412.7 1756972
413.2 1756972
414.6 1756972
415.1 1756972
415.6 1756972
416.1 1756936
416.9 1756936
418.0 1756936
418.8 1756936
419.6 1756936
420.4 1756936
421.2 1756936
422.2 1756904
423.0 1756904
424.1 1756968
424.6 1756968
425.1 1756968
425.6 1756968
426.2 1756968
426.7 1756968
427.5 1756968
428.6 1756936
429.1 1756936
429.7 1756936
430.2 1756936
430.8 1756936
431.3 1756936
432.1 1756936
432.6 1756936
433.1 1756968
433.8 1756936
434.5 1757220
435.0 1763164
435.5 1762376
436.0 1762456
436.5 1762360
437.0 1763120
437.5 1762708
438.0 1762536
438.5 1762788
439.0 1762960
439.5 1763208
440.0 1763240
440.5 1763200
441.0 1763436
441.5 1763232
442.0 1763516
442.5 1762884
443.0 1763216
443.5 1763088
444.0 1763136
444.5 1763216
445.0 1762828
445.5 1763004
446.0 1762420
446.5 1762452
447.0 1763212
447.5 1763004
448.0 1762972
448.5 1762892
449.0 1762956
449.5 1762924
450.0 1762852
450.5 1762884
451.0 1763248
451.5 1763008
452.0 1763056
452.5 1762964
453.0 1762868
453.5 1762824
454.0 1762664
454.5 1762348
455.0 1762720
455.5 1762640
456.0 1762828
456.5 1762780
457.0 1762908
457.5 1762956
458.0 1761804
459.3 1757092
460.4 1757336
461.3 1757336
461.8 1757336
463.2 1757304
463.7 1757304
464.3 1757304
464.8 1757304
465.3 1757304
465.8 1757304
467.1 1757336
468.1 1757336
468.6 1757336
469.5 1757304
470.6 1757304
471.1 1757304
471.7 1757304
472.3 1757304
473.2 1757304
474.1 1757304
474.6 1757304
475.4 1757304
475.9 1757272
476.4 1757272
476.9 1757272
477.5 1757336
478.0 1757336
478.8 1757336
479.3 1757336
479.8 1763288
480.3 1763200
480.8 1763168
481.3 1763088
481.8 1763168
482.3 1763184
482.8 1762868
483.3 1763420
483.8 1763040
484.3 1763356
484.8 1763460
485.3 1763288
485.8 1763112
486.3 1763112
486.8 1763208
487.3 1763112
487.8 1763328
488.3 1763168
488.8 1763264
489.3 1762948
489.8 1762656
490.3 1762720
490.8 1762768
491.3 1762624
491.8 1762656
492.3 1762608
492.8 1762672
493.3 1762672
493.8 1762720
494.3 1762720
494.8 1762112
495.3 1762412
495.8 1763088
496.3 1762536
496.8 1762836
497.3 1762680
497.8 1763168
498.3 1762804
498.8 1762836
499.3 1762932
499.8 1763096
500.3 1762780
500.8 1762796
501.3 1763192
501.8 1762860
502.3 1763064
502.8 1762704
503.3 1756652
504.8 1756652
506.6 1756612
507.8 1756612
508.3 1756612
508.8 1756612
509.9 1756612
511.3 1756612
511.8 1756612
512.3 1756612
513.7 1756580
514.2 1756580
514.7 1756644
515.2 1756644
516.0 1756644
516.5 1756644
517.1 1756644
518.1 1756644
518.8 1756644
519.3 1756612
519.8 1756612
520.3 1756612
521.8 1756612
522.3 1756612
522.8 1756612
523.8 1756612
524.5 1756644
525.0 1763268
525.5 1763364
526.0 1762944
526.5 1763096
527.0 1763064
527.5 1763204
528.0 1763192
528.5 1762840
529.0 1762780
529.5 1762828
530.0 1763436
530.5 1763088
531.0 1763120
531.5 1762600
532.0 1762816
532.5 1762512
533.0 1762592
533.5 1762876
534.0 1762732
534.5 1763428
535.0 1763120
535.5 1763276
536.0 1763216
536.5 1763340
537.0 1763260
537.5 1763056
538.0 1763260
538.5 1763228
539.0 1763104
539.5 1763184
540.0 1762968
540.5 1763000
541.0 1763004
541.5 1763572
542.0 1763444
542.5 1763348
543.0 1763364
543.5 1762764
544.0 1762844
544.5 1763268
545.0 1763008
545.5 1763136
546.0 1762944
546.5 1763056
547.0 1763040
547.5 1763420
548.0 1759464
548.6 1757172
549.1 1757204
549.9 1757204
551.2 1757200
551.9 1757200
553.2 1757200
554.6 1757200
555.1 1757200
555.6 1757200
556.4 1757200
556.9 1757168
557.4 1757168
558.1 1757168
558.6 1757168
559.2 1757168
559.7 1757168
560.7 1757200
561.6 1757200
562.3 1757200
562.8 1757200
563.7 1757168
564.2 1757168
564.7 1757168
565.2 1757168
565.7 1757168
567.0 1757168
567.5 1757168
568.0 1757168
568.5 1757136
569.0 1757200
569.5 1757200
570.0 1763352
570.5 1763004
571.0 1763352
571.5 1762880
572.0 1763368
572.5 1762956
573.0 1762484
573.5 1762876
574.0 1762832
574.5 1762752
575.0 1762776
575.5 1762840
576.0 1762604
576.5 1762728
577.0 1762808
577.5 1762776
578.0 1762492
578.5 1762572
579.0 1762492
579.5 1762604
580.0 1762752
580.5 1762932
581.0 1762932
581.5 1763028
582.0 1763168
582.5 1763044
583.0 1762900
583.5 1762932
584.0 1762728
584.5 1762932
585.0 1762896
585.5 1763040
586.0 1763056
586.5 1763024
587.0 1763576
587.5 1762944
588.0 1763216
588.5 1762896
589.0 1763088
589.5 1763080
590.0 1762684
590.5 1763136
591.0 1763140
591.5 1763028
592.0 1763028
592.5 1762980
593.0 1757284
594.5 1757284
595.0 1757284
595.7 1757280
596.2 1757280
596.7 1757312
598.6 1757312
599.1 1757312
599.6 1757312
600.1 1757312
600.6 1757312
601.1 1757312
601.6 1757312
602.1 1757312
602.6 1757280
603.1 1757280
605.0 1757280
605.5 1757280
607.5 1757312
608.0 1757312
608.5 1757312
609.2 1757312
609.8 1757312
610.3 1757312
610.8 1757280
612.4 1757280
613.2 1757280
614.5 1757280
615.0 1763064
615.5 1763412
616.0 1763064
616.5 1762904
617.0 1762860
617.5 1762528
618.0 1763016
618.5 1762844
619.0 1763000
619.5 1762888
620.0 1763644
620.5 1763084
621.0 1762280
621.5 1762564
622.0 1762736
622.5 1762676
623.0 1762864
623.5 1763004
624.0 1762896
624.5 1762848
625.0 1762680
625.5 1762948
626.0 1763532
626.5 1763296
627.0 1763848
627.5 1762964
628.0 1763076
628.5 1762744
629.0 1762468
629.5 1762980
630.0 1762580
630.5 1762420
631.0 1762500
631.5 1762548
632.0 1762816
632.5 1762596
633.0 1762136
633.5 1762960
634.0 1763440
634.5 1764184
635.0 1763232
635.5 1763280
636.0 1762904
636.5 1764448
637.0 1764840
637.5 1758148
638.2 1758148
638.7 1758148
640.0 1758148
640.5 1758180
641.0 1758180
641.5 1758144
642.0 1758144
642.5 1758144
644.1 1758144
644.6 1758144
645.1 1758144
645.6 1758144
647.0 1758144
648.0 1758144
650.0 1758112
650.5 1758112
651.0 1758176
651.5 1758176
652.7 1758176
653.2 1758176
653.7 1758176
654.2 1758176
654.7 1758144
655.2 1758144
655.7 1758144
658.9 1758144
659.4 1758144
659.9 1764156
660.4 1764340
660.9 1764164
661.4 1764388
661.9 1764512
662.4 1764844
662.9 1764608
663.4 1764672
663.9 1764276
664.4 1764592
664.9 1764584
665.4 1764360
665.9 1764520
666.4 1764552
666.9 1764140
667.4 1763748
667.9 1764064
668.4 1764140
668.9 1764568
669.4 1764264
669.9 1763744
670.4 1763444
670.9 1764044
671.4 1763664
671.9 1764200
672.4 1764312
672.9 1763932
673.4 1763932
673.9 1763980
674.4 1763696
674.9 1763924
675.4 1764200
675.9 1763980
676.4 1764176
676.9 1764680
677.4 1764776
677.9 1764352
678.4 1764680
678.9 1764760
679.4 1764396
679.9 1764816
680.4 1764768
680.9 1764532
681.4 1764500
681.9 1764752
682.4 1764452
682.9 1762468
683.4 1758576
683.9 1758576
684.4 1758576
684.9 1758576
685.4 1758576
685.9 1758536
686.4 1758536
686.9 1758536
687.4 1758536
687.9 1758568
688.4 1758568
688.9 1758568
689.4 1758568
689.9 1758568
690.4 1758568
690.9 1758536
691.4 1758536
691.9 1758536
692.4 1758536
692.9 1758536
693.4 1758536
693.9 1758536
694.4 1758536
694.9 1758504
695.5 1758568
696.0 1758568
696.5 1758568
697.0 1758568
697.5 1758568
698.0 1758568
698.5 1758568
699.0 1758568
699.5 1758568
700.0 1758536
700.5 1758536
701.0 1758536
701.5 1758536
702.0 1758536
702.5 1758536
703.0 1758568
703.5 1758568
704.0 1758568
704.5 1758568
705.0 1764104
705.5 1764680
706.0 1764924
706.5 1764572
707.0 1764508
707.5 1764776
708.0 1764604
708.5 1764508
709.0 1764236
709.5 1764248
710.0 1764384
710.5 1764544
711.0 1764544
711.5 1764608
712.0 1764228
712.5 1764292
713.0 1764384
713.5 1764196
714.0 1764608
714.5 1764496
715.0 1764440
715.5 1764300
716.0 1764408
716.5 1764284
717.0 1764552
717.5 1764628
718.0 1764932
718.5 1764660
719.0 1763980
719.5 1764284
720.0 1764736
720.5 1764580
721.0 1764800
721.5 1764500
722.0 1764656
722.5 1764500
723.0 1764484
723.5 1764420
724.0 1764564
724.5 1764628
725.0 1764592
725.5 1764464
726.0 1764672
726.5 1764196
727.0 1764436
727.5 1764736
728.0 1764844
728.5 1758752
729.0 1758752
729.5 1758752
730.0 1758808
730.5 1758808
731.0 1758808
731.5 1758808
732.0 1758808
732.5 1758808
733.0 1758776
733.5 1758776
734.0 1758776
734.5 1758776
735.0 1758776
735.5 1758776
736.0 1758776
736.5 1758776
737.0 1758840
737.5 1758808
738.0 1758808
738.5 1758808
739.0 1758808
739.5 1758808
740.0 1758808
740.5 1758808
741.0 1758808
741.5 1758808
742.0 1758776
742.6 1758776
743.1 1758776
743.6 1758776
744.1 1758776
744.6 1758776
745.1 1758808
745.6 1758808
746.1 1758808
746.6 1758808
747.1 1758776
747.6 1758776
748.1 1758776
748.6 1758776
749.1 1758776
749.6 1762408
750.1 1764488
750.6 1764584
751.1 1764392
751.6 1764172
752.1 1764628
752.6 1764376
753.1 1764108
753.6 1764140
754.1 1764488
754.6 1763916
755.1 1763708
755.6 1763836
756.1 1763948
756.6 1764012
757.1 1764012
757.6 1763932
758.1 1763728
758.6 1764044
759.1 1764280
759.6 1764096
760.1 1764240
760.6 1763672
761.1 1763892
761.6 1764160
762.1 1764524
762.6 1764652
763.1 1764616
763.6 1764424
764.1 1764136
764.6 1763624
765.1 1763560
765.6 1763720
766.1 1763988
766.6 1764000
767.1 1764444
767.6 1764680
768.1 1764192
768.6 1764760
769.1 1764584
769.6 1764608
770.1 1764104
770.6 1764752
771.1 1764768
771.6 1764640
772.1 1764532
772.6 1764420
773.1 1758800
773.6 1758232
774.1 1758232
774.6 1758232
775.1 1758192
775.6 1758192
776.1 1758192
776.6 1758192
777.1 1758256
777.6 1758256
778.1 1758256
778.6 1758256
779.1 1758256
779.6 1758256
780.1 1758224
780.6 1758224
781.1 1758224
781.6 1758224
782.1 1758224
782.6 1758224
783.1 1758224
783.6 1758224
784.1 1758288
784.6 1758256
785.1 1758256
785.6 1758256
786.1 1758256
786.6 1758256
787.1 1758256
787.7 1758256
788.2 1758256
788.7 1758256
789.2 1758224
789.7 1758224
790.2 1758224
790.7 1758224
791.2 1758256
791.7 1758256
792.2 1758256
792.7 1758256
793.2 1758256
793.7 1758256
794.2 1758224
794.7 1765188
795.2 1764500
795.7 1765020
796.2 1764416
796.7 1764584
797.2 1764896
797.7 1764816
798.2 1764892
798.7 1764580
799.2 1764784
799.7 1764496
800.2 1764764
800.7 1764700
801.2 1764620
801.7 1764732
802.2 1764544
802.7 1763976
803.2 1763756
803.7 1763944
804.2 1764304
804.7 1764664
805.2 1764396
805.7 1764396
806.2 1764412
806.7 1764792
807.2 1764808
807.7 1764728
808.2 1764696
808.7 1764808
809.2 1764648
809.7 1764736
810.2 1764672
810.7 1764816
811.2 1764420
811.7 1764516
812.2 1764736
812.7 1764452
813.2 1764484
813.7 1764468
814.2 1764420
814.7 1764568
815.2 1764428
815.7 1764632
816.2 1764516
816.7 1764216
817.2 1764276
817.7 1764248
818.2 1758076
818.7 1758076
819.2 1758076
819.7 1758076
820.3 1758072
820.8 1758072
821.3 1758072
821.8 1758072
822.3 1758104
822.8 1758104
823.3 1758104
823.8 1758104
824.3 1758104
824.8 1758104
825.3 1758104
825.9 1758104
826.4 1758104
826.9 1758104
827.4 1758072
827.9 1758072
828.4 1758072
828.9 1758072
829.4 1758104
829.9 1758104
830.4 1758104
830.9 1758104
831.4 1758072
831.9 1758072
832.4 1758072
832.9 1758072
833.5 1758072
834.0 1758072
834.5 1758072
835.0 1758072
835.5 1758072
836.0 1758072
836.5 1758040
837.0 1758104
837.5 1758104
838.0 1758104
838.5 1758104
839.0 1758104
839.5 1758104
840.0 1764008
840.5 1764164
841.0 1764212
841.5 1763848
842.0 1763752
842.5 1764116
843.0 1763548
843.5 1764032
844.0 1764148
844.5 1763816
845.0 1763968
845.5 1763888
846.0 1763808
846.5 1764172
847.0 1764236
847.5 1764392
848.0 1764432
848.5 1764700
849.0 1764668
849.5 1764684
850.0 1764296
850.5 1764420
851.0 1764248
851.5 1763776
852.0 1763760
852.5 1764424
853.0 1764028
853.5 1763952
854.0 1763792
854.5 1763652
855.0 1763960
855.5 1763612
856.0 1763548
856.5 1763692
857.0 1763820
857.5 1763848
858.0 1764180
858.5 1764084
859.0 1763628
859.5 1764340
860.0 1764316
860.5 1764868
861.0 1764300
861.5 1764428
862.0 1764396
862.5 1764300
863.0 1764016
863.5 1758040
864.0 1758040
864.5 1758040
865.0 1758040
865.5 1758000
866.0 1758000
866.5 1758000
867.0 1758000
867.5 1758000
868.0 1758000
868.5 1758032
869.0 1758032
869.5 1758000
870.0 1758000
870.5 1758000
871.0 1758000
871.5 1758000
872.0 1758000
872.5 1758000
873.0 1758000
873.5 1758000
874.0 1758000
874.5 1757968
875.0 1757968
875.5 1758032
876.0 1758032
876.6 1758032
877.1 1758032
877.6 1758032
878.1 1758032
878.6 1758032
879.1 1758032
879.6 1758000
880.1 1758000
880.6 1758000
881.1 1758000
881.6 1758000
882.1 1758000
882.6 1758000
883.1 1758000
883.6 1758032
884.1 1758032
884.6 1758032
885.1 1763616
885.6 1764240
886.1 1763780
886.6 1764020
887.1 1763988
887.6 1764144
888.1 1764332
888.6 1764460
889.1 1764696
889.6 1764616
890.1 1764560
890.6 1764608
891.1 1764704
891.6 1764460
892.1 1765188
892.6 1764696
893.1 1764632
893.6 1764712
894.1 1764492
894.6 1764712
895.1 1764528
895.6 1764560
896.1 1764672
896.6 1764576
897.1 1764420
897.6 1764432
898.1 1764404
898.6 1764356
899.1 1764420
899.6 1764640
900.1 1764488
900.6 1764616
901.1 1764584
901.6 1764504
902.1 1764536
902.6 1764788
903.1 1764756
903.6 1764852
904.1 1764520
904.6 1764900
905.1 1764184
905.6 1764324
906.1 1764452
906.6 1764324
907.1 1758440
907.6 1758440
908.1 1758440
908.6 1758440
909.1 1758440
909.6 1758440
910.1 1758440
910.7 1758432
911.3 1758432
911.8 1758400
912.3 1758400
912.8 1758400
913.3 1758400
913.8 1758464
914.3 1758464
914.8 1758464
915.3 1758464
915.8 1758464
916.3 1758464
916.8 1758432
917.3 1758432
917.8 1758432
918.3 1758432
918.8 1758432
919.3 1758432
919.8 1758432
920.3 1758432
920.8 1758496
921.3 1758464
921.8 1758464
922.3 1758464
922.8 1758464
923.3 1758464
923.8 1758464
924.3 1758464
924.8 1758464
925.3 1758464
925.8 1758432
926.3 1758432
926.8 1758432
927.3 1758432
927.8 1758464
928.3 1758464
928.9 1758464
929.4 1758464
929.9 1764104
930.4 1764204
930.9 1764244
931.4 1763960
931.9 1763992
932.4 1764260
932.9 1764484
933.4 1764656
933.9 1764592
934.4 1764624
934.9 1764192
935.4 1764224
935.9 1765108
936.4 1764768
936.9 1764864
937.4 1764320
937.9 1764604
938.4 1763908
938.9 1764068
939.4 1764336
939.9 1764196
940.4 1764888
940.9 1764604
941.4 1764920
941.9 1764668
942.4 1764452
942.9 1764740
943.4 1764548
943.9 1764452
944.4 1764676
944.9 1764484
945.4 1764720
945.9 1764756
946.4 1764548
946.9 1764436
947.4 1764256
947.9 1763976
948.4 1763800
948.9 1763768
949.4 1763704
949.9 1764020
950.4 1764580
950.9 1764092
951.4 1764124
951.9 1758532
952.4 1758532
952.9 1758528
953.4 1758528
953.9 1758496
954.4 1758560
954.9 1758560
955.4 1758560
955.9 1758560
956.4 1758560
956.9 1758560
957.4 1758560
957.9 1758528
958.4 1758528
958.9 1758528
959.4 1758528
960.0 1758528
960.5 1758528
961.0 1758528
961.5 1758560
962.0 1758560
962.5 1758528
963.0 1758528
963.5 1758528
964.0 1758528
964.5 1758528
965.0 1758528
965.5 1758528
966.0 1758528
966.5 1758528
967.0 1758528
967.5 1758528
968.0 1758496
968.5 1758496
969.0 1758496
969.5 1758496
970.0 1758560
970.5 1758560
971.0 1758560
971.5 1758560
972.0 1758528
972.5 1758528
973.0 1758528
973.5 1758528
974.0 1758528
974.5 1758528
975.0 1764348
975.5 1764332
976.0 1764332
976.5 1764268
977.0 1764348
977.5 1764456
978.0 1764520
978.5 1764220
979.0 1764300
979.5 1764536
980.0 1764076
980.5 1764484
981.0 1765024
981.5 1764896
982.0 1764652
982.5 1764524
983.0 1764652
983.5 1764652
984.0 1764020
984.5 1764540
985.0 1764408
985.5 1763968
986.0 1764564
986.5 1764692
987.0 1764816
987.5 1764612
988.0 1764532
988.5 1764708
989.0 1764408
989.5 1764392
990.0 1764132
990.5 1764368
991.0 1764224
991.5 1764256
992.0 1764288
992.5 1764524
993.0 1764652
993.5 1764492
994.0 1764336
994.5 1764224
995.0 1764524
995.5 1764572
996.0 1764760
996.5 1764572
997.0 1758464
997.5 1758464
998.0 1758464
998.5 1758464
999.0 1758432
999.5 1758432
1000.0 1758496
1000.5 1758496
1001.0 1758492
1001.5 1758492
1002.0 1758492
1002.5 1758492
1003.0 1758492
1003.5 1758460
1004.0 1758460
1004.6 1758460
1005.1 1758460
1005.6 1758460
1006.1 1758460
1006.6 1758460
1007.1 1758460
1007.6 1758460
1008.1 1758492
1008.6 1758460
1009.1 1758460
1009.6 1758460
1010.1 1758460
1010.6 1758460
1011.1 1758460
1011.6 1758460
1012.1 1758460
1012.6 1758460
1013.1 1758428
1013.6 1758428
1014.1 1758428
1014.6 1758428
1015.1 1758492
1015.6 1758492
1016.1 1758492
1016.6 1758492
1018.0 1758492
1018.5 1758492
1019.0 1758460
1019.5 1758460
1020.0 1764608
1020.5 1764696
1021.0 1764552
1021.5 1764788
1022.0 1764184
1022.5 1764648
1023.0 1764488
1023.5 1764536
1024.0 1764696
1024.5 1764488
1025.0 1764496
1025.5 1764736
1026.0 1764468
1026.5 1764012
1027.0 1764072
1027.5 1763852
1028.0 1764436
1028.5 1764512
1029.0 1763964
1029.5 1763756
1030.0 1763956
1030.5 1763768
1031.0 1764336
1031.5 1764336
1032.0 1764432
1032.5 1764588
1033.0 1764620
1033.5 1764872
1034.0 1764680
1034.5 1764492
1035.0 1764436
1035.5 1764768
1036.0 1764564
1036.5 1764376
1037.0 1764232
1037.5 1764248
1038.0 1764532
1038.5 1764644
1039.0 1764768
1039.5 1764436
1040.0 1763988
1040.5 1763972
1041.0 1764192
1041.5 1764432
1042.0 1764348
1042.5 1764996
1043.0 1763996
1043.5 1758432
1044.0 1758432
1044.5 1758432
1046.4 1758432
1048.2 1758432
1050.6 1758432
1051.1 1758400
1056.6 1758464
1057.1 1758464
1057.6 1758464
1058.1 1758464
1060.4 1758464
1060.9 1758464
1061.6 1758432
1062.1 1758432
1062.6 1758432
1063.4 1758432
1064.5 1758432
1065.0 1763792
1065.5 1763632
1066.0 1763840
1066.5 1763760
1067.0 1763584
1067.5 1763916
1068.0 1764044
1068.5 1763776
1069.0 1763604
1069.5 1763508
1070.0 1763760
1070.5 1764360
1071.0 1764944
1071.5 1764604
1072.0 1764492
1072.5 1764448
1073.0 1764532
1073.5 1764532
1074.0 1764624
1074.5 1764784
1075.0 1764808
1075.5 1764776
1076.0 1764588
1076.5 1764664
1077.0 1764476
1077.5 1764556
1078.0 1764524
1078.5 1764460
1079.0 1764776
1079.5 1764776
1080.0 1764516
1080.5 1764516
1081.0 1764484
1081.5 1764736
1082.0 1764676
1082.5 1765116
1083.0 1764628
1083.5 1764692
1084.0 1764484
1084.5 1764768
1085.0 1764412
1085.5 1764632
1086.0 1764776
1086.5 1764760
1087.0 1764508
1087.5 1764792
1088.0 1764488
1088.5 1758916
1089.0 1758916
1089.5 1758916
1090.0 1758880
1090.5 1758880
1091.0 1758880
1091.5 1758880
1092.0 1758880
1092.5 1758880
1093.0 1758880
1093.5 1758880
1094.0 1758880
1094.5 1758848
1095.0 1758848
1095.5 1758912
1096.0 1758912
1096.5 1758912
1097.0 1758912
1097.5 1758912
1098.0 1758912
1098.5 1758912
1099.0 1758912
1099.5 1758880
1100.0 1758880
1100.6 1758880
1101.1 1758880
1101.6 1758880
1102.1 1758880
1102.6 1758912
1103.1 1758912
1103.6 1758912
1104.1 1758912
1104.6 1758912
1105.1 1758880
1105.6 1758880
1106.2 1758880
1106.7 1758880
1107.2 1758880
1107.7 1758880
1108.2 1758880
1108.7 1758880
1109.2 1758848
1109.7 1763764
1110.2 1764620
1110.7 1764448
1111.2 1764180
1111.7 1764144
1112.2 1764432
1112.7 1764432
1113.2 1764812
1113.7 1764480
1114.2 1764544
1114.7 1764268
1115.2 1764624
1115.7 1764292
1116.2 1764484
1116.7 1764736
1117.2 1764520
1117.7 1764468
1118.2 1764452
1118.7 1764564
1119.2 1764564
1119.7 1764084
1120.2 1764052
1120.7 1763796
1121.2 1764004
1121.7 1764224
1122.2 1764176
1122.7 1764240
1123.2 1764336
1123.7 1764176
1124.2 1764192
1124.7 1763948
1125.2 1763900
1125.7 1764264
1126.2 1763932
1126.7 1764292
1127.2 1764784
1127.7 1764720
1128.2 1764656
1128.7 1764688
1129.2 1764816
1129.7 1764228
1130.2 1764640
1130.7 1764416
1131.2 1764528
1131.7 1764608
1132.2 1764684
1132.7 1764652
1133.2 1758824
1133.7 1758824
1134.2 1758824
1134.7 1758824
1135.2 1758816
1135.7 1758816
1136.2 1758816
1136.7 1758816
1137.3 1758784
1137.8 1758784
1138.3 1758784
1138.8 1758784
1139.3 1758784
1139.8 1758784
1140.3 1758816
1140.8 1758816
1141.3 1758816
1141.8 1758816
1142.3 1758784
1142.8 1758784
1143.3 1758784
1143.8 1758784
1144.3 1758784
1144.8 1758784
1145.3 1758784
1145.8 1758784
1146.3 1758752
1146.8 1758752
1147.3 1758816
1147.8 1758816
1148.4 1758816
1148.9 1758816
1149.4 1758816
1149.9 1758816
1150.4 1758816
1150.9 1758816
1151.6 1758784
1152.1 1758784
1152.6 1758784
1153.1 1758784
1153.6 1758784
1154.1 1758784
1154.6 1758784
1155.1 1764764
1155.6 1764812
1156.1 1764952
1156.6 1764480
1157.1 1764992
1157.6 1764552
1158.1 1764804
1158.6 1764632
1159.1 1764440
1159.6 1764376
1160.1 1764752
1160.6 1764768
1161.1 1764468
1161.6 1764464
1162.1 1764612
1162.6 1764784
1163.1 1764328
1163.6 1764532
1164.1 1764484
1164.6 1764388
1165.1 1764748
1165.6 1764544
1166.1 1764496
1166.6 1765048
1167.1 1764384
1167.6 1764400
1168.1 1764652
1168.6 1764480
1169.1 1764512
1169.6 1764068
1170.1 1764392
1170.6 1764140
1171.1 1764124
1171.6 1764392
1172.1 1764016
1172.6 1763888
1173.1 1764504
1173.6 1764408
1174.1 1764124
1174.6 1764664
1175.1 1764484
1175.6 1764876
1176.1 1764548
1176.6 1764200
1177.1 1764328
1177.6 1763900
1178.1 1761876
1178.6 1758272
1179.1 1758272
1179.6 1758272
1180.1 1758272
1180.6 1758236
1181.1 1758236
1181.6 1758236
1182.1 1758236
1182.6 1758236
1183.1 1758236
1183.6 1758268
1184.1 1758268
1184.6 1758268
1185.1 1758268
1185.6 1758236
1186.2 1758236
1186.7 1758236
1188.6 1758236
1191.1 1758236
1193.3 1758236
1194.7 1758236
1195.2 1758236
1195.7 1758204
1199.3 1758268
1199.8 1758268
1200.3 1764496
1200.8 1764400
1201.3 1764416
1201.8 1764528
1202.3 1764528
1202.8 1764448
1203.3 1764240
1203.8 1764756
1204.3 1764600
1204.8 1765088
1205.3 1764632
1205.8 1764788
1206.3 1764852
1206.8 1764612
1207.3 1764976
1207.8 1764488
1208.3 1764108
1208.8 1764204
1209.3 1764316
1209.8 1764204
1210.3 1764200
1210.8 1764704
1211.3 1764800
1211.8 1764800
1212.3 1764324
1212.8 1764312
1213.3 1764436
1213.8 1764752
1214.3 1764832
1214.8 1764752
1215.3 1764608
1215.8 1764516
1216.3 1764976
1216.8 1764484
1217.3 1764452
1217.8 1764468
1218.3 1764484
1218.8 1765008
1219.3 1764656
1219.8 1764924
1220.3 1764716
1220.8 1764748
1221.3 1764384
1221.8 1764512
1222.3 1764352
1222.8 1764652
1223.3 1763040
1223.8 1758824
1224.3 1758824
1224.8 1758824
1225.3 1758824
1226.0 1758824
1226.5 1758792
1227.0 1758792
1227.5 1758792
1228.0 1758792
1228.5 1758792
1229.0 1758792
1229.5 1758792
1230.0 1758792
1230.5 1758824
1231.0 1758824
1231.5 1758824
1232.0 1758824
1232.5 1758824
1233.0 1758824
1233.5 1758824
1234.0 1758824
1234.5 1758824
1235.0 1758824
1235.5 1758824
1236.0 1758792
1236.5 1758792
1237.0 1758792
1237.5 1758792
1238.0 1758824
1238.5 1758824
1239.0 1758824
1239.5 1758824
1240.0 1758792
1240.5 1758792
1241.0 1758792
1241.5 1758792
1242.0 1758792
1242.5 1758792
1243.0 1758792
1243.5 1758792
1244.0 1758792
1244.5 1758760
1245.0 1764400
1245.5 1764392
1246.0 1764360
1246.5 1764596
1247.0 1764628
1247.5 1764392
1248.0 1764568
1248.5 1764644
1249.0 1764740
1249.5 1764708
1250.0 1764520
1250.5 1764516
1251.0 1764644
1251.5 1764376
1252.0 1764532
1252.5 1764660
1253.0 1764156
1253.5 1763748
1254.0 1763968
1254.5 1764048
1255.0 1763416
1255.5 1763588
1256.0 1763904
1256.5 1764092
1257.0 1764060
1257.5 1764000
1258.0 1764156
1258.5 1764328
1259.0 1764424
1259.5 1764376
1260.0 1764236
1260.5 1764236
1261.0 1764236
1261.5 1764108
1262.0 1764016
1262.5 1764000
1263.0 1763888
1263.5 1764032
1264.0 1763888
1264.5 1764076
1265.0 1764140
1265.5 1764424
1266.0 1764472
1266.5 1764724
1267.0 1764548
1267.5 1764708
1268.0 1764360
1268.5 1758688
1269.1 1758752
1269.6 1758752
1270.1 1758752
1270.6 1758752
1271.1 1758752
1271.6 1758752
1272.1 1758752
1272.6 1758752
1273.1 1758752
1273.6 1758720
1274.1 1758720
1274.6 1758720
1275.1 1758720
1275.6 1758720
1276.1 1758720
1276.6 1758752
1277.1 1758752
1277.6 1758720
1278.1 1758720
1278.6 1758720
1279.1 1758720
1279.6 1758720
1280.1 1758720
1280.6 1758720
1281.1 1758720
1281.6 1758720
1282.1 1758720
1282.6 1758688
1283.1 1758688
1283.6 1758688
1284.1 1758752
1284.6 1758752
1285.1 1758752
1285.6 1758752
1286.1 1758752
1286.6 1758752
1287.1 1758752
1287.6 1758752
1288.1 1758720
1288.6 1758720
1289.1 1758720
1289.6 1758720
1290.1 1764328
1290.6 1764408
1291.1 1764644
1291.6 1764644
1292.1 1764548
1292.6 1764756
1293.1 1764660
1293.6 1764628
1294.1 1764800
1294.6 1764660
1295.1 1764772
1295.6 1764424
1296.1 1764408
1296.6 1764504
1297.1 1764360
1297.6 1764376
1298.1 1764264
1298.6 1764692
1299.1 1764456
1299.6 1764456
1300.1 1764656
1300.6 1764056
1301.1 1764216
1301.6 1764200
1302.1 1764720
1302.6 1764672
1303.1 1764480
1303.6 1764736
1304.1 1764340
1304.6 1764656
1305.1 1764608
1305.6 1764308
1306.1 1764248
1306.6 1764184
1307.1 1764040
1307.6 1764168
1308.1 1764420
1308.6 1764800
1309.1 1764372
1309.6 1764640
1310.1 1764864
1310.6 1764632
1311.1 1764476
1311.6 1764412
1312.1 1759668
1312.6 1758684
1313.1 1758684
1313.6 1758684
1314.1 1758716
1314.6 1758716
1315.1 1758716
1315.6 1758716
1316.1 1758680
1316.6 1758680
1317.1 1758680
1317.6 1758680
1318.1 1758680
1318.6 1758680
1319.1 1758680
1319.6 1758680
1320.1 1758648
1320.6 1758712
1321.1 1758712
1321.6 1758712
1322.1 1758712
1322.6 1758712
1323.1 1758712
1323.6 1758712
1324.1 1758712
1324.6 1758712
1325.1 1758680
1325.6 1758680
1326.2 1758680
1326.7 1758680
1327.2 1758680
1327.7 1758680
1328.2 1758712
1328.7 1758712
1329.2 1758712
1329.7 1758680
1330.2 1758680
1330.7 1758680
1331.2 1758680
1331.7 1758680
1332.2 1758680
1332.7 1758680
1333.2 1758680
1333.7 1758680
1334.2 1758680
1334.7 1758680
1335.2 1764912
1335.7 1764408
1336.2 1764268
1336.7 1764660
1337.2 1764596
1337.7 1764700
1338.2 1764684
1338.7 1764732
1339.2 1764464
1339.7 1764368
1340.2 1764496
1340.7 1764400
1341.2 1764968
1341.7 1764812
1342.2 1764748
1342.7 1764780
1343.2 1764256
1343.7 1764432
1344.2 1764844
1344.7 1764620
1345.2 1764400
1345.7 1764480
1346.2 1764448
1346.7 1764400
1347.2 1764132
1347.7 1764276
1348.2 1764212
1348.7 1764276
1349.2 1764308
1349.7 1764308
1350.2 1764304
1350.7 1764112
1351.2 1764208
1351.7 1764224
1352.2 1764288
1352.7 1764224
1353.2 1764160
1353.7 1764064
1354.2 1764240
1354.7 1764772
1355.2 1763948
1355.7 1764264
1356.2 1764280
1356.7 1764548
1357.2 1758424
1357.7 1758392
1358.2 1758392
1358.7 1758392
1359.2 1758392
1359.7 1758392
1360.2 1758392
1360.7 1758392
1361.2 1758424
1361.7 1758424
1362.2 1758424
1362.7 1758424
1363.2 1758392
1363.7 1758392
1364.2 1758392
1364.7 1758392
1365.2 1758392
1365.7 1758392
1366.2 1758392
1366.7 1758392
1367.2 1758360
1367.7 1758360
1368.2 1758360
1368.7 1758424
1369.2 1758424
1369.7 1758424
1370.2 1758424
1370.7 1758424
1371.2 1758424
1371.7 1758424
1372.2 1758392
1372.7 1758392
1373.2 1758392
1373.7 1758392
1374.2 1758392
1374.7 1758392
1375.2 1758392
1375.7 1758392
1376.2 1758424
1376.7 1758424
1377.2 1758424
1377.7 1758424
1378.2 1758424
1378.7 1758424
1379.2 1758424
1379.7 1758424
1380.2 1764300
1380.7 1764348
1381.2 1764412
1381.7 1764444
1382.2 1764556
1382.7 1764304
1383.2 1764428
1383.7 1764664
1384.2 1764728
1384.7 1764712
1385.2 1764520
1385.7 1764660
1386.2 1764108
1386.7 1764076
1387.2 1764424
1387.7 1764644
1388.2 1764740
1388.7 1764440
1389.2 1764676
1389.7 1764236
1390.2 1764296
1390.7 1764548
1391.2 1764660
1391.7 1764792
1392.2 1763912
1392.7 1764132
1393.2 1764196
1393.7 1764196
1394.2 1765048
1394.7 1764780
1395.2 1764432
1395.7 1764668
1396.2 1764684
1396.7 1764684
1397.2 1764844
1397.7 1764464
1398.2 1764592
1398.7 1764292
1399.2 1764796
1399.7 1764604
1400.2 1764380
1400.7 1764664
1401.2 1764648
1401.7 1764616
1402.2 1762760
1402.7 1758716
1403.2 1758716
1403.7 1758716
1404.2 1758716
1404.7 1758716
1405.2 1758684
1405.7 1758684
1406.2 1758684
1406.7 1758684
1407.2 1758684
1407.7 1758684
1408.2 1758684
1408.7 1758684
1409.2 1758684
1409.7 1758684
1410.2 1758716
1410.7 1758716
1411.2 1758716
1411.7 1758716
1412.2 1758716
1412.7 1758716
1413.2 1758716
1413.7 1758716
1414.2 1758684
1414.7 1758684
1415.2 1758684
1415.7 1758684
1416.2 1758684
1416.7 1758684
1417.2 1758716
1417.7 1758716
1418.2 1758716
1418.7 1758716
1419.2 1758684
1419.7 1758684
1420.2 1758684
1420.7 1758684
1421.2 1758684
1422.0 1758684
1422.5 1758684
1423.0 1758684
1423.5 1758684
1424.0 1758684
1424.5 1758716
1425.0 1764904
1425.5 1764632
1426.0 1764712
1426.5 1764680
1427.0 1764412
1427.5 1764352
1428.0 1764412
1428.5 1764332
1429.0 1764240
1429.5 1764240
1430.0 1763956
1430.5 1764328
1431.0 1763996
1431.5 1763964
1432.0 1764152
1432.5 1764628
1433.0 1764468
1433.5 1764596
1434.0 1764420
1434.5 1764736
1435.0 1764668
1435.5 1764464
1436.0 1764608
1436.5 1764400
1437.0 1765268
1437.5 1764724
1438.0 1764836
1438.5 1764724
1439.0 1764456
1439.5 1764424
1440.0 1764436
1440.5 1764468
1441.0 1771144
1441.5 1778676
1442.0 1780332
1442.5 1783424
1443.0 1787616
1443.5 1788688
1444.0 1793680
1444.5 1801728
1445.0 1808532
1445.5 1812496
1446.0 1812228
1446.5 1798296
1447.0 1800296
1447.5 1800044
1448.0 1799596
1448.5 1799500
1449.0 1799376
1449.5 1799280
1450.0 1799264
1450.5 1789048
1451.0 1788992
1451.5 1788960
1452.0 1788960
1452.5 1788956
1453.0 1788956
1453.5 1788956
1454.0 1788956
1454.5 1788956
1455.0 1788956
1455.5 1788956
1456.0 1788956
1456.5 1788988
1457.0 1788988
1457.5 1788988
1458.0 1788988
1458.5 1788988
1459.0 1788988
1459.5 1788988
1460.0 1788988
1460.5 1788988
1461.0 1788956
1461.6 1788956
1462.1 1788956
1462.7 1788956
1463.2 1788988
1463.7 1788988
1464.2 1788988
1464.7 1788988
1465.2 1788988
1465.7 1788988
1466.2 1788956
1466.7 1788956
1467.2 1788956
1467.7 1788956
1468.2 1788956
1468.7 1788956
1469.2 1788956
1469.7 1795572
1470.2 1794580
1470.7 1794676
1471.2 1794408
1471.7 1794392
1472.2 1794660
1472.7 1795040
1473.2 1794012
1473.7 1794620
1474.2 1794792
1474.7 1794580
1475.2 1794564
1475.7 1794692
1476.2 1794168
1476.7 1794756
1477.2 1794592
1477.7 1795184
1478.2 1795092
1478.7 1795092
1479.2 1794868
1479.7 1794136
1480.2 1794756
1480.7 1794564
1481.2 1794628
1481.7 1794864
1482.2 1794848
1482.7 1795116
1483.2 1794976
1483.7 1795196
1484.2 1795212
1484.7 1794800
1485.2 1795084
1485.7 1794960
1486.2 1795168
1486.7 1794852
1487.2 1794456
1487.7 1795060
1488.2 1794964
1488.7 1795104
1489.2 1795344
1489.7 1794548
1490.2 1795156
1490.7 1794876
1491.2 1795240
1491.7 1794924
1492.2 1789052
1493.9 1789052
1497.1 1789052
1498.1 1789052
1498.8 1789052
1500.7 1789052
1502.1 1789052
1504.0 1789020
1506.3 1789084
1508.1 1789084
1508.9 1789084
1509.8 1789084
1511.1 1789084
1511.9 1789084
1513.8 1789084
1514.5 1789052
1515.0 1794924
1515.5 1794876
1516.0 1794496
1516.5 1794464
1517.0 1794936
1517.5 1795080
1518.0 1794544
1518.5 1794780
1519.0 1794940
1519.5 1794812
1520.0 1794804
1520.5 1794820
1521.0 1794948
1521.5 1794884
1522.0 1794980
1522.5 1795040
1523.0 1795260
1523.5 1794812
1524.0 1795112
1524.5 1795240
1525.0 1795460
1525.5 1794812
1526.0 1794876
1526.5 1794496
1527.0 1794576
1527.5 1794844
1528.0 1794576
1528.5 1794704
1529.0 1794368
1529.5 1794576
1530.0 1794624
1530.5 1794560
1531.0 1794592
1531.5 1794736
1532.0 1794376
1532.5 1794372
1533.0 1794656
1533.5 1794988
1534.0 1794876
1534.5 1795096
1535.0 1794236
1535.5 1793968
1536.0 1794380
1536.5 1794616
1537.0 1788784
1539.1 1788784
1540.4 1788748
1541.1 1788748
1545.0 1788812
1546.1 1788812
1546.7 1788812
1547.2 1788812
1549.1 1788812
1549.7 1788812
1550.9 1788780
1552.2 1788780
1555.0 1788780
1556.5 1788780
1558.7 1788780
1559.5 1788812
1560.0 1794944
1560.5 1794928
1561.0 1794960
1561.5 1795180
1562.0 1795196
1562.5 1795060
1563.0 1795440
1563.5 1795064
1564.0 1795684
1564.5 1794768
1565.0 1794796
1565.5 1794800
1566.0 1794768
1566.5 1794608
1567.0 1794592
1567.5 1794576
1568.0 1794940
1568.5 1795524
1569.0 1795048
1569.5 1794800
1570.0 1794952
1570.5 1795124
1571.0 1795124
1571.5 1794888
1572.0 1795060
1572.5 1794968
1573.0 1794872
1573.5 1794920
1574.0 1794268
1574.5 1794936
1575.0 1794848
1575.5 1794740
1576.0 1794724
1576.5 1794440
1577.0 1794800
1577.5 1794880
1578.0 1794880
1578.5 1794580
1579.0 1794992
1579.5 1794800
1580.0 1795100
1580.5 1795368
1581.0 1794976
1581.5 1795132
1582.0 1788868
1582.5 1788868
1584.1 1788868
1585.3 1788868
1586.4 1788832
1587.0 1788832
1588.2 1788896
1590.2 1788896
1591.4 1788896
1591.9 1788896
1592.4 1788896
1594.2 1788896
1596.4 1788864
1598.0 1788864
1598.7 1788864
1600.0 1788864
1602.4 1788864
1603.8 1788864
1604.5 1788896
1605.0 1794692
1605.5 1794580
1606.0 1794804
1606.5 1794868
1607.0 1794504
1607.5 1795152
1608.0 1795056
1608.5 1795136
1609.0 1794628
1609.5 1795072
1610.0 1795040
1610.5 1794992
1611.0 1794772
1611.5 1795008
1612.0 1794928
1612.5 1795104
1613.0 1795040
1613.5 1795040
1614.0 1794788
1614.5 1795040
1615.0 1794804
1615.5 1794788
1616.0 1794648
1616.5 1794584
1617.0 1795104
1617.5 1794740
1618.0 1794820
1618.5 1794772
1619.0 1794756
1619.5 1794740
1620.0 1795372
1620.5 1795024
1621.0 1794976
1621.5 1794852
1622.0 1794992
1622.5 1794536
1623.0 1794820
1623.5 1794408
1624.0 1794852
1624.5 1795292
1625.0 1794748
1625.5 1795096
1626.0 1795016
1626.5 1794984
1627.0 1788696
1627.7 1788696
1629.1 1788696
1631.1 1788660
1632.1 1788660
1633.4 1788660
1634.1 1788660
1634.7 1788660
1638.1 1788660
1638.6 1788660
1640.1 1788660
1640.7 1788628
1641.7 1788692
1642.8 1788692
1643.3 1788692
1645.6 1788692
1646.2 1788692
1647.5 1788692
1649.2 1788692
1649.7 1795800
1650.2 1795012
1650.7 1794760
1651.2 1795060
1651.7 1794648
1652.2 1794760
1652.7 1794472
1653.2 1794556
1653.7 1794724
1654.2 1794936
1654.7 1795184
1655.2 1794740
1655.7 1794600
1656.2 1794600
1656.7 1794600
1657.2 1794520
1657.7 1794836
1658.2 1794648
1658.7 1794536
1659.2 1794504
1659.7 1794712
1660.2 1794788
1660.7 1794852
1661.2 1794836
1661.7 1794644
1662.2 1794964
1662.7 1794424
1663.2 1794852
1663.7 1794872
1664.2 1795120
1664.7 1795436
1665.2 1795152
1665.7 1795056
1666.2 1795404
1666.7 1794372
1667.2 1794724
1667.7 1794804
1668.2 1794944
1668.7 1795264
1669.2 1794884
1669.7 1794900
1670.2 1794852
1670.7 1795104
1671.2 1795056
1671.7 1795072
1672.2 1789060
1672.9 1789060
1673.4 1789060
1675.5 1789028
1676.8 1789020
1677.8 1789020
1678.3 1789020
1679.0 1789020
1681.1 1789020
1681.8 1789020
1685.5 1789052
1686.5 1789052
1688.4 1789052
1691.5 1789052
1694.1 1789052
1694.6 1791028
1695.1 1794684
1695.6 1794620
1696.1 1794920
1696.6 1795920
1697.1 1795040
1697.6 1794724
1698.1 1794788
1698.6 1794708
1699.1 1794992
1699.6 1794976
1700.1 1794972
1700.6 1795256
1701.1 1794896
1701.6 1794864
1702.1 1795024
1702.6 1794912
1703.1 1794924
1703.6 1795240
1704.1 1794628
1704.6 1794452
1705.1 1794188
1705.6 1794376
1706.1 1794532
1706.6 1794832
1707.1 1794972
1707.6 1794768
1708.1 1794736
1708.6 1795068
1709.1 1794752
1709.6 1794924
1710.1 1794768
1710.6 1794704
1711.1 1794880
1711.6 1794880
1712.1 1795520
1712.6 1795132
1713.1 1794816
1713.6 1795068
1714.1 1795020
1714.6 1794848
1715.1 1794964
1715.6 1794288
1716.1 1794240
1716.6 1794288
1717.1 1789000
1718.0 1789000
1718.6 1789000
1719.9 1789000
1721.8 1788968
1723.3 1788968
1724.9 1789032
1725.5 1789032
1726.5 1789032
1727.0 1789032
1729.9 1789032
1731.8 1789032
1733.1 1789000
1733.6 1789000
1734.5 1789000
1735.0 1789000
1735.9 1789000
1739.0 1789000
1739.5 1789000
1740.0 1794972
1740.5 1794988
1741.0 1794972
1741.5 1795004
1742.0 1794532
1742.5 1795160
1743.0 1795956
1743.5 1794912
1744.0 1794784
1744.5 1795116
1745.0 1795036
1745.5 1795068
1746.0 1794972
1746.5 1794688
1747.0 1794732
1747.5 1794480
1748.0 1794496
1748.5 1794512
1749.0 1794496
1749.5 1795000
1750.0 1795348
1750.5 1794480
1751.0 1794464
1751.5 1794448
1752.0 1795944
1752.5 1795580
1753.0 1794884
1753.5 1794956
1754.0 1794876
1754.5 1795144
1755.0 1794560
1755.5 1795096
1756.0 1794876
1756.5 1794892
1757.0 1795048
1757.5 1795068
1758.0 1794800
1758.5 1795148
1759.0 1795052
1759.5 1795004
1760.0 1795020
1760.5 1794832
1761.0 1794940
1761.5 1794832
1762.0 1788900
1762.5 1788436
1764.0 1788436
1765.2 1788468
1765.7 1788468
1766.2 1788468
1766.7 1788468
1768.4 1788468
1768.9 1788468
1770.2 1788468
1771.2 1788468
1772.5 1788436
1773.0 1788436
1774.3 1788436
1777.1 1788436
1778.6 1788436
1779.1 1788468
1780.5 1788468
1782.4 1788468
1783.4 1788436
1784.1 1788436
1784.6 1792668
1785.1 1795064
1785.6 1794356
1786.1 1793924
1786.6 1794152
1787.1 1794260
1787.6 1794388
1788.1 1794480
1788.6 1794512
1789.1 1794368
1789.6 1794444
1790.1 1794968
1790.6 1794904
1791.1 1794936
1791.6 1795016
1792.1 1794828
1792.6 1794700
1793.1 1795016
1793.6 1795236
1794.1 1795064
1794.6 1794868
1795.1 1794852
1795.6 1794916
1796.1 1794964
1796.6 1794884
1797.1 1795060
1797.6 1794996
1798.1 1794776
1798.6 1794648
1799.1 1794728
1799.6 1794632
1800.1 1794884
1800.6 1794696
1801.1 1794520
1801.6 1794268
1802.1 1794964
1802.6 1794900
1803.1 1794712
1803.6 1794996
1804.1 1794836
1804.6 1794852
1805.1 1794820
1805.6 1794644
1806.1 1794944
1806.6 1795008
1807.1 1788696
1807.6 1788696
1808.1 1788696
1808.7 1788696
1810.2 1788696
1811.2 1788696
1813.8 1788696
1815.9 1788728
1816.4 1788696
1817.3 1788696
1818.7 1788696
1819.7 1788696
1821.0 1788696
1821.5 1788696
1823.5 1788696
1825.6 1788696
1826.4 1788664
1828.4 1788664
1829.5 1788664
1830.0 1794716
1830.5 1795024
1831.0 1795008
1831.5 1794928
1832.0 1795104
1832.5 1795084
1833.0 1794960
1833.5 1794788
1834.0 1794644
1834.5 1794864
1835.0 1794832
1835.5 1794640
1836.0 1795020
1836.5 1795020
1837.0 1794576
1837.5 1794264
1838.0 1794500
1838.5 1794688
1839.0 1795100
1839.5 1794880
1840.0 1794448
1840.5 1794636
1841.0 1794716
1841.5 1794652
1842.0 1794984
1842.5 1795172
1843.0 1794936
1843.5 1794384
1844.0 1794164
1844.5 1794436
1845.0 1796212
1845.5 1795788
1846.0 1795576
1846.5 1794992
1847.0 1794692
1847.5 1795056
1848.0 1795544
1848.5 1794392
1849.0 1794156
1849.5 1794204
1850.0 1794316
1850.5 1794380
1851.0 1794616
1851.5 1794472
1852.0 1788980
1854.1 1788980
1854.6 1788980
1856.4 1788976
1858.3 1789008
1859.3 1789008
1861.0 1789008
1862.0 1789008
1863.5 1788976
1864.0 1788976
1865.2 1788976
1866.7 1788976
1868.1 1788976
1869.4 1788976
1871.0 1788976
1872.0 1788976
1872.6 1788944
1873.4 1789008
1874.5 1789008
1875.0 1795108
1875.5 1795012
1876.0 1794728
1876.5 1794616
1877.0 1794728
1877.5 1794616
1878.0 1794728
1878.5 1794980
1879.0 1794252
1879.5 1794400
1880.0 1794500
1880.5 1794200
1881.0 1794736
1881.5 1794800
1882.0 1794940
1882.5 1794232
1883.0 1793992
1883.5 1794500
1884.0 1794688
1884.5 1794972
1885.0 1794920
1885.5 1794700
1886.0 1794764
1886.5 1795268
1887.0 1795032
1887.5 1794780
1888.0 1794984
1888.5 1795364
1889.0 1795036
1889.5 1794792
1890.0 1794648
1890.5 1795360
1891.0 1795116
1891.5 1795004
1892.0 1794784
1892.5 1795212
1893.0 1794548
1893.5 1795272
1894.0 1795240
1894.5 1795288
1895.0 1794896
1895.5 1795052
1896.0 1794908
1896.5 1795052
1897.0 1788992
1898.2 1789056
1902.0 1789052
1903.8 1789052
1905.4 1789052
1906.2 1789052
1907.9 1789052
1908.9 1789020
1909.4 1789020
1911.9 1789020
1913.8 1789020
1914.3 1789020
1915.6 1789020
1916.1 1789052
1918.5 1789052
1919.2 1789052
1919.7 1796464
1920.2 1794976
1920.7 1795340
1921.2 1794976
1921.7 1794896
1922.2 1794932
1922.7 1794944
1923.2 1794948
1923.7 1794332
1924.2 1794348
1924.7 1794516
1925.2 1794452
1925.7 1794516
1926.2 1794720
1926.7 1795288
1927.2 1795020
1927.7 1794752
1928.2 1795036
1928.7 1794940
1929.2 1795084
1929.7 1794704
1930.2 1795288
1930.7 1795148
1931.2 1795068
1931.7 1795132
1932.2 1794956
1932.7 1794880
1933.2 1795052
1933.7 1794988
1934.2 1795176
1934.7 1794756
1935.2 1795336
1935.7 1794880
1936.2 1795040
1936.7 1795104
1937.2 1795056
1937.7 1795056
1938.2 1794660
1938.7 1794692
1939.2 1794612
1939.7 1795040
1940.2 1794772
1940.7 1794836
1941.2 1794692
1941.7 1795024
1942.2 1788908
1942.7 1788908
1943.2 1788908
1943.7 1788908
1944.2 1788908
1944.7 1788908
1945.2 1788908
1945.7 1788904
1946.2 1788904
1946.7 1788872
1947.2 1788872
1947.7 1788872
1948.2 1788936
1948.7 1788936
1949.2 1788936
1949.7 1788936
1950.2 1788936
1950.7 1788936
1951.2 1788936
1951.7 1788936
1952.2 1788904
1952.7 1788904
1953.2 1788904
1953.7 1788904
1954.2 1788904
1954.7 1788904
1955.2 1788904
1955.7 1788904
1956.2 1788936
1956.7 1788936
1957.2 1788936
1957.7 1788936
1958.2 1788936
1958.7 1788936
1959.2 1788936
1959.8 1788936
1960.3 1788936
1960.8 1788936
1961.3 1788904
1961.8 1788904
1962.3 1788904
1962.8 1788936
1963.3 1788936
1963.8 1788936
1964.3 1788936
1964.8 1788936
1965.3 1795032
1965.8 1794808
1966.3 1795140
1966.8 1794696
1967.3 1795060
1967.8 1794884
1968.3 1795580
1968.8 1794676
1969.3 1794996
1969.8 1795400
1970.3 1795656
1970.8 1794536
1971.3 1794580
1971.8 1794660
1972.3 1794880
1972.8 1795056
1973.3 1794992
1973.8 1794832
1974.3 1795292
1974.8 1795228
1975.3 1795744
1975.8 1795340
1976.3 1794804
1976.8 1795416
1977.3 1794896
1977.8 1795292
1978.3 1794288
1978.8 1794796
1979.3 1795016
1979.8 1795156
1980.3 1794456
1980.8 1794344
1981.3 1794588
1981.8 1794540
1982.3 1794412
1982.8 1794444
1983.3 1794508
1983.8 1794728
1984.3 1794664
1984.8 1794776
1985.3 1794944
1985.8 1795148
1986.3 1794740
1986.8 1794960
1987.3 1788932
1987.8 1788900
1988.3 1788900
1988.8 1788900
1989.4 1788964
1989.9 1788964
1990.4 1788964
1990.9 1788964
1991.4 1788964
1991.9 1788964
1992.4 1788932
1992.9 1788932
1993.4 1788932
1993.9 1788932
1994.4 1788932
1994.9 1788932
1995.4 1788932
1995.9 1788932
1996.4 1788964
1996.9 1788932
1997.4 1788932
1998.0 1788932
1998.5 1788932
1999.0 1788932
1999.5 1788932
2000.0 1788932
2000.5 1788932
2001.1 1788932
2001.6 1788932
2002.1 1788900
2002.6 1788900
2003.1 1788900
2003.7 1788900
2004.2 1788964
2004.7 1788964
2005.2 1788964
2005.7 1788964
2006.2 1788964
2006.8 1788964
2007.3 1788932
2007.8 1788932
2008.3 1788932
2008.8 1788932
2009.3 1788932
2009.8 1788932
2010.3 1795452
2010.8 1795244
2011.3 1794896
2011.8 1795104
2012.3 1794788
2012.8 1794868
2013.3 1794708
2013.8 1794440
2014.3 1794740
2014.8 1794424
2015.3 1794912
2015.8 1795008
2016.3 1794900
2016.8 1794472
2017.3 1794440
2017.8 1794708
2018.3 1794788
2018.8 1794804
2019.3 1795772
2019.8 1795648
2020.3 1795004
2020.8 1795100
2021.3 1794672
2021.8 1795020
2022.3 1794972
2022.8 1794720
2023.3 1794880
2023.8 1794752
2024.3 1794532
2024.8 1794956
2025.3 1795036
2025.8 1795196
2026.3 1795036
2026.8 1794988
2027.3 1795100
2027.8 1794784
2028.3 1794656
2028.8 1794972
2029.3 1795116
2029.8 1795256
2030.3 1795020
2030.8 1794720
2031.3 1794800
2031.8 1795020
2032.3 1788864
2032.8 1788864
2033.3 1788864
2033.8 1788864
2034.3 1788864
2034.9 1788864
2035.4 1788896
2035.9 1788892
2036.4 1788892
2036.9 1788892
2037.4 1788892
2038.0 1788892
2038.5 1788892
2039.0 1788892
2039.5 1788892
2040.0 1788860
2040.5 1788860
2041.1 1788860
2041.6 1788860
2042.2 1788860
2042.8 1788860
2043.3 1788892
2043.8 1788892
2044.3 1788892
2045.0 1788860
2045.5 1788860
2046.0 1788860
2046.5 1788860
2047.0 1788860
2047.5 1788860
2048.0 1788860
2048.5 1788860
2049.0 1788860
2049.5 1788828
2050.2 1788892
2050.8 1788892
2051.4 1788892
2051.9 1788892
2052.4 1788892
2052.9 1788892
2053.4 1788892
2053.9 1788892
2054.4 1788892
2054.9 1795344
2055.4 1795116
2055.9 1795084
2056.4 1794644
2056.9 1794564
2057.4 1794832
2057.9 1794660
2058.4 1794516
2058.9 1794692
2059.4 1794880
2059.9 1794312
2060.4 1793900
2060.9 1794356
2061.4 1794792
2061.9 1794856
2062.4 1794336
2062.9 1794320
2063.4 1794624
2063.9 1794432
2064.4 1794148
2064.9 1794260
2065.4 1794100
2065.9 1794100
2066.4 1794620
2066.9 1794748
2067.4 1795204
2067.9 1794920
2068.4 1794964
2068.9 1794744
2069.4 1794868
2069.9 1794704
2070.4 1794816
2070.9 1794404
2071.4 1794484
2071.9 1794420
2072.4 1794200
2072.9 1794232
2073.4 1794040
2073.9 1794576
2074.4 1794436
2074.9 1794936
2075.4 1794812
2075.9 1794416
2076.4 1794180
2076.9 1792480
2077.4 1788624
2077.9 1788624
2078.5 1788592
2079.0 1788592
2079.5 1788592
2080.0 1788592
2080.5 1788656
2081.0 1788656
2081.5 1788656
2082.0 1788656
2082.5 1788656
2083.1 1788656
2083.6 1788624
2084.1 1788624
2084.6 1788624
2085.2 1788624
2085.8 1788624
2086.3 1788624
2086.8 1788624
2087.3 1788624
2087.8 1788624
2088.3 1788624
2088.8 1788624
2089.3 1788624
2089.8 1788624
2090.4 1788624
2090.9 1788624
2091.4 1788624
2091.9 1788624
2092.4 1788624
2092.9 1788624
2093.4 1788592
2093.9 1788592
2094.4 1788656
2094.9 1788656
2095.4 1788656
2095.9 1788656
2096.4 1788656
2097.0 1788656
2097.5 1788624
2098.1 1788624
2098.6 1788624
2099.1 1788624
2099.6 1788624
2100.1 1794732
2100.6 1794876
2101.1 1794588
2101.6 1794652
2102.1 1794604
2102.6 1794872
2103.1 1794748
2103.6 1794896
2104.1 1794880
2104.6 1795180
2105.1 1794628
2105.6 1794600
2106.1 1794296
2106.6 1794516
2107.1 1794676
2107.6 1794596
2108.1 1794596
2108.6 1794668
2109.1 1795224
2109.6 1794944
2110.1 1794908
2110.6 1794608
2111.1 1794844
2111.6 1795176
2112.1 1794972
2112.6 1794688
2113.1 1794812
2113.6 1794908
2114.1 1794972
2114.6 1794544
2115.1 1794836
2115.6 1795104
2116.1 1795024
2116.6 1795008
2117.1 1795072
2117.6 1794976
2118.1 1795168
2118.6 1794724
2119.1 1795196
2119.6 1794516
2120.1 1794544
2120.6 1794432
2121.1 1794400
2121.6 1794780
2122.1 1794904
2122.6 1794808
2123.1 1794968
2123.6 1789228
2124.1 1789228
2124.6 1789228
2125.1 1789228
2125.6 1789192
2126.1 1789192
2126.6 1789192
2127.1 1789192
2127.6 1789192
2128.1 1789192
2128.6 1789192
2129.1 1789224
2129.6 1789224
2130.1 1789192
2130.6 1789192
2131.1 1789192
2131.6 1789192
2132.1 1789192
2132.6 1789192
2133.1 1789192
2133.6 1789192
2134.1 1789192
2134.6 1789160
2135.1 1789160
2135.7 1789160
2136.2 1789160
2136.7 1789224
2137.2 1789224
2137.7 1789224
2138.2 1789224
2138.7 1789224
2139.2 1789224
2139.7 1789192
2140.2 1789192
2140.7 1789192
2141.2 1789192
2141.7 1789192
2142.2 1789192
2142.7 1789192
2143.2 1789192
2143.7 1789256
2144.2 1789224
2144.7 1789224
2145.2 1794788
2145.7 1794624
2146.2 1794900
2146.7 1794332
2147.2 1794840
2147.7 1794284
2148.2 1794252
2148.7 1794064
2149.2 1794204
2149.7 1794648
2150.2 1794748
2150.7 1794520
2151.2 1794612
2151.7 1794660
2152.2 1794672
2152.7 1794816
2153.2 1794992
2153.7 1794832
2154.2 1794504
2154.7 1794264
2155.2 1794620
2155.7 1794700
2156.2 1794684
2156.7 1795080
2157.2 1795096
2157.7 1794700
2158.2 1794748
2158.7 1794780
2159.2 1794812
2159.7 1794716
2160.2 1794432
2160.7 1794700
2161.2 1794684
2161.7 1795076
2162.2 1794872
2162.7 1795012
2163.2 1794968
2163.7 1794588
2164.2 1794888
2164.7 1795080
2165.2 1794800
2165.7 1795160
2166.2 1795352
2166.7 1795036
2167.2 1795020
2167.7 1794736
2168.2 1789460
2168.7 1788552
2169.2 1788552
2169.8 1788552
2170.3 1788552
2170.9 1788584
2171.4 1788552
2171.9 1788552
2172.4 1788552
2172.9 1788552
2173.4 1788552
2173.9 1788552
2174.4 1788552
2174.9 1788552
2175.4 1788552
2175.9 1788552
2176.4 1788520
2177.1 1788520
2177.6 1788584
2178.1 1788584
2178.6 1788584
2179.1 1788584
2179.6 1788584
2180.1 1788584
2180.6 1788584
2181.1 1788584
2181.6 1788552
2182.1 1788552
2182.6 1788552
2183.1 1788552
2183.6 1788552
2184.1 1788552
2184.6 1788552
2185.2 1788552
2185.7 1788584
2186.2 1788584
2186.7 1788584
2187.2 1788584
2187.7 1788584
2188.2 1788584
2188.7 1788584
2189.3 1788584
2189.8 1788584
2190.3 1794648
2190.8 1794648
2191.3 1794572
2191.8 1794836
2192.3 1794980
2192.8 1794932
2193.3 1794996
2193.8 1794820
2194.3 1794332
2194.8 1794728
2195.3 1794412
2195.8 1795136
2196.3 1794852
2196.8 1794852
2197.3 1794964
2197.8 1794460
2198.3 1794744
2198.8 1794568
2199.3 1794964
2199.8 1795580
2200.3 1795260
2200.8 1794896
2201.3 1794784
2201.8 1794896
2202.3 1795024
2202.8 1794928
2203.3 1794864
2203.8 1794936
2204.3 1794844
2204.8 1794716
2205.3 1794716
2205.8 1794920
2206.3 1794716
2206.8 1794844
2207.3 1794920
2207.8 1795060
2208.3 1795032
2208.8 1794872
2209.3 1795140
2209.8 1795016
2210.3 1795016
2210.8 1794984
2211.3 1794920
2211.8 1794368
2212.3 1794528
2212.8 1788444
2213.3 1788444
2214.0 1788412
2214.5 1788412
2215.0 1788412
2215.5 1788412
2216.0 1788408
2216.5 1788408
2217.0 1788408
2217.5 1788408
2218.0 1788408
2218.5 1788408
2219.0 1788440
2219.5 1788440
2220.0 1788440
2220.5 1788440
2221.0 1788440
2221.5 1788440
2222.0 1788440
2222.5 1788440
2223.0 1788440
2223.5 1788440
2224.0 1788408
2224.5 1788408
2225.0 1788408
2225.5 1788408
2226.0 1788440
2226.5 1788440
2227.0 1788440
2227.5 1788408
2228.0 1788408
2228.5 1788408
2229.0 1788408
2229.5 1788408
2230.0 1788408
2230.5 1788408
2231.0 1788408
2231.5 1788408
2232.1 1788408
2232.6 1788376
2233.1 1788376
2233.6 1788440
2234.1 1788440
2234.6 1788440
2235.1 1794672
2235.6 1794956
2236.1 1794576
2236.6 1795004
2237.1 1794576
2237.6 1794640
2238.1 1794656
2238.6 1794972
2239.1 1795060
2239.6 1794704
2240.1 1794668
2240.6 1794636
2241.1 1794920
2241.6 1794840
2242.1 1794984
2242.6 1795380
2243.1 1794840
2243.6 1794856
2244.1 1795268
2244.6 1794760
2245.1 1794648
2245.6 1794460
2246.1 1794428
2246.6 1794216
2247.1 1794584
2247.6 1794632
2248.1 1794364
2248.6 1794176
2249.1 1794380
2249.6 1794096
2250.1 1795220
2250.6 1794872
2251.1 1794736
2251.6 1794548
2252.1 1794624
2252.6 1794372
2253.1 1794404
2253.6 1794324
2254.1 1794136
2254.6 1794104
2255.1 1795560
2255.6 1795608
2256.1 1795104
2256.6 1794852
2257.1 1795096
2257.6 1795112
2258.1 1794956
2258.6 1788984
2259.1 1788984
2259.6 1788984
2260.1 1788984
2260.6 1788980
2261.2 1788980
2261.7 1788980
2262.3 1788980
2262.8 1788980
2263.3 1788948
2263.8 1788948
2264.3 1788948
2264.8 1788948
2265.3 1788980
2265.8 1788980
2266.3 1788980
2266.8 1788980
2267.3 1788980
2267.8 1788948
2268.4 1788948
2268.9 1788948
2269.5 1788948
2270.0 1788948
2270.5 1788948
2271.0 1788948
2271.5 1788948
2272.0 1788948
2272.5 1788916
2273.1 1788980
2273.6 1788980
2274.1 1788980
2274.6 1788980
2275.1 1788980
2275.7 1788980
2276.2 1788980
2276.7 1788980
2277.2 1788948
2277.7 1788948
2278.2 1788948
2278.7 1788948
2279.2 1788948
2279.7 1788948
2280.2 1794336
2280.7 1794464
2281.2 1794512
2281.7 1794304
2282.2 1794888
2282.7 1794728
2283.2 1794984
2283.7 1794872
2284.2 1794824
2284.7 1795064
2285.2 1794872
2285.7 1795204
2286.2 1794952
2286.7 1794968
2287.2 1794556
2287.7 1794872
2288.2 1795488
2288.7 1794888
2289.2 1794712
2289.7 1795000
2290.2 1794684
2290.7 1795048
2291.2 1794744
2291.7 1795124
2292.2 1795060
2292.7 1795472
2293.2 1795252
2293.7 1795204
2294.2 1794920
2294.7 1794904
2295.2 1794616
2295.7 1794772
2296.2 1794568
2296.7 1794788
2297.2 1795072
2297.7 1794696
2298.2 1794712
2298.7 1794568
2299.2 1794916
2299.7 1794728
2300.2 1794560
2300.7 1794072
2301.2 1794008
2301.7 1794484
2302.2 1794720
2302.7 1794544
2303.2 1794512
2303.7 1788780
2304.2 1788748
2304.7 1788748
2305.2 1788748
2305.7 1788748
2306.2 1788748
2306.8 1788748
2307.3 1788748
2307.8 1788748
2308.3 1788748
2308.8 1788748
2309.3 1788716
2309.8 1788716
2310.3 1788716
2310.8 1788716
2311.3 1788780
2311.8 1788780
2312.4 1788780
2312.9 1788780
2313.4 1788780
2313.9 1788748
2314.4 1788748
2314.9 1788748
2315.4 1788748
2315.9 1788748
2316.4 1788748
2317.0 1788748
2317.5 1788748
2318.1 1788748
2318.6 1788748
2319.1 1788780
2319.6 1788780
2320.1 1788780
2320.6 1788780
2321.1 1788780
2321.6 1788780
2322.1 1788780
2322.6 1788780
2323.1 1788780
2323.6 1788780
2324.1 1788748
2324.6 1788748
2325.1 1794324
2325.6 1794356
2326.1 1794544
2326.6 1794592
2327.1 1795064
2327.6 1794652
2328.1 1794748
2328.6 1795144
2329.1 1795112
2329.6 1795128
2330.1 1795276
2330.6 1794960
2331.1 1794992
2331.6 1794992
2332.1 1795052
2332.6 1795016
2333.1 1794904
2333.6 1794856
2334.1 1794368
2334.6 1794004
2335.1 1794084
2335.6 1793912
2336.1 1793816
2336.6 1794604
2337.1 1794164
2337.6 1794604
2338.1 1794432
2338.6 1793992
2339.1 1794084
2339.6 1794260
2340.1 1794272
2340.6 1794588
2341.1 1794744
2341.6 1794888
2342.1 1793988
2342.6 1794416
2343.1 1794116
2343.6 1793988
2344.1 1794228
2344.6 1794196
2345.1 1794364
2345.6 1794664
2346.1 1794852
2346.6 1794852
2347.1 1794648
2347.6 1795092
2348.1 1791408
2348.6 1788492
2349.1 1788556
2349.6 1788556
2350.1 1788556
2350.6 1788556
2351.2 1788556
2351.7 1788556
2352.2 1788524
2352.7 1788524
2353.2 1788524
2353.7 1788524
2354.2 1788524
2354.7 1788524
2355.2 1788524
2355.7 1788524
2356.2 1788524
2356.7 1788524
2357.2 1788556
2357.7 1788556
2358.2 1788556
2358.7 1788556
2359.2 1788556
2359.7 1788556
2360.2 1788556
2360.7 1788556
2361.2 1788556
2361.7 1788556
2362.2 1788524
2362.7 1788524
2363.2 1788524
2363.7 1788524
2364.2 1788556
2364.7 1788556
2365.2 1788556
2365.7 1788556
2366.2 1788524
2366.7 1788524
2367.3 1788524
2367.8 1788524
2368.3 1788524
2368.8 1788524
2369.3 1788524
2369.8 1788524
2370.3 1794812
2370.8 1795020
2371.3 1794924
2371.8 1795096
2372.3 1795096
2372.8 1795192
2373.3 1794940
2373.8 1795048
2374.3 1794860
2374.8 1794804
2375.3 1794600
2375.8 1795116
2376.3 1795232
2376.8 1794852
2377.3 1794852
2377.8 1795072
2378.3 1794996
2378.8 1794852
2379.3 1794860
2379.8 1795056
2380.3 1795148
2380.8 1795768
2381.3 1795484
2381.8 1794840
2382.3 1794368
2382.8 1794620
2383.3 1794744
2383.8 1794888
2384.3 1794952
2384.8 1794036
2385.3 1794128
2385.8 1794428
2386.3 1794616
2386.8 1794552
2387.3 1794680
2387.8 1794900
2388.3 1794900
2388.8 1794756
2389.3 1794852
2389.8 1795184
2390.3 1795168
2390.8 1794776
2391.3 1794884
2391.8 1795412
2392.3 1794948
2392.8 1788556
2393.3 1788556
2393.8 1788556
2394.3 1788524
2394.8 1788588
2395.3 1788584
2395.8 1788584
2396.3 1788584
2396.9 1788584
2397.5 1788584
2398.0 1788584
2398.5 1788584
2399.0 1788584
2399.5 1788552
2400.1 1788552
2400.6 1788552
2401.1 1788552
2401.7 1788552
2402.2 1788552
2402.8 1788584
2403.3 1788584
2403.8 1788584
2404.3 1788552
2404.8 1788552
2405.3 1788552
2405.8 1788552
2406.3 1788552
2406.9 1788552
2407.5 1788552
2408.0 1788552
2408.5 1788552
2409.0 1788552
2409.5 1788520
2410.0 1788584
2410.6 1788584
2411.1 1788584
2411.6 1788584
2412.1 1788584
2412.6 1788584
2413.1 1788584
2413.6 1788552
2414.1 1788552
2414.6 1788552
2415.1 1794652
2415.6 1794792
2416.1 1794636
2416.6 1794888
2417.1 1794620
2417.6 1795124
2418.1 1794776
2418.6 1795064
2419.1 1795108
2419.6 1795288
2420.1 1795040
2420.6 1795164
2421.1 1795512
2421.6 1795164
2422.1 1795164
2422.6 1794976
2423.1 1794912
2423.6 1795052
2424.1 1794504
2424.6 1794408
2425.1 1794736
2425.6 1794860
2426.1 1795256
2426.6 1794748
2427.1 1794972
2427.6 1794812
2428.1 1795444
2428.6 1795000
2429.1 1794956
2429.6 1794908
2430.1 1794812
2430.6 1795460
2431.1 1794576
2431.6 1795036
2432.1 1794688
2432.6 1794528
2433.1 1794940
2433.6 1794956
2434.1 1794704
2434.6 1795128
2435.1 1794872
2435.6 1794936
2436.1 1794840
2436.6 1794524
2437.1 1789352
2437.6 1789352
2438.1 1789352
2438.6 1789352
2439.1 1789352
2439.6 1789416
2440.1 1789384
2440.6 1789384
2441.1 1789384
2441.6 1789384
2442.1 1789384
2442.6 1789384
2443.2 1789384
2443.7 1789384
2444.2 1789384
2444.7 1789384
2445.2 1789384
2445.7 1789352
2446.2 1789352
2446.7 1789352
2447.2 1789352
2447.7 1789384
2448.2 1789384
2448.7 1789384
2449.2 1789384
2449.8 1789352
2450.3 1789352
2450.8 1789352
2451.3 1789352
2451.8 1789352
2452.3 1789352
2453.0 1789352
2453.5 1789352
2454.0 1789352
2454.5 1789384
2455.0 1789384
2455.5 1789384
2456.0 1789384
2456.5 1789384
2457.0 1789384
2457.5 1789384
2458.0 1789384
2458.5 1789384
2459.0 1789384
2459.5 1789352
2460.0 1795204
2460.5 1794596
2461.0 1794864
2461.5 1794848
2462.0 1794864
2462.5 1795208
2463.0 1795052
2463.5 1794944
2464.0 1795536
2464.5 1795204
2465.0 1794492
2465.5 1794616
2466.0 1794840
2466.5 1794840
2467.0 1795108
2467.5 1795236
2468.0 1794808
2468.5 1794760
2469.0 1795124
2469.5 1795108
2470.0 1794988
2470.5 1794688
2471.0 1794544
2471.5 1794860
2472.0 1794860
2472.5 1794956
2473.0 1794892
2473.5 1794796
2474.0 1794956
2474.5 1794892
2475.0 1794896
2475.5 1794848
2476.0 1794848
2476.5 1794848
2477.0 1794992
2477.5 1794800
2478.0 1795116
2478.5 1794864
2479.0 1794800
2479.5 1794800
2480.0 1794420
2480.5 1794776
2481.0 1794792
2481.5 1794856
2482.0 1789216
2482.6 1789216
2483.1 1789216
2483.6 1789216
2484.1 1789216
2484.6 1789216
2485.1 1789216
2485.7 1789244
2486.2 1789244
2486.7 1789212
2487.2 1789212
2487.7 1789212
2488.2 1789212
2488.7 1789212
2489.2 1789212
2489.7 1789212
2490.2 1789212
2490.7 1789212
2491.2 1789212
2491.7 1789180
2492.2 1789180
2492.7 1789244
2493.2 1789244
2493.7 1789244
2494.2 1789244
2494.7 1789244
2495.2 1789244
2495.7 1789244
2496.2 1789244
2496.7 1789212
2497.2 1789212
2497.7 1789212
2498.2 1789212
2498.7 1789212
2499.2 1789212
2499.7 1789212
2500.2 1789212
2500.7 1789244
2501.2 1789244
2501.7 1789244
2502.2 1789244
2502.8 1789244
2503.3 1789244
2503.8 1789244
2504.3 1789244
2504.8 1789244
2505.3 1794456
2505.8 1795168
2506.3 1794740
2506.8 1795072
2507.3 1794900
2507.8 1795056
2508.3 1795152
2508.8 1794788
2509.3 1795056
2509.8 1795024
2510.3 1795812
2510.8 1795284
2511.3 1795240
2511.8 1794940
2512.3 1794624
2512.8 1794860
2513.3 1795128
2513.8 1795128
2514.3 1795096
2514.8 1794560
2515.3 1794712
2515.8 1794948
2516.3 1794944
2516.8 1794892
2517.3 1794860
2517.8 1795160
2518.3 1795064
2518.8 1795144
2519.3 1795048
2519.8 1794828
2520.3 1794920
2520.8 1794492
2521.3 1794636
2521.8 1794508
2522.3 1794636
2522.8 1794824
2523.3 1794744
2523.8 1794856
2524.3 1794888
2524.8 1794968
2525.3 1794344
2525.8 1794800
2526.3 1795084
2526.8 1794800
2527.3 1789312
2529.1 1789312
2529.6 1789280
2530.1 1789280
2530.6 1789280
2532.3 1789280
2536.0 1789280
2536.5 1789280
2538.3 1789280
2543.6 1789248
2545.4 1789312
2547.5 1789312
2549.3 1789312
2549.8 1795344
2550.3 1794776
2550.8 1794964
2551.3 1794712
2551.8 1794588
2552.3 1794320
2552.8 1794348
2553.3 1794856
2553.8 1794920
2554.3 1794824
2554.8 1794772
2555.3 1794300
2555.8 1794284
2556.3 1794412
2556.8 1794316
2557.3 1794316
2557.8 1794472
2558.3 1794472
2558.8 1794804
2559.3 1794584
2559.8 1794616
2560.3 1794380
2560.8 1794348
2561.3 1794204
2561.8 1794252
2562.3 1794172
2562.8 1794568
2563.3 1794580
2563.8 1795308
2564.3 1795040
2564.8 1795072
2565.3 1795152
2565.8 1795104
2566.3 1795072
2566.8 1795120
2567.3 1795120
2567.8 1795500
2568.3 1795056
2568.8 1794820
2569.3 1794680
2569.8 1794952
2570.3 1794984
2570.8 1794904
2571.3 1794572
2571.8 1794320
2572.3 1788544
2574.1 1788544
2574.6 1788544
2575.1 1788544
2575.6 1788544
2578.7 1788540
2579.2 1788540
2581.0 1788508
2582.8 1788572
2583.3 1788572
2584.8 1788572
2586.7 1788572
2587.2 1788572
2590.9 1788540
2592.6 1788540
2593.1 1788540
2594.5 1788540
2595.0 1794680
2595.5 1794616
2596.0 1794812
2596.5 1794940
2597.0 1794748
2597.5 1794352
2598.0 1794560
2598.5 1794876
2599.0 1794812
2599.5 1794796
2600.0 1794988
2600.5 1795064
2601.0 1794564
2601.5 1794244
2602.0 1794608
2602.5 1794664
2603.0 1794900
2603.5 1794868
2604.0 1795024
2604.5 1795408
2605.0 1795004
2605.5 1794816
2606.0 1794816
2606.5 1794832
2607.0 1794864
2607.5 1795212
2608.0 1795008
2608.5 1794960
2609.0 1794832
2609.5 1794992
2610.0 1795112
2610.5 1794924
2611.0 1795240
2611.5 1794844
2612.0 1795224
2612.5 1794956
2613.0 1794876
2613.5 1795208
2614.0 1794924
2614.5 1794828
2615.0 1794844
2615.5 1794892
2616.0 1794812
2616.5 1794420
2617.0 1788516
2617.5 1788516
2618.0 1788516
2618.5 1788516
2619.0 1788548
2619.5 1788548
2620.0 1788540
2620.5 1788540
2621.0 1788508
2621.5 1788508
2622.2 1788508
2623.3 1788508
2623.8 1788508
2624.3 1788508
2624.8 1788508
2625.3 1788508
2625.8 1788476
2626.3 1788476
2626.8 1788476
2627.3 1788476
2627.8 1788540
2628.3 1788540
2628.8 1788540
2629.3 1788540
2629.8 1788540
2630.3 1788508
2631.0 1788508
2631.5 1788508
2632.0 1788508
2632.5 1788508
2633.0 1788508
2633.5 1788508
2634.0 1788508
2634.5 1788572
2635.4 1788540
2637.2 1788540
2639.1 1788540
2639.6 1791800
2640.1 1794700
2640.6 1794844
2641.1 1794384
2641.6 1794924
2642.1 1794764
2642.6 1795032
2643.1 1794968
2643.6 1794812
2644.1 1794796
2644.6 1794620
2645.1 1794812
2645.6 1794560
2646.1 1794924
2646.6 1794716
2647.1 1794560
2647.6 1795144
2648.1 1794812
2648.6 1794764
2649.1 1795220
2649.6 1794684
2650.1 1794732
2650.6 1794732
2651.1 1794844
2651.6 1795000
2652.1 1794764
2652.6 1794732
2653.1 1794764
2653.6 1795188
2654.1 1794764
2654.6 1794976
2655.1 1794820
2655.6 1794916
2656.1 1794836
2656.6 1795192
2657.1 1794424
2657.6 1794504
2658.1 1794156
2658.6 1794472
2659.1 1794820
2659.6 1794612
2660.1 1794884
2660.6 1794900
2661.1 1794284
2661.6 1794600
2662.1 1788688
2662.6 1788752
2663.1 1788752
2665.0 1788752
2665.5 1788752
2666.0 1788752
2666.9 1788752
2667.4 1788752
2669.3 1788720
2670.5 1788720
2671.5 1788720
2672.0 1788720
2673.0 1788720
2673.5 1788720
2674.0 1788752
2675.5 1788752
2676.1 1788752
2676.9 1788752
2677.5 1788720
2678.6 1788720
2679.6 1788720
2680.8 1788720
2681.8 1788720
2684.0 1788720
2684.5 1788720
2685.0 1794868
2685.5 1794868
2686.0 1794852
2686.5 1794916
2687.0 1794820
2687.5 1794568
2688.0 1795104
2688.5 1794900
2689.0 1795308
2689.5 1794724
2690.0 1794748
2690.5 1795016
2691.0 1794716
2691.5 1795160
2692.0 1795584
2692.5 1796212
2693.0 1795536
2693.5 1795296
2694.0 1794888
2694.5 1795112
2695.0 1794716
2695.5 1794592
2696.0 1794640
2696.5 1794640
2697.0 1794276
2697.5 1794576
2698.0 1794480
2698.5 1794892
2699.0 1794668
2699.5 1795144
2700.0 1795064
2700.5 1795064
2701.0 1795144
2701.5 1794448
2702.0 1794668
2702.5 1794604
2703.0 1794828
2703.5 1795048
2704.0 1795176
2704.5 1794844
2705.0 1795076
2705.5 1795236
2706.0 1794572
2706.5 1795164
2707.0 1789224
2707.5 1789160
2708.4 1789128
2708.9 1789128
2710.5 1789188
2711.2 1789188
2712.3 1789188
2712.8 1789188
2713.3 1789188
2713.9 1789188
2714.7 1789188
2716.3 1789156
2717.8 1789156
2719.3 1789156
2720.1 1789156
2720.6 1789156
2721.1 1789156
2721.6 1789188
2723.7 1789188
2725.7 1789156
2727.5 1789156
2729.3 1789156
2729.8 1795620
2730.3 1794724
2730.8 1794580
2731.3 1794992
2731.8 1794740
2732.3 1794664
2732.8 1794936
2733.3 1795016
2733.8 1794684
2734.3 1794840
2734.8 1794988
2735.3 1795036
2735.8 1795288
2736.3 1795100
2736.8 1795020
2737.3 1795020
2737.8 1794788
2738.3 1794832
2738.8 1794972
2739.3 1795052
2739.8 1794684
2740.3 1794984
2740.8 1794796
2741.3 1795000
2741.8 1794416
2742.3 1794520
2742.8 1794504
2743.3 1794916
2743.8 1794504
2744.3 1794772
2744.8 1795084
2745.3 1795068
2745.8 1795084
2746.3 1794468
2746.8 1794704
2747.3 1794752
2747.8 1794184
2748.3 1794216
2748.8 1794216
2749.3 1794312
2749.8 1794392
2750.3 1794184
2750.8 1794580
2751.3 1794344
2751.8 1794596
2752.3 1788260
2754.1 1788260
2755.1 1788260
2755.6 1788252
2756.1 1788252
2756.6 1788220
2757.2 1788220
2759.3 1788220
2759.8 1788220
2761.0 1788220
2762.1 1788220
2762.7 1788220
2763.2 1788220
2763.7 1788220
2764.2 1788220
2764.7 1788252
2766.3 1788252
2767.4 1788252
2768.6 1788252
2769.1 1788252
2770.8 1788252
2771.3 1788252
2771.8 1788220
2773.2 1788220
2774.5 1788220
2775.0 1794800
2775.5 1794044
2776.0 1794472
2776.5 1794564
2777.0 1794760
2777.5 1794696
2778.0 1794840
2778.5 1794980
2779.0 1795092
2779.5 1794712
2780.0 1794688
2780.5 1795020
2781.0 1795004
2781.5 1794704
2782.0 1794800
2782.5 1795464
2783.0 1794340
2783.5 1794248
2784.0 1794672
2784.5 1794672
2785.0 1795020
2785.5 1795240
2786.0 1794736
2786.5 1794896
2787.0 1794688
2787.5 1794860
2788.0 1794688
2788.5 1794940
2789.0 1795448
2789.5 1795844
2790.0 1795200
2790.5 1794612
2791.0 1794612
2791.5 1795216
2792.0 1794756
2792.5 1794724
2793.0 1794944
2793.5 1794944
2794.0 1794772
2794.5 1794804
2795.0 1794952
2795.5 1795112
2796.0 1794956
2796.5 1794936
2797.0 1794456
2797.5 1788900
2798.8 1788900
2800.9 1788900
2801.7 1788900
2803.1 1788900
2804.9 1788900
2805.5 1788900
2806.0 1788868
2806.5 1788868
2813.5 1788932
2816.5 1788932
2817.1 1788932
2817.6 1788932
2818.1 1788932
2819.1 1788900
2819.6 1792328
2820.1 1794772
2820.6 1794804
2821.1 1794448
2821.6 1794400
2822.1 1794008
2822.6 1794308
2823.1 1794212
2823.6 1794164
2824.1 1793992
2824.6 1793900
2825.1 1794156
2825.6 1794188
2826.1 1794140
2826.6 1794300
2827.1 1794188
2827.6 1794708
2828.1 1794692
2828.6 1795056
2829.1 1794976
2829.6 1794828
2830.1 1794812
2830.6 1795396
2831.1 1794972
2831.6 1794432
2832.1 1794212
2832.6 1794180
2833.1 1794372
2833.6 1793880
2834.1 1794560
2834.6 1794256
2835.1 1794428
2835.6 1794348
2836.1 1794696
2836.6 1794776
2837.1 1794112
2837.6 1794696
2838.1 1794712
2838.6 1794932
2839.1 1794728
2839.6 1795216
2840.1 1795040
2840.6 1794880
2841.1 1794900
2841.6 1795120
2842.1 1788784
2842.6 1788784
2845.0 1788784
2845.5 1788784
2846.0 1788780
2849.8 1788780
2850.6 1788780
2852.4 1788748
2854.2 1788812
2855.8 1788812
2857.7 1788812
2858.2 1788812
2858.7 1788812
2859.2 1788812
2859.8 1788812
2861.9 1788780
2863.1 1788780
2864.5 1788780
2865.0 1795232
2865.5 1795152
2866.0 1794680
2866.5 1794836
2867.0 1794916
2867.5 1794836
2868.0 1794948
2868.5 1794820
2869.0 1794792
2869.5 1794884
2870.0 1794916
2870.5 1794884
2871.0 1794948
2871.5 1795028
2872.0 1795076
2872.5 1795388
2873.0 1794648
2873.5 1794964
2874.0 1794648
2874.5 1794176
2875.0 1794476
2875.5 1794620
2876.0 1794744
2876.5 1795092
2877.0 1795188
2877.5 1795044
2878.0 1794776
2878.5 1794744
2879.0 1795108
2879.5 1795280
2880.0 1794836
2880.5 1794820
2881.0 1794724
2881.5 1794804
2882.0 1794772
2882.5 1795528
2883.0 1795716
2883.5 1795184
2884.0 1794836
2884.5 1794976
2885.0 1795148
2885.5 1794896
2886.0 1795212
2886.5 1794944
2887.0 1788844
2889.2 1788844
2891.7 1788836
2892.2 1788836
2894.0 1788836
2894.6 1788836
2895.2 1788836
2897.0 1788836
2897.6 1788836
2898.3 1788868
2899.7 1788868
2900.4 1788868
2902.4 1788868
2902.9 1788868
2903.4 1788868
2903.9 1788868
2904.6 1788868
2905.1 1788836
2906.2 1788836
2906.7 1788836
2907.2 1788836
2907.7 1788836
2908.2 1788836
2908.9 1788868
2909.4 1788868
2909.9 1794960
2910.4 1795464
2910.9 1794848
2911.4 1794912
2911.9 1794816
2912.4 1795008
2912.9 1794772
2913.4 1794424
2913.9 1794568
2914.4 1794724
2914.9 1794448
2915.4 1794852
2915.9 1795072
2916.4 1794788
2916.9 1794644
2917.4 1794784
2917.9 1794944
2918.4 1795436
2918.9 1795068
2919.4 1794992
2919.9 1794852
2920.4 1794772
2920.9 1795260
2921.4 1794864
2921.9 1794928
2922.4 1794864
2922.9 1795040
2923.4 1794596
2923.9 1793920
2924.4 1794172
2924.9 1794664
2925.4 1795044
2925.9 1795200
2926.4 1795012
2926.9 1794728
2927.4 1794980
2927.9 1794948
2928.4 1795012
2928.9 1794852
2929.4 1795216
2929.9 1794924
2930.4 1794736
2930.9 1794280
2931.4 1794736
2931.9 1794876
2932.8 1789000
2933.3 1789000
2933.8 1789000
2934.5 1789000
2935.0 1788968
2935.5 1788968
2936.0 1789032
2936.5 1789032
2938.8 1789032
2939.3 1789032
2940.1 1789032
2940.7 1789032
2941.9 1789000
2943.2 1789000
2943.9 1789000
2945.6 1789000
2947.2 1789000
2947.7 1789000
2949.2 1789000
2950.1 1789064
2951.9 1789032
2953.7 1789032
2954.5 1789032
2955.0 1794640
2955.5 1794404
2956.0 1794468
2956.5 1794388
2957.0 1794624
2957.5 1795052
2958.0 1795208
2958.5 1795160
2959.0 1794892
2959.5 1795668
2960.0 1794568
2960.5 1794476
2961.0 1794760
2961.5 1794836
2962.0 1795028
2962.5 1794456
2963.0 1794396
2963.5 1794524
2964.0 1796412
2964.5 1804084
2965.0 1815312
2965.5 1809648
2966.0 1807108
2966.5 1806348
2967.0 1810040
2967.5 1762496
2968.0 1775428
2968.5 1800680
2969.0 1803176
2969.5 1807564
2970.0 1812564
2970.5 1817344
2971.0 1823028
2971.5 1830760
2972.0 1842792
2972.5 1856164
2973.0 1862440
2973.5 1871948
2974.0 1875204
2974.5 1882140
2975.0 1881620
2975.5 1873544
2976.0 1869956
2976.5 1865880
2977.0 1870068
2977.5 1873700
2978.0 1875940
2978.5 1874468
2979.0 1864912
2979.5 1855904
2980.0 1863632
2980.5 1870996
2981.0 1869680
2981.5 1859024
2982.0 1862820
2982.5 1871332
2983.0 1869500
2983.5 1867588
2984.0 1869572
2984.5 1870404
2985.0 1864560
2985.5 1872452
2986.0 1858872
2986.5 1872764
2987.0 1875148
2987.5 1867984
2988.0 1872104
2988.5 1859292
2989.0 1867552
2989.5 1820916
2990.0 1825228
2990.5 1831564
2991.0 1834316
2991.5 1830784
2992.0 1831576
2992.5 1831896
2993.0 1841532
2993.5 1845800
2994.0 1852596
2994.5 1852188
2995.0 1851228
2995.5 1849840
2996.0 1850156
2996.5 1850016
2997.0 1850252
2997.5 1850156
2998.0 1853888
2998.5 1813392
2999.0 1813392
2999.5 1813392
3000.0 1820428
