0.5 1870212
1.0 1870212
1.5 1870212
2.0 1870212
2.5 1870212
3.0 1870212
3.5 1870212
4.0 1870212
4.5 1870212
5.0 1870244
5.5 1870244
6.0 1870244
6.5 1870244
7.0 1870244
7.5 1870244
8.0 1870244
8.5 1870244
9.0 1870212
9.5 1870212
10.0 1870212
10.5 1870212
11.0 1870212
11.5 1870212
12.0 1870244
12.5 1870244
13.0 1870244
13.5 1870244
14.0 1870244
14.5 1870244
15.0 1870212
15.6 1870212
16.1 1870212
16.6 1870212
17.1 1870212
17.6 1870212
18.1 1870212
18.6 1870180
19.1 1870244
19.6 1870244
20.2 1870244
20.7 1870244
21.2 1870244
21.7 1870244
22.2 1870244
22.8 1870244
23.3 1870212
23.8 1870212
24.3 1870212
24.8 1870212
25.3 1870212
25.8 1870212
26.3 1870212
26.8 1870212
27.3 1870244
27.9 1870212
28.4 1870212
28.9 1870212
29.4 1870212
29.9 1877488
30.4 1876152
30.9 1877112
31.4 1876956
31.9 1877476
32.4 1877476
32.9 1877380
33.4 1877508
33.9 1877584
34.4 1877664
34.9 1877900
35.4 1877900
35.9 1877852
36.4 1878044
36.9 1878156
37.4 1877996
37.9 1877964
38.4 1877208
38.9 1877476
39.4 1877080
39.9 1877468
40.4 1877784
40.9 1877752
41.4 1877640
41.9 1877608
42.4 1877420
42.9 1877580
43.4 1877356
43.9 1877544
44.4 1877540
44.9 1877744
45.4 1877996
45.9 1877980
46.4 1877788
46.9 1877980
47.4 1877964
47.9 1877932
48.4 1877644
48.9 1878060
49.4 1877756
49.9 1877736
50.4 1877956
50.9 1877608
51.4 1877640
51.9 1877720
52.4 1877988
52.9 1877844
53.4 1871816
53.9 1871816
54.4 1871816
55.2 1871816
55.7 1871784
56.2 1871776
56.7 1871776
57.2 1871776
57.7 1871776
58.2 1871808
58.7 1871808
59.2 1871808
59.7 1871808
60.2 1871776
60.8 1871776
61.4 1871776
63.7 1871776
64.2 1871776
64.7 1871776
65.2 1871776
65.7 1871776
66.2 1871776
66.7 1871744
67.2 1871808
67.7 1871808
68.2 1871808
69.0 1871808
69.5 1871808
70.0 1871808
70.5 1871808
72.3 1871808
72.8 1871776
73.3 1871776
74.4 1871776
74.9 1871776
75.4 1877868
75.9 1877948
76.4 1877980
76.9 1878012
77.4 1877900
77.9 1877900
78.4 1877916
78.9 1877836
79.4 1877744
79.9 1877820
80.4 1877720
80.9 1877720
81.4 1877892
81.9 1877592
82.4 1877704
82.9 1877656
83.4 1877940
83.9 1878112
84.4 1878004
84.9 1877988
85.4 1877884
85.9 1877932
86.4 1877632
86.9 1877884
87.4 1878200
87.9 1877600
88.4 1878044
88.9 1877852
89.4 1878104
89.9 1877980
90.4 1878128
90.9 1878020
91.4 1877844
91.9 1877940
92.4 1877636
92.9 1877088
93.4 1877168
93.9 1877232
94.4 1877420
94.9 1877548
95.4 1877728
95.9 1877996
96.4 1877852
96.9 1877820
97.4 1877852
97.9 1878012
98.4 1874404
98.9 1872132
99.8 1872132
100.3 1872132
100.8 1872132
101.3 1872124
101.9 1872156
102.5 1872156
103.0 1872156
103.5 1872156
104.0 1872156
104.5 1872156
105.0 1872156
105.6 1872156
107.0 1872156
107.7 1872124
108.2 1872124
108.7 1872124
109.4 1872124
109.9 1872124
110.6 1872156
111.1 1872156
111.6 1872156
112.1 1872156
112.9 1872124
113.4 1872124
114.0 1872124
114.7 1872124
116.9 1872124
117.5 1872124
118.0 1872124
118.5 1872124
119.5 1872124
120.0 1878668
120.5 1877656
121.0 1877544
121.5 1877780
122.0 1877796
122.5 1878048
123.0 1877892
123.5 1877828
124.0 1878052
124.5 1877496
125.0 1877504
125.5 1877552
126.0 1877536
126.5 1877900
127.0 1877932
127.5 1877584
128.0 1877960
128.5 1877632
129.0 1877728
129.5 1877236
130.0 1877308
130.5 1877324
131.0 1877388
131.5 1877260
132.0 1876916
132.5 1877088
133.0 1877340
133.5 1877404
134.0 1877276
134.5 1877040
135.0 1877032
135.5 1877476
136.0 1877616
136.5 1878404
137.0 1877556
137.5 1877804
138.0 1877456
138.5 1877680
139.0 1878072
139.5 1877440
140.0 1878016
140.5 1878096
141.0 1878064
141.5 1877940
142.0 1878160
142.5 1878096
143.0 1878176
143.5 1872108
144.0 1872108
144.5 1872108
145.7 1872100
146.2 1872100
146.7 1872068
147.7 1872068
148.2 1872068
150.1 1872068
150.6 1872068
151.1 1872100
151.6 1872100
152.1 1872100
152.6 1872100
154.2 1872100
157.7 1872068
158.2 1872068
158.8 1872068
159.5 1872068
160.7 1872068
161.2 1872068
161.7 1872068
163.2 1872100
163.8 1872100
164.5 1872100
165.0 1878160
165.5 1877844
166.0 1877764
166.5 1878000
167.0 1878000
167.5 1877796
168.0 1878144
168.5 1877828
169.0 1878224
169.5 1878208
170.0 1877900
170.5 1878024
171.0 1877804
171.5 1877868
172.0 1877892
172.5 1877908
173.0 1877480
173.5 1877576
174.0 1878064
174.5 1877940
175.0 1877772
175.5 1877836
176.0 1878416
176.5 1878292
177.0 1878244
177.5 1877992
178.0 1878560
178.5 1878216
179.0 1877804
179.5 1878072
180.0 1877716
180.5 1877828
181.0 1878128
181.5 1878144
182.0 1877860
182.5 1878176
183.0 1877764
183.5 1877700
184.0 1877984
184.5 1877212
185.0 1877220
185.5 1877600
186.0 1878100
186.5 1877804
187.0 1877900
187.5 1878008
188.0 1878040
188.5 1872060
192.1 1872052
194.0 1872052
194.5 1872052
195.4 1872052
195.9 1872084
197.5 1872084
198.0 1872084
199.9 1872084
200.4 1872084
202.3 1872084
202.8 1872084
204.7 1872084
205.2 1872052
205.7 1872052
207.6 1872052
209.5 1872052
210.0 1878152
210.5 1878184
211.0 1877804
211.5 1878104
212.0 1877948
212.5 1878024
213.0 1878040
213.5 1877772
214.0 1877756
214.5 1877804
215.0 1877652
215.5 1878216
216.0 1877916
216.5 1878152
217.0 1878056
217.5 1878024
218.0 1878212
218.5 1877788
219.0 1877944
219.5 1877944
220.0 1877904
220.5 1877984
221.0 1878064
221.5 1878096
222.0 1877860
222.5 1877956
223.0 1877324
223.5 1877056
224.0 1876992
224.5 1877388
225.0 1877380
225.5 1877620
226.0 1877748
226.5 1877812
227.0 1877732
227.5 1877876
228.0 1878032
228.5 1878056
229.0 1877984
229.5 1878048
230.0 1877884
230.5 1878560
231.0 1878264
231.5 1877932
232.0 1878080
232.5 1877828
233.0 1877952
233.5 1871884
234.0 1871884
236.1 1871876
236.6 1871876
237.1 1871876
238.9 1871844
242.6 1871844
246.5 1871908
247.0 1871908
247.5 1871908
248.0 1871908
248.5 1871908
249.0 1871908
249.5 1871908
250.0 1871876
250.5 1871876
251.0 1871876
251.5 1871876
252.0 1871876
252.5 1871876
253.0 1871876
253.5 1871876
254.0 1871876
254.5 1871876
255.0 1878040
255.5 1877708
256.0 1878340
256.5 1877992
257.0 1878056
257.5 1878040
258.0 1878088
258.5 1877896
259.0 1877868
259.5 1877676
260.0 1877524
260.5 1877748
261.0 1877936
261.5 1877620
262.0 1877700
262.5 1877700
263.0 1877872
263.5 1878124
264.0 1877652
264.5 1877920
265.0 1877616
265.5 1877724
266.0 1877628
266.5 1877660
267.0 1877360
267.5 1877580
268.0 1877944
268.5 1878024
269.0 1877628
269.5 1877852
270.0 1877464
270.5 1877732
271.0 1877464
271.5 1877564
272.0 1877620
272.5 1877936
273.0 1877780
273.5 1877764
274.0 1877828
274.5 1877528
275.0 1877124
275.5 1877536
276.0 1877644
276.5 1877660
277.0 1878008
277.5 1877976
278.0 1877804
279.2 1871876
279.7 1871876
280.2 1871876
281.3 1871868
282.9 1871868
283.4 1871868
285.2 1871868
285.7 1871836
286.2 1871836
286.7 1871836
287.2 1871836
287.7 1871868
288.2 1871868
290.1 1871868
290.8 1871868
292.7 1871868
293.2 1871836
293.7 1871836
295.5 1871836
297.9 1871836
298.4 1871836
299.5 1871836
300.0 1878316
300.5 1877796
301.0 1877748
301.5 1878016
302.0 1878064
302.5 1877652
303.0 1877724
303.5 1877756
304.0 1877912
304.5 1877856
305.0 1877772
305.5 1878056
306.0 1877864
306.5 1877756
307.0 1877692
307.5 1877660
308.0 1877724
308.5 1877504
309.0 1877692
309.5 1877992
310.0 1878064
310.5 1878300
311.0 1878172
311.5 1877900
312.0 1878152
312.5 1878152
313.0 1877628
313.5 1877488
314.0 1877692
314.5 1878276
315.0 1877872
315.5 1878032
316.0 1878192
316.5 1877920
317.0 1877968
317.5 1877984
318.0 1878096
318.5 1877780
319.0 1878000
319.5 1878108
320.0 1877992
320.5 1878056
321.0 1877896
321.5 1877724
322.0 1877676
322.5 1878072
323.0 1877992
323.5 1871672
324.0 1871672
325.0 1871664
325.5 1871664
326.3 1871664
328.2 1871664
329.2 1871664
331.4 1871728
332.0 1871696
333.0 1871696
333.9 1871696
338.7 1871696
339.4 1871696
340.2 1871696
340.8 1871696
341.2 1871696
341.9 1871664
343.7 1871664
344.5 1871664
345.0 1877848
345.5 1877372
346.0 1877360
346.5 1877452
347.0 1877360
347.5 1877644
348.0 1877752
348.5 1877944
349.0 1877676
349.5 1877960
350.0 1877700
350.5 1878236
351.0 1878048
351.5 1877648
352.0 1877968
352.5 1877872
353.0 1878108
353.5 1877968
354.0 1877904
354.5 1877620
355.0 1877612
355.5 1877596
356.0 1877612
356.5 1877940
357.0 1877960
357.5 1878164
358.0 1878084
358.5 1878008
359.0 1878180
359.5 1877864
360.0 1877920
360.5 1877920
361.0 1877872
361.5 1877872
362.0 1877068
362.5 1877148
363.0 1877352
363.5 1877984
364.0 1877572
364.5 1877588
365.0 1878008
365.5 1877708
366.0 1877768
366.5 1878068
367.0 1877756
367.5 1877312
368.0 1877092
368.5 1871292
369.0 1871292
369.5 1871292
370.2 1871316
371.9 1871316
373.7 1871316
374.4 1871316
374.9 1871284
376.5 1871284
377.0 1871284
377.8 1871284
378.6 1871284
379.2 1871284
379.7 1871284
380.2 1871284
382.3 1871252
383.9 1871316
385.4 1871316
386.1 1871316
386.6 1871316
387.1 1871316
388.9 1871316
389.5 1871316
390.0 1877496
390.5 1877652
391.0 1877668
391.5 1877620
392.0 1877652
392.5 1877556
393.0 1877872
393.5 1877792
394.0 1877888
394.5 1877824
395.0 1877816
395.5 1877596
396.0 1878148
396.5 1877516
397.0 1877676
397.5 1877564
398.0 1877580
398.5 1877532
399.0 1877612
399.5 1877644
400.0 1877700
400.5 1877620
401.0 1877684
401.5 1877904
402.0 1877684
402.5 1877368
403.0 1877304
403.5 1877368
404.0 1877336
404.5 1876972
405.0 1877580
405.5 1877816
406.0 1878380
406.5 1878108
407.0 1878156
407.5 1877712
408.0 1877952
408.5 1877524
409.0 1877492
409.5 1877824
410.0 1877752
410.5 1877768
411.0 1878148
411.5 1877660
412.0 1877928
412.5 1877960
413.0 1875048
414.9 1871980
415.9 1871972
417.1 1871972
417.6 1871972
419.8 1871972
420.3 1871972
420.9 1871972
421.6 1871972
422.3 1871940
423.1 1871940
424.2 1872004
425.4 1872004
425.9 1872004
427.9 1872004
430.6 1872004
431.1 1872004
432.1 1871972
432.6 1871972
433.1 1871972
434.1 1871972
434.6 1877064
435.1 1877920
435.6 1877824
436.1 1877856
436.6 1877760
437.1 1877920
437.6 1878044
438.1 1877744
438.6 1877776
439.1 1877776
439.6 1877720
440.1 1878084
440.6 1878052
441.1 1877800
441.6 1877864
442.1 1877548
442.6 1877612
443.1 1877548
443.6 1877880
444.1 1877784
444.6 1877904
445.1 1877936
445.6 1877872
446.1 1878124
446.6 1878092
447.1 1877636
447.6 1877824
448.1 1877808
448.6 1877808
449.1 1877760
449.6 1878148
450.1 1877768
450.6 1878020
451.1 1877816
451.6 1877784
452.1 1877720
452.6 1877360
453.1 1877704
453.6 1877832
454.1 1877880
454.6 1877744
455.1 1877540
455.6 1877792
456.1 1877508
456.6 1877460
457.1 1877728
457.6 1878060
458.1 1871952
458.6 1871952
459.2 1871952
459.9 1871952
461.8 1871944
462.6 1871944
463.1 1871944
463.6 1871912
464.1 1871912
464.6 1871912
465.1 1871912
466.3 1871912
467.7 1871912
468.2 1871912
468.7 1871912
469.2 1871912
469.7 1871912
470.2 1871912
470.8 1871912
471.6 1871912
472.3 1871912
473.6 1871912
474.7 1871912
476.7 1871880
477.2 1871880
477.7 1871880
478.8 1871944
479.3 1871944
479.8 1878128
480.3 1878316
480.8 1877540
481.3 1877760
481.8 1877540
482.3 1877460
482.8 1877712
483.3 1877792
483.8 1878312
484.3 1878172
484.8 1877736
485.3 1877800
485.8 1877304
486.3 1877336
486.8 1877636
487.3 1877460
487.8 1877840
488.3 1878092
488.8 1878012
489.3 1878028
489.8 1877768
490.3 1877816
490.8 1878212
491.3 1877816
491.8 1877688
492.3 1878036
492.8 1877784
493.3 1877800
493.8 1878020
494.3 1877720
494.8 1877432
495.3 1877240
495.8 1877052
496.3 1877052
496.8 1877068
497.3 1877476
497.8 1877636
498.3 1877540
498.8 1877808
499.3 1877556
499.8 1877752
500.3 1877768
500.8 1878068
501.3 1877232
501.8 1877644
502.3 1871544
502.8 1871544
504.4 1871544
504.9 1871544
505.4 1871544
505.9 1871504
507.3 1871504
507.8 1871504
508.9 1871504
509.5 1871504
511.1 1871504
513.6 1871536
514.1 1871536
516.3 1871504
517.0 1871504
518.1 1871504
518.6 1871504
520.4 1871504
522.0 1871504
523.9 1871504
524.5 1871504
525.0 1877744
525.5 1878336
526.0 1878020
526.5 1877924
527.0 1878004
527.5 1877672
528.0 1876980
528.5 1877012
529.0 1876980
529.5 1877184
530.0 1877444
530.5 1877776
531.0 1877980
531.5 1877744
532.0 1878108
532.5 1877856
533.0 1877632
533.5 1877728
534.0 1877744
534.5 1877192
535.0 1877624
535.5 1877736
536.0 1878224
536.5 1877560
537.0 1877688
537.5 1878004
538.0 1878068
538.5 1877388
539.0 1877752
539.5 1878020
540.0 1878044
540.5 1878028
541.0 1877712
541.5 1877964
542.0 1877212
542.5 1877476
543.0 1878296
543.5 1878072
544.0 1877884
544.5 1877604
545.0 1877560
545.5 1877592
546.0 1877624
546.5 1877736
547.0 1871216
547.9 1871216
551.0 1871208
551.9 1871208
553.9 1871176
554.4 1871176
555.3 1871176
556.3 1871176
557.6 1871176
558.1 1871176
559.4 1871208
559.9 1871208
560.4 1871208
561.3 1871176
561.8 1871176
562.3 1871176
563.2 1871176
564.1 1871176
564.6 1871176
566.9 1871176
567.4 1871176
568.1 1871144
568.6 1871144
569.5 1871144
570.0 1877572
570.5 1877524
571.0 1877464
571.5 1877492
572.0 1877584
572.5 1877788
573.0 1878136
573.5 1878292
574.0 1877760
574.5 1877192
575.0 1877516
575.5 1877660
576.0 1877896
576.5 1877624
577.0 1877372
577.5 1877704
578.0 1877940
578.5 1878100
579.0 1878180
579.5 1877688
580.0 1877712
580.5 1878216
581.0 1877972
581.5 1877720
582.0 1877436
582.5 1877360
583.0 1877500
583.5 1877232
584.0 1877120
584.5 1877848
585.0 1877744
585.5 1877760
586.0 1877712
586.5 1877696
587.0 1877916
587.5 1877452
588.0 1878036
588.5 1878068
589.0 1877676
589.5 1877612
590.0 1877884
590.5 1878092
591.0 1877980
591.5 1878028
592.0 1877836
592.5 1871976
593.3 1871944
593.8 1871944
594.5 1871944
595.0 1871944
596.4 1871936
597.4 1871936
597.9 1871936
598.4 1871936
601.0 1872000
601.5 1872000
602.3 1871968
605.3 1871968
607.8 1871968
610.2 1871968
610.7 1871968
612.7 1871968
613.2 1871936
613.7 1871936
614.5 1871936
615.0 1877656
615.5 1877860
616.0 1878064
616.5 1877792
617.0 1877728
617.5 1877744
618.0 1877760
618.5 1878156
619.0 1877728
619.5 1877884
620.0 1877924
620.5 1878004
621.0 1877876
621.5 1877624
622.0 1877800
622.5 1877908
623.0 1877924
623.5 1877752
624.0 1877580
624.5 1877296
625.0 1877604
625.5 1877332
626.0 1877428
626.5 1877428
627.0 1877868
627.5 1877744
628.0 1877744
628.5 1877964
629.0 1877444
629.5 1877284
630.0 1877388
630.5 1877104
631.0 1877468
631.5 1876948
632.0 1876772
632.5 1876900
633.0 1876776
633.5 1876680
634.0 1876632
634.5 1876760
635.0 1876972
635.5 1876704
636.0 1876688
636.5 1877476
637.0 1875976
637.6 1871416
639.2 1871416
639.9 1871472
640.8 1871472
641.4 1871472
641.9 1871472
642.5 1871472
643.8 1871472
644.3 1871472
647.2 1871440
647.7 1871440
649.0 1871440
651.7 1871440
652.3 1871440
652.8 1871440
653.8 1871504
654.3 1871504
656.5 1871472
657.1 1871472
658.0 1871472
658.5 1871472
659.1 1871472
659.6 1875848
660.1 1877908
660.6 1877544
661.1 1878192
661.6 1877436
662.1 1877060
662.6 1877452
663.1 1877216
663.6 1877672
664.1 1877876
664.6 1877664
665.1 1877696
665.6 1878092
666.1 1878012
666.6 1877852
667.1 1877820
667.6 1878060
668.1 1877900
668.6 1877932
669.1 1877852
669.6 1877656
670.1 1877736
670.6 1878004
671.1 1877828
671.6 1877940
672.1 1877752
672.6 1877940
673.1 1877640
673.6 1877532
674.1 1878084
674.6 1877048
675.1 1877208
675.6 1877144
676.1 1877236
676.6 1878044
677.1 1878136
677.6 1877604
678.1 1877860
678.6 1877968
679.1 1877608
679.6 1877664
680.1 1877616
680.6 1877900
681.1 1877948
681.6 1877740
682.1 1871880
682.6 1871880
684.7 1871880
685.8 1871872
686.3 1871872
687.0 1871872
687.6 1871840
688.1 1871840
688.7 1871840
689.6 1871840
690.8 1871840
691.7 1871872
692.2 1871872
693.6 1871872
695.1 1871840
696.9 1871840
697.4 1871840
697.9 1871840
698.4 1871840
699.1 1871840
699.7 1871840
700.2 1871840
700.8 1871840
701.8 1871808
702.9 1871808
703.4 1871808
704.5 1871872
705.0 1877472
705.5 1877268
706.0 1877096
706.5 1877444
707.0 1876716
707.5 1876780
708.0 1877500
708.5 1877120
709.0 1877500
709.5 1877484
710.0 1877012
710.5 1877144
711.0 1877112
711.5 1877444
712.0 1877616
712.5 1877884
713.0 1877664
713.5 1878104
714.0 1877820
714.5 1877916
715.0 1877764
715.5 1877968
716.0 1878392
716.5 1877940
717.0 1877748
717.5 1877704
718.0 1877656
718.5 1878004
719.0 1877892
719.5 1877924
720.0 1878088
720.5 1878072
721.0 1878152
721.5 1877836
722.0 1877900
722.5 1877536
723.0 1877992
723.5 1878040
724.0 1877788
724.5 1877836
725.0 1877512
725.5 1877292
726.0 1877484
726.5 1877512
727.0 1877956
727.5 1871768
728.0 1871800
729.2 1871800
729.9 1871800
737.5 1871760
739.6 1871760
740.1 1871760
741.2 1871760
741.7 1871760
743.0 1871760
744.6 1871760
746.8 1871760
748.9 1871792
749.5 1871792
750.0 1877924
750.5 1877892
751.0 1878232
751.5 1878288
752.0 1877796
752.5 1878112
753.0 1877876
753.5 1877812
754.0 1877844
754.5 1877796
755.0 1877884
755.5 1877596
756.0 1877884
756.5 1877724
757.0 1877756
757.5 1878040
758.0 1877884
758.5 1877632
759.0 1877364
759.5 1877364
760.0 1877768
760.5 1877608
761.0 1877448
761.5 1877860
762.0 1877988
762.5 1877940
763.0 1878144
763.5 1877892
764.0 1877908
764.5 1877684
765.0 1877536
765.5 1877788
766.0 1877740
766.5 1877664
767.0 1878040
767.5 1878168
768.0 1877884
768.5 1877568
769.0 1877772
769.5 1877836
770.0 1877608
770.5 1877464
771.0 1877340
771.5 1877212
772.0 1874216
772.5 1871516
773.3 1871516
775.0 1871516
775.5 1871508
776.7 1871508
777.3 1871540
777.8 1871540
778.3 1871540
778.8 1871508
779.5 1871508
780.9 1871508
782.1 1871508
782.6 1871508
783.1 1871508
783.6 1871508
784.4 1871508
785.6 1871508
786.1 1871508
787.3 1871540
788.3 1871540
789.1 1871540
789.6 1871540
790.3 1871540
792.1 1871540
793.1 1871540
794.5 1871508
795.0 1877008
795.5 1876868
796.0 1877088
796.5 1877624
797.0 1877220
797.5 1877788
798.0 1877900
798.5 1877488
799.0 1877536
799.5 1877520
800.0 1877448
800.5 1877512
801.0 1878160
801.5 1878144
802.0 1877780
802.5 1878064
803.0 1877544
803.5 1877448
804.0 1877512
804.5 1877732
805.0 1877616
805.5 1877900
806.0 1878120
806.5 1878056
807.0 1878152
807.5 1877944
808.0 1877900
808.5 1877772
809.0 1877788
809.5 1877820
810.0 1877668
810.5 1877652
811.0 1877828
811.5 1877732
812.0 1877748
812.5 1877608
813.0 1876992
813.5 1877120
814.0 1876896
814.5 1877388
815.0 1877464
815.5 1877560
816.0 1877892
816.5 1877592
817.0 1875096
817.5 1871704
818.4 1871704
819.9 1871704
820.4 1871696
821.7 1871696
822.2 1871696
823.7 1871696
824.7 1871696
825.7 1871728
827.4 1871728
829.2 1871728
830.3 1871728
831.8 1871728
832.8 1871728
833.7 1871728
835.6 1871728
837.2 1871696
838.1 1871696
839.2 1871696
839.7 1871728
840.2 1877852
840.7 1877900
841.2 1877568
841.7 1877488
842.2 1877600
842.7 1877756
843.2 1878040
843.7 1878056
844.2 1878120
844.7 1878072
845.2 1878064
845.7 1878364
846.2 1878300
846.7 1877684
847.2 1878000
847.7 1877844
848.2 1877588
848.7 1877732
849.2 1877716
849.7 1877684
850.2 1877788
850.7 1877756
851.2 1877804
851.7 1877644
852.2 1877724
852.7 1878200
853.2 1877788
853.7 1877864
854.2 1877660
854.7 1878072
855.2 1877636
855.7 1878000
856.2 1878380
856.7 1877636
857.2 1877780
857.7 1877732
858.2 1877796
858.7 1877780
859.2 1877464
859.7 1877244
860.2 1877220
860.7 1877188
861.2 1877236
861.7 1877804
862.2 1874252
862.7 1871956
867.0 1871948
869.4 1871948
870.2 1871948
871.6 1871980
872.1 1871980
872.6 1871980
873.2 1871980
873.7 1871980
874.7 1871980
875.2 1871980
876.0 1871980
876.6 1871980
877.1 1871948
877.6 1871948
878.1 1871948
879.1 1871948
881.1 1871948
881.6 1871948
882.1 1871948
882.6 1871948
883.1 1871980
884.2 1871948
884.7 1878636
885.2 1877716
885.7 1878112
886.2 1878032
886.7 1877984
887.2 1877520
887.7 1877788
888.2 1877172
888.7 1877348
889.2 1877188
889.7 1877448
890.2 1877336
890.7 1877460
891.2 1877576
891.7 1877856
892.2 1877464
892.7 1877576
893.2 1878000
893.7 1877968
894.2 1877748
894.7 1877628
895.2 1877804
895.7 1877740
896.2 1877756
896.7 1877772
897.2 1878260
897.7 1877156
898.2 1877440
898.7 1877660
899.2 1878404
899.7 1877984
900.2 1877952
900.7 1878000
901.2 1878188
901.7 1877960
902.2 1877832
902.7 1877756
903.2 1877864
903.7 1878072
904.2 1877580
904.7 1877872
905.2 1877780
905.7 1877872
906.2 1877700
906.7 1877968
907.2 1872020
908.4 1872020
909.8 1872020
910.3 1872020
911.6 1872012
912.2 1872012
912.7 1872012
913.4 1872012
914.0 1872012
916.6 1871980
917.2 1871980
917.9 1871980
918.5 1871980
919.0 1872012
919.5 1872012
920.0 1872012
920.5 1872012
921.3 1872012
922.2 1871980
923.8 1871980
924.3 1871980
924.8 1871980
925.3 1871980
926.8 1871980
927.3 1871980
927.8 1871980
929.3 1871980
929.8 1879132
930.3 1877756
930.8 1877676
931.3 1878036
931.8 1877848
932.3 1877724
932.8 1877660
933.3 1877848
933.8 1878132
934.3 1877784
934.8 1877572
935.3 1878016
935.8 1877604
936.3 1877744
936.8 1877856
937.3 1878016
937.8 1878000
938.3 1877888
938.8 1877888
939.3 1877856
939.8 1877784
940.3 1877704
940.8 1878020
941.3 1878472
941.8 1877984
942.3 1877620
942.8 1877952
943.3 1878064
943.8 1879096
944.3 1878092
944.8 1877712
945.3 1877780
945.8 1877636
946.3 1878172
946.8 1877760
947.3 1877872
947.8 1877936
948.3 1878044
948.8 1877920
949.3 1877840
949.8 1878384
950.3 1878180
950.8 1877800
951.3 1877848
951.8 1877172
953.2 1871184
954.7 1871152
958.1 1871144
959.1 1871144
959.8 1871144
960.6 1871144
961.1 1871144
961.9 1871144
963.6 1871144
964.1 1871112
964.7 1871112
966.8 1871112
967.8 1871176
968.8 1871176
969.7 1871176
970.2 1871176
970.7 1871176
971.7 1871176
972.2 1871144
973.3 1871144
973.8 1871144
974.5 1871144
975.0 1877100
975.5 1877400
976.0 1877528
976.5 1877304
977.0 1877320
977.5 1877432
978.0 1877352
978.5 1878284
979.0 1877764
979.5 1877952
980.0 1877816
980.5 1877564
981.0 1878008
981.5 1877864
982.0 1877676
982.5 1877328
983.0 1877312
983.5 1877556
984.0 1877808
984.5 1878032
985.0 1877880
985.5 1877848
986.0 1878020
986.5 1877868
987.0 1877816
987.5 1877564
988.0 1877580
988.5 1877644
989.0 1877580
989.5 1877676
990.0 1877320
990.5 1877400
991.0 1877904
991.5 1877508
992.0 1877840
992.5 1878012
993.0 1877556
993.5 1877888
994.0 1877856
994.5 1877620
995.0 1878164
995.5 1877784
996.0 1877328
996.5 1877124
997.0 1871152
997.9 1871184
998.4 1871184
998.9 1871184
1000.0 1871184
1000.5 1871176
1002.1 1871144
1002.6 1871144
1003.1 1871144
1003.6 1871144
1004.4 1871144
1005.4 1871144
1005.9 1871144
1008.3 1871144
1009.7 1871144
1011.2 1871144
1011.7 1871176
1012.7 1871176
1013.2 1871176
1015.1 1871176
1015.6 1871176
1018.8 1871176
1019.5 1871176
1020.0 1877408
1020.5 1877708
1021.0 1878024
1021.5 1876852
1022.0 1877660
1022.5 1877552
1023.0 1877424
1023.5 1877376
1024.0 1877888
1024.5 1877856
1025.0 1877912
1025.5 1878196
1026.0 1877816
1026.5 1877960
1027.0 1877944
1027.5 1877800
1028.0 1877704
1028.5 1877564
1029.0 1877800
1029.5 1878100
1030.0 1878060
1030.5 1877840
1031.0 1878172
1031.5 1877968
1032.0 1878044
1032.5 1878188
1033.0 1877916
1033.5 1878140
1034.0 1878016
1034.5 1878328
1035.0 1878760
1035.5 1878276
1036.0 1878148
1036.5 1878068
1037.0 1877832
1037.5 1878228
1038.0 1877864
1038.5 1877612
1039.0 1878772
1039.5 1878272
1040.0 1878220
1040.5 1877952
1041.0 1877856
1041.5 1877620
1042.0 1871700
1043.7 1871764
1044.2 1871732
1045.1 1871724
1045.6 1871724
1046.7 1871724
1047.6 1871724
1048.1 1871724
1049.0 1871724
1050.0 1871724
1050.7 1871724
1051.7 1871692
1052.5 1871692
1054.4 1871692
1055.5 1871692
1057.7 1871724
1059.0 1871724
1059.5 1871724
1060.0 1871724
1061.2 1871692
1062.2 1871692
1062.7 1871692
1063.2 1871692
1063.9 1871692
1064.5 1871692
1065.0 1878252
1065.5 1877824
1066.0 1877648
1066.5 1878296
1067.0 1877476
1067.5 1877980
1068.0 1877840
1068.5 1878060
1069.0 1877580
1069.5 1877516
1070.0 1877508
1070.5 1877872
1071.0 1878124
1071.5 1877604
1072.0 1877524
1072.5 1877684
1073.0 1877540
1073.5 1878736
1074.0 1879196
1074.5 1877272
1075.0 1877484
1075.5 1877452
1076.0 1877232
1076.5 1876964
1077.0 1877012
1077.5 1877580
1078.0 1877452
1078.5 1877484
1079.0 1877392
1079.5 1877484
1080.0 1877064
1080.5 1877160
1081.0 1877240
1081.5 1877304
1082.0 1877084
1082.5 1877508
1083.0 1877508
1083.5 1877632
1084.0 1877492
1084.5 1877648
1085.0 1877972
1085.5 1877704
1086.0 1877848
1086.5 1877768
1087.8 1871620
1089.4 1871620
1090.4 1871580
1090.9 1871580
1092.0 1871580
1092.6 1871580
1093.6 1871580
1095.7 1871580
1096.7 1871580
1097.4 1871580
1098.4 1871548
1098.9 1871548
1101.0 1871548
1101.5 1871548
1102.0 1871612
1102.8 1871612
1103.3 1871612
1104.4 1871612
1106.0 1871612
1106.6 1871580
1107.5 1871580
1108.0 1871580
1109.2 1871580
1109.7 1878820
1110.2 1877872
1110.7 1877508
1111.2 1877460
1111.7 1877476
1112.2 1877500
1112.7 1877468
1113.2 1877420
1113.7 1877620
1114.2 1877728
1114.7 1877816
1115.2 1877848
1115.7 1877656
1116.2 1877704
1116.7 1877972
1117.2 1877988
1117.7 1877816
1118.2 1877532
1118.7 1878052
1119.2 1877736
1119.7 1877932
1120.2 1877632
1120.7 1877792
1121.2 1877792
1121.7 1877744
1122.2 1877744
1122.7 1877680
1123.2 1878012
1123.7 1878328
1124.2 1878028
1124.7 1877972
1125.2 1877800
1125.7 1877640
1126.2 1877940
1126.7 1878004
1127.2 1878036
1127.7 1877956
1128.2 1878100
1128.7 1877768
1129.2 1877768
1129.7 1877920
1130.2 1878044
1130.7 1877916
1131.2 1877804
1131.7 1877572
1132.2 1877652
1132.8 1871432
1134.5 1871432
1135.7 1871424
1138.2 1871424
1139.7 1871424
1140.4 1871424
1142.5 1871456
1143.0 1871456
1144.8 1871456
1145.3 1871456
1145.8 1871456
1146.7 1871456
1147.8 1871456
1148.3 1871424
1148.9 1871424
1150.0 1871424
1150.7 1871424
1151.2 1871424
1151.7 1871424
1152.2 1871424
1152.7 1871456
1154.5 1871456
1155.0 1877500
1155.5 1877880
1156.0 1878036
1156.5 1877940
1157.0 1877640
1157.5 1877832
1158.0 1877816
1158.5 1877736
1159.0 1878192
1159.5 1878116
1160.0 1877760
1160.5 1877648
1161.0 1877840
1161.5 1877696
1162.0 1877680
1162.5 1877776
1163.0 1877696
1163.5 1877680
1164.0 1877776
1164.5 1878124
1165.0 1877688
1165.5 1877956
1166.0 1877484
1166.5 1877596
1167.0 1877548
1167.5 1877372
1168.0 1877516
1168.5 1877232
1169.0 1877500
1169.5 1877752
1170.0 1877880
1170.5 1877640
1171.0 1877800
1171.5 1877688
1172.0 1878036
1172.5 1877656
1173.0 1877404
1173.5 1877452
1174.0 1877580
1174.5 1877548
1175.0 1877384
1175.5 1877208
1176.0 1877412
1176.5 1877572
1177.0 1877508
1177.5 1871448
1178.2 1871448
1178.7 1871416
1179.2 1871416
1179.7 1871416
1180.2 1871416
1180.7 1871408
1181.2 1871408
1181.8 1871408
1182.3 1871440
1182.8 1871440
1183.3 1871408
1184.6 1871408
1185.2 1871408
1186.3 1871408
1186.8 1871408
1187.4 1871408
1189.0 1871408
1189.6 1871408
1190.1 1871408
1190.6 1871408
1191.1 1871440
1192.7 1871440
1193.2 1871440
1194.4 1871440
1194.9 1871440
1195.4 1871440
1196.5 1871440
1197.1 1871440
1197.6 1871408
1198.2 1871408
1199.0 1871408
1199.5 1871408
1200.0 1877312
1200.5 1877436
1201.0 1877908
1201.5 1877264
1202.0 1877104
1202.5 1877612
1203.0 1877324
1203.5 1877356
1204.0 1877484
1204.5 1877248
1205.0 1877128
1205.5 1877240
1206.0 1877272
1206.5 1877460
1207.0 1877316
1207.5 1877680
1208.0 1877396
1208.5 1877380
1209.0 1877728
1209.5 1877808
1210.0 1877768
1210.5 1877500
1211.0 1877908
1211.5 1877972
1212.0 1877860
1212.5 1877892
1213.0 1877860
1213.5 1877656
1214.0 1877720
1214.5 1877988
1215.0 1878312
1215.5 1877932
1216.0 1877932
1216.5 1878296
1217.0 1877980
1217.5 1877900
1218.0 1877364
1218.5 1877744
1219.0 1877316
1219.5 1877208
1220.0 1876868
1220.5 1876900
1221.0 1877152
1221.5 1877484
1222.0 1876336
1222.9 1871360
1224.0 1871360
1224.5 1871360
1225.0 1871352
1225.5 1871352
1226.0 1871352
1228.0 1871352
1228.5 1871320
1229.2 1871320
1231.8 1871320
1232.3 1871320
1232.8 1871320
1233.3 1871320
1233.8 1871352
1234.7 1871352
1235.2 1871320
1235.7 1871320
1237.0 1871320
1237.5 1871320
1238.7 1871320
1239.2 1871320
1241.0 1871320
1241.5 1871320
1242.5 1871320
1243.5 1871288
1244.0 1871288
1244.5 1871288
1245.0 1877356
1245.5 1878108
1246.0 1877820
1246.5 1877744
1247.0 1877540
1247.5 1877648
1248.0 1877712
1248.5 1877980
1249.0 1877696
1249.5 1877788
1250.0 1877908
1250.5 1878444
1251.0 1878284
1251.5 1877388
1252.0 1877276
1252.5 1877404
1253.0 1877136
1253.5 1877296
1254.0 1877436
1254.5 1877404
1255.0 1877332
1255.5 1877584
1256.0 1877616
1256.5 1877632
1257.0 1877632
1257.5 1877664
1258.0 1877776
1258.5 1877380
1259.0 1877568
1259.5 1877852
1260.0 1878128
1260.5 1877924
1261.0 1877700
1261.5 1877812
1262.0 1877528
1262.5 1877732
1263.0 1877860
1263.5 1877684
1264.0 1877828
1264.5 1877924
1265.0 1877740
1265.5 1877836
1266.0 1877568
1266.5 1877760
1267.0 1874656
1267.5 1871664
1268.2 1871664
1269.0 1871664
1269.5 1871664
1270.0 1871720
1270.8 1871688
1271.3 1871688
1272.8 1871688
1273.7 1871688
1275.2 1871688
1276.4 1871688
1276.9 1871688
1277.4 1871688
1277.9 1871688
1278.5 1871656
1279.0 1871656
1279.5 1871656
1280.6 1871688
1281.1 1871688
1281.6 1871688
1282.8 1871688
1283.3 1871688
1284.0 1871688
1285.0 1871656
1286.1 1871656
1286.8 1871656
1287.7 1871656
1288.2 1871656
1288.7 1871656
1289.5 1871656
1290.0 1877916
1290.5 1878040
1291.0 1877892
1291.5 1877764
1292.0 1878128
1292.5 1877844
1293.0 1877892
1293.5 1877624
1294.0 1877844
1294.5 1878144
1295.0 1877708
1295.5 1877944
1296.0 1878056
1296.5 1877788
1297.0 1877676
1297.5 1878040
1298.0 1877852
1298.5 1877708
1299.0 1877536
1299.5 1877440
1300.0 1878160
1300.5 1878128
1301.0 1877512
1301.5 1877860
1302.0 1877796
1302.5 1877828
1303.0 1877636
1303.5 1877828
1304.0 1877812
1304.5 1877764
1305.0 1877772
1305.5 1877740
1306.0 1878184
1306.5 1877804
1307.0 1877676
1307.5 1877788
1308.0 1877740
1308.5 1877820
1309.0 1877740
1309.5 1877804
1310.0 1877860
1310.5 1877668
1311.0 1877396
1311.5 1877844
1312.0 1877040
1312.5 1871476
1313.0 1871476
1314.2 1871476
1314.8 1871476
1315.5 1871436
1317.4 1871436
1319.0 1871500
1319.5 1871500
1320.0 1871500
1320.5 1871500
1321.0 1871500
1322.7 1871500
1323.2 1871500
1324.5 1871500
1326.3 1871468
1326.9 1871468
1327.4 1871468
1328.7 1871468
1329.3 1871468
1329.8 1871468
1331.6 1871500
1333.0 1871500
1333.5 1871500
1334.0 1871500
1334.5 1871500
1335.0 1877708
1335.5 1877820
1336.0 1877836
1336.5 1878056
1337.0 1878072
1337.5 1878104
1338.0 1877552
1338.5 1876952
1339.0 1878056
1339.5 1877960
1340.0 1877700
1340.5 1877908
1341.0 1877908
1341.5 1877700
1342.0 1877732
1342.5 1877860
1343.0 1877780
1343.5 1877340
1344.0 1877372
1344.5 1877684
1345.0 1877536
1345.5 1877944
1346.0 1878008
1346.5 1877788
1347.0 1877632
1347.5 1877568
1348.0 1877600
1348.5 1877552
1349.0 1877632
1349.5 1877284
1350.0 1877212
1350.5 1877384
1351.0 1877528
1351.5 1877464
1352.0 1877560
1352.5 1877844
1353.0 1877748
1353.5 1877544
1354.0 1877544
1354.5 1877624
1355.0 1877568
1355.5 1877296
1356.0 1877788
1356.5 1877788
1357.0 1872380
1358.2 1872156
1359.6 1872156
1360.1 1872156
1361.5 1872148
1362.7 1872116
1363.2 1872116
1363.9 1872116
1364.5 1872116
1365.0 1872116
1365.5 1872148
1366.1 1872148
1366.6 1872148
1367.1 1872148
1367.9 1872116
1368.8 1872116
1369.4 1872116
1372.5 1872116
1373.8 1872116
1375.2 1872116
1375.8 1872116
1376.3 1872116
1377.2 1872084
1378.1 1872084
1378.7 1872148
1379.2 1872148
1379.7 1877744
1380.2 1877920
1380.7 1877196
1381.2 1877764
1381.7 1877764
1382.2 1877828
1382.7 1878064
1383.2 1877764
1383.7 1878268
1384.2 1878048
1384.7 1878104
1385.2 1878072
1385.7 1877836
1386.2 1877644
1386.7 1877928
1387.2 1877960
1387.7 1878292
1388.2 1878088
1388.7 1878168
1389.2 1878040
1389.7 1877812
1390.2 1877920
1390.7 1878048
1391.2 1878556
1391.7 1877968
1392.2 1878000
1392.7 1878016
1393.2 1877796
1393.7 1877556
1394.2 1877844
1394.7 1877928
1395.2 1877976
1395.7 1878072
1396.2 1877932
1396.7 1877552
1397.2 1877016
1397.7 1877016
1398.2 1877220
1398.7 1877916
1399.2 1877220
1399.7 1877180
1400.2 1877308
1400.7 1877936
1401.2 1877740
1401.7 1877204
1402.2 1871208
1402.7 1871208
1403.2 1871208
1403.8 1871208
1404.5 1871208
1405.0 1871208
1405.9 1871200
1406.4 1871200
1406.9 1871168
1407.4 1871168
1408.3 1871168
1408.8 1871168
1409.3 1871200
1410.4 1871200
1411.3 1871200
1411.8 1871200
1412.6 1871200
1413.3 1871168
1414.2 1871168
1417.1 1871168
1417.8 1871168
1418.4 1871168
1418.9 1871168
1419.4 1871168
1421.0 1871168
1421.5 1871200
1422.3 1871200
1423.0 1871200
1423.5 1871200
1424.5 1871200
1425.0 1877148
1425.5 1877532
1426.0 1877708
1426.5 1878072
1427.0 1877772
1427.5 1877676
1428.0 1877644
1428.5 1877780
1429.0 1877844
1429.5 1877512
1430.0 1877960
1430.5 1877948
1431.0 1878164
1431.5 1877708
1432.0 1877928
1432.5 1878040
1433.0 1877836
1433.5 1877596
1434.0 1877836
1434.5 1877772
1435.0 1878096
1435.5 1878000
1436.0 1877652
1436.5 1878280
1437.0 1878080
1437.5 1877844
1438.0 1877496
1438.5 1877464
1439.0 1877700
1439.5 1878000
1440.0 1878088
1440.5 1877992
1441.0 1878184
1441.5 1878228
1442.0 1877928
1442.5 1877944
1443.0 1878116
1443.5 1878212
1444.0 1877928
1444.5 1877960
1445.0 1878080
1445.5 1877764
1446.0 1877936
1446.5 1877732
1447.0 1872288
1448.2 1871760
1448.7 1871760
1449.5 1871760
1450.7 1872004
1451.2 1872004
1452.6 1872004
1453.2 1871972
1454.5 1871972
1455.3 1871972
1456.3 1871972
1456.8 1871972
1457.5 1871972
1458.8 1871972
1459.3 1871972
1459.8 1872004
1460.9 1872004
1461.4 1872004
1462.0 1872004
1463.1 1872004
1464.1 1872004
1465.8 1872004
1466.3 1872004
1466.8 1872004
1467.3 1871972
1468.1 1871972
1468.6 1871972
1469.1 1871972
1469.6 1872068
1470.1 1877960
1470.6 1877804
1471.1 1877548
1471.6 1877928
1472.1 1877992
1472.6 1877580
1473.1 1877928
1473.6 1878196
1474.1 1878072
1474.6 1878284
1475.1 1877904
1475.6 1878076
1476.1 1877912
1476.6 1877344
1477.1 1877472
1477.6 1877784
1478.1 1877408
1478.6 1877044
1479.1 1877472
1479.6 1877432
1480.1 1877116
1480.6 1876976
1481.1 1878300
1481.6 1878056
1482.1 1877724
1482.6 1878244
1483.1 1878024
1483.6 1877376
1484.1 1877916
1484.6 1877960
1485.1 1877984
1485.6 1877636
1486.1 1877700
1486.6 1877764
1487.1 1877604
1487.6 1877984
1488.1 1877968
1488.6 1877984
1489.1 1877888
1489.6 1878092
1490.1 1878052
1490.6 1877896
1491.1 1877440
1491.6 1877660
1492.1 1871392
1492.6 1871456
1493.1 1871456
1493.6 1871456
1494.1 1871456
1494.6 1871456
1495.1 1871456
1495.6 1871456
1496.1 1871416
1496.6 1871416
1497.1 1871416
1497.6 1871416
1498.1 1871416
1498.6 1871416
1499.1 1871416
1499.6 1871416
1500.1 1871480
1500.6 1871448
1501.1 1871448
1501.6 1871448
1502.1 1871448
1502.6 1871448
1503.1 1871448
1503.6 1871448
1504.1 1871448
1504.6 1871448
1505.1 1871448
1505.6 1871448
1506.2 1871416
1506.7 1871416
1507.2 1871416
1507.7 1871416
1508.2 1871448
1508.7 1871448
1509.2 1871448
1509.7 1871448
1510.2 1871416
1510.7 1871416
1511.2 1871416
1511.7 1871416
1512.2 1871416
1512.7 1871416
1513.2 1871416
1513.7 1871416
1514.2 1871416
1514.7 1879092
1515.2 1877936
1515.7 1877780
1516.2 1877904
1516.7 1877840
1517.2 1877652
1517.7 1877984
1518.2 1877668
1518.7 1878376
1519.2 1877908
1519.7 1877644
1520.2 1877928
1520.7 1877504
1521.2 1877996
1521.7 1878592
1522.2 1877912
1522.7 1878132
1523.2 1878056
1523.7 1878024
1524.2 1877756
1524.7 1878016
1525.2 1878048
1525.7 1877700
1526.2 1877716
1526.7 1877728
1527.2 1877968
1527.7 1877840
1528.2 1877728
1528.7 1877952
1529.2 1877904
1529.7 1877880
1530.2 1877612
1530.7 1877440
1531.2 1877092
1531.7 1877108
1532.2 1877344
1532.7 1877928
1533.2 1877896
1533.7 1877928
1534.2 1877832
1534.7 1877636
1535.2 1877524
1535.7 1877540
1536.2 1877684
1536.7 1878124
1537.4 1871948
1537.9 1871916
1538.4 1871916
1538.9 1871916
1539.4 1871916
1540.0 1871940
1540.5 1871940
1541.0 1871940
1541.5 1871940
1542.1 1871940
1542.6 1871940
1543.1 1871940
1543.6 1871908
1544.1 1871908
1544.6 1871908
1545.1 1871908
1545.6 1871908
1546.1 1871908
1546.6 1871908
1547.1 1871908
1547.6 1871940
1548.1 1871940
1548.6 1871940
1549.1 1871940
1549.6 1871940
1550.1 1871940
1550.6 1871940
1551.1 1871940
1551.6 1871940
1552.1 1871908
1552.6 1871908
1553.1 1871908
1553.6 1871908
1554.1 1871908
1554.6 1871908
1555.1 1871908
1555.6 1871940
1556.1 1871940
1556.6 1871908
1557.1 1871908
1557.6 1871908
1558.1 1871908
1558.6 1871908
1559.1 1871908
1559.6 1875096
1560.1 1878164
1560.6 1877768
1561.1 1878228
1561.6 1878292
1562.1 1877944
1562.6 1877912
1563.1 1877848
1563.6 1877944
1564.1 1877784
1564.6 1877636
1565.1 1876832
1565.6 1877648
1566.1 1878032
1566.6 1878084
1567.1 1878084
1567.6 1877944
1568.1 1877724
1568.6 1877848
1569.1 1877628
1569.6 1877840
1570.1 1877856
1570.6 1877808
1571.1 1877808
1571.6 1877952
1572.1 1877588
1572.6 1877352
1573.1 1877116
1573.6 1877448
1574.1 1877668
1574.6 1878212
1575.1 1877912
1575.6 1877784
1576.1 1877864
1576.6 1878164
1577.1 1878004
1577.6 1878052
1578.1 1877784
1578.6 1878212
1579.1 1877936
1579.6 1877848
1580.1 1878020
1580.6 1878340
1581.1 1878036
1581.6 1877768
1582.1 1876952
1582.6 1871740
1583.1 1871740
1583.6 1871740
1584.1 1871740
1584.6 1871740
1585.1 1871700
1585.6 1871700
1586.1 1871700
1586.6 1871700
1587.4 1871700
1587.9 1871732
1588.4 1871732
1588.9 1871732
1589.4 1871732
1589.9 1871700
1590.4 1871700
1590.9 1871700
1591.4 1871700
1591.9 1871700
1592.4 1871700
1592.9 1871700
1593.4 1871700
1593.9 1871700
1594.4 1871668
1595.0 1871668
1595.5 1871732
1596.0 1871732
1596.5 1871732
1597.0 1871732
1597.5 1871732
1598.0 1871732
1598.5 1871732
1599.0 1871732
1599.5 1871700
1600.0 1871700
1600.6 1871700
1601.1 1871700
1601.6 1871700
1602.1 1871700
1602.6 1871700
1603.1 1871732
1603.6 1871732
1604.1 1871700
1604.6 1873992
1605.1 1877848
1605.6 1877880
1606.1 1878052
1606.6 1877912
1607.1 1877848
1607.6 1877752
1608.1 1878116
1608.6 1877988
1609.1 1878152
1609.6 1878416
1610.1 1878368
1610.6 1877988
1611.1 1878164
1611.6 1878148
1612.1 1878620
1612.6 1878936
1613.1 1878336
1613.6 1878476
1614.1 1878116
1614.6 1878100
1615.1 1877744
1615.6 1877840
1616.1 1878060
1616.6 1877968
1617.1 1878344
1617.6 1878076
1618.1 1877888
1618.6 1877588
1619.1 1877428
1619.6 1877524
1620.1 1877596
1620.6 1877704
1621.1 1877720
1621.6 1877736
1622.1 1877564
1622.6 1877912
1623.1 1877516
1623.6 1877848
1624.1 1878148
1624.6 1878400
1625.1 1878028
1625.6 1877588
1626.1 1877920
1626.6 1877556
1627.1 1871384
1627.6 1871352
1628.8 1871352
1630.2 1871352
1630.7 1871344
1631.2 1871344
1631.7 1871344
1632.2 1871344
1632.7 1871344
1634.6 1871344
1635.1 1871312
1635.6 1871376
1636.1 1871376
1636.6 1871376
1638.0 1871376
1639.0 1871376
1639.6 1871376
1640.1 1871376
1640.6 1871376
1641.3 1871344
1641.8 1871344
1642.8 1871344
1643.8 1871344
1644.3 1871344
1644.8 1871344
1646.1 1871376
1646.8 1871376
1647.3 1871376
1647.8 1871344
1649.1 1871344
1649.6 1874524
1650.1 1878108
1650.6 1877968
1651.1 1878140
1651.6 1877968
1652.1 1877620
1652.6 1877616
1653.1 1877440
1653.6 1877804
1654.1 1877612
1654.6 1877880
1655.1 1877864
1655.6 1877720
1656.1 1877864
1656.6 1878020
1657.1 1878068
1657.6 1877848
1658.1 1877584
1658.6 1878196
1659.1 1878100
1659.6 1878124
1660.1 1877744
1660.6 1877808
1661.1 1878032
1661.6 1877968
1662.1 1878204
1662.6 1878092
1663.1 1877496
1663.6 1877776
1664.1 1877872
1664.6 1878024
1665.1 1877960
1665.6 1878260
1666.1 1878116
1666.6 1878004
1667.1 1878228
1667.6 1877972
1668.1 1877912
1668.6 1877800
1669.1 1877976
1669.6 1877760
1670.1 1877792
1670.6 1877840
1671.1 1877904
1671.6 1878188
1672.1 1872032
1674.0 1872032
1674.5 1872032
1675.6 1872024
1676.1 1872024
1676.6 1872024
1678.3 1872024
1679.9 1872024
1680.4 1871992
1685.6 1871992
1686.1 1871992
1686.6 1872024
1687.1 1872024
1687.6 1872024
1689.3 1872024
1691.1 1872024
1691.6 1871992
1692.1 1871992
1693.9 1871992
1694.4 1871992
1694.9 1878140
1695.4 1877672
1695.9 1877752
1696.4 1877816
1696.9 1877768
1697.4 1878020
1697.9 1877576
1698.4 1877876
1698.9 1877892
1699.4 1877672
1699.9 1877760
1700.4 1877712
1700.9 1877696
1701.4 1877648
1701.9 1877904
1702.4 1877792
1702.9 1878108
1703.4 1878092
1703.9 1877872
1704.4 1877324
1704.9 1877476
1705.4 1877444
1705.9 1877128
1706.4 1877208
1706.9 1877112
1707.4 1877444
1707.9 1877712
1708.4 1877380
1708.9 1877588
1709.4 1877364
1709.9 1877264
1710.4 1877392
1710.9 1877404
1711.4 1877468
1711.9 1877264
1712.4 1877420
1712.9 1877640
1713.4 1877736
1713.9 1877720
1714.4 1878052
1714.9 1877224
1715.4 1877160
1715.9 1877508
1716.4 1877444
1716.9 1877552
1717.4 1872088
1717.9 1872088
1718.4 1872088
1719.5 1872088
1720.2 1872088
1720.7 1872080
1721.3 1872080
1722.0 1872048
1722.5 1872048
1723.0 1872048
1723.5 1872112
1724.0 1872112
1724.5 1872112
1725.0 1872112
1725.6 1872112
1726.1 1872112
1726.6 1872112
1727.1 1872080
1728.1 1872080
1728.6 1872080
1729.9 1872080
1730.4 1872080
1730.9 1872080
1732.1 1872080
1733.9 1872144
1734.4 1872112
1736.1 1872112
1737.5 1872112
1738.0 1872112
1738.5 1872112
1739.5 1872112
1740.0 1877436
1740.5 1878068
1741.0 1877860
1741.5 1878004
1742.0 1877688
1742.5 1878240
1743.0 1877736
1743.5 1878232
1744.0 1878072
1744.5 1878012
1745.0 1877752
1745.5 1877484
1746.0 1877612
1746.5 1877436
1747.0 1877436
1747.5 1877580
1748.0 1877704
1748.5 1877876
1749.0 1877656
1749.5 1877644
1750.0 1877792
1750.5 1877980
1751.0 1877744
1751.5 1877776
1752.0 1877680
1752.5 1877612
1753.0 1878060
1753.5 1877492
1754.0 1877368
1754.5 1877728
1755.0 1877816
1755.5 1877892
1756.0 1878112
1756.5 1877768
1757.0 1877484
1757.5 1877656
1758.0 1877592
1758.5 1877988
1759.0 1877908
1759.5 1878240
1760.0 1878028
1760.5 1877696
1761.0 1877932
1761.5 1877996
1762.0 1878012
1762.5 1878092
1763.0 1872032
1763.5 1872032
1765.3 1872000
1765.8 1871992
1766.5 1871992
1767.6 1871992
1768.1 1871992
1769.8 1871992
1770.3 1871992
1770.8 1871992
1771.3 1871992
1771.8 1871992
1773.5 1871992
1774.0 1871992
1774.5 1871992
1776.2 1871992
1776.8 1871992
1778.6 1871992
1779.1 1871992
1779.6 1871992
1781.3 1871960
1783.5 1871960
1784.0 1872024
1784.5 1872024
1785.0 1877388
1785.5 1878020
1786.0 1877908
1786.5 1878020
1787.0 1878304
1787.5 1877564
1788.0 1877860
1788.5 1878272
1789.0 1877972
1789.5 1877560
1790.0 1877772
1790.5 1878248
1791.0 1877836
1791.5 1877980
1792.0 1877080
1792.5 1877476
1793.0 1877428
1793.5 1877916
1794.0 1877932
1794.5 1877900
1795.0 1877988
1795.5 1878272
1796.0 1878004
1796.5 1877844
1797.0 1877496
1797.5 1877780
1798.0 1877924
1798.5 1877860
1799.0 1878128
1799.5 1877924
1800.0 1877788
1800.5 1877536
1801.0 1877664
1801.5 1877696
1802.0 1877680
1802.5 1878060
1803.0 1877916
1803.5 1877664
1804.0 1878104
1804.5 1877836
1805.0 1877608
1805.5 1877608
1806.0 1877624
1806.5 1877560
1807.0 1877972
1807.5 1877956
1808.0 1877796
1808.5 1871944
1809.0 1871944
1809.5 1871944
1810.8 1871968
1812.6 1871968
1813.1 1871968
1813.6 1871968
1814.1 1871968
1815.8 1871968
1816.3 1871968
1817.2 1871968
1817.7 1871968
1818.2 1871936
1820.0 1871936
1820.5 1871936
1821.0 1871968
1821.5 1871968
1823.3 1871968
1823.8 1871968
1824.8 1871968
1826.7 1871936
1827.2 1871936
1828.9 1871936
1829.4 1871936
1829.9 1877728
1830.4 1877916
1830.9 1877476
1831.4 1877240
1831.9 1877192
1832.4 1877444
1832.9 1877824
1833.4 1877664
1833.9 1877868
1834.4 1878304
1834.9 1877876
1835.4 1877656
1835.9 1877564
1836.4 1877548
1836.9 1877292
1837.4 1877420
1837.9 1877644
1838.4 1877120
1838.9 1877168
1839.4 1877216
1839.9 1877160
1840.4 1877208
1840.9 1877252
1841.4 1877664
1841.9 1877836
1842.4 1877616
1842.9 1877568
1843.4 1877852
1843.9 1877112
1844.4 1877428
1844.9 1877576
1845.4 1877924
1845.9 1877940
1846.4 1877924
1846.9 1877640
1847.4 1877720
1847.9 1877448
1848.4 1877924
1848.9 1877516
1849.4 1878020
1849.9 1877868
1850.4 1877868
1850.9 1877868
1851.4 1877900
1851.9 1877932
1852.4 1877788
1852.9 1877868
1853.4 1871604
1853.9 1871604
1854.4 1871604
1854.9 1871572
1855.4 1871564
1855.9 1871564
1856.4 1871564
1856.9 1871564
1858.4 1871596
1859.4 1871596
1859.9 1871596
1860.4 1871564
1860.9 1871564
1861.4 1871564
1862.4 1871564
1862.9 1871564
1864.9 1871564
1866.7 1871564
1867.2 1871564
1869.0 1871564
1870.9 1871532
1873.2 1871596
1873.7 1871596
1874.5 1871596
1875.0 1877980
1875.5 1877836
1876.0 1877536
1876.5 1877632
1877.0 1877648
1877.5 1877096
1878.0 1877156
1878.5 1877932
1879.0 1877608
1879.5 1877576
1880.0 1877980
1880.5 1877804
1881.0 1877568
1881.5 1877472
1882.0 1877472
1882.5 1877788
1883.0 1877724
1883.5 1877820
1884.0 1877520
1884.5 1877268
1885.0 1877464
1885.5 1877448
1886.0 1877356
1886.5 1877340
1887.0 1877244
1887.5 1877700
1888.0 1877660
1888.5 1877948
1889.0 1877916
1889.5 1877932
1890.0 1877228
1890.5 1877008
1891.0 1877120
1891.5 1876976
1892.0 1877056
1892.5 1876852
1893.0 1876884
1893.5 1876756
1894.0 1876820
1894.5 1876756
1895.0 1876828
1895.5 1876940
1896.0 1877728
1896.5 1877648
1897.0 1877172
1897.5 1877000
1898.0 1871528
1900.1 1871272
1901.9 1871272
1902.4 1871272
1902.9 1871240
1903.4 1871240
1905.4 1871240
1907.0 1871240
1907.5 1871240
1909.3 1871272
1910.1 1871272
1910.6 1871272
1911.1 1871272
1911.6 1871272
1913.4 1871240
1913.9 1871240
1915.3 1871240
1915.8 1871240
1916.3 1871240
1916.8 1871240
1917.3 1871240
1917.8 1871208
1919.5 1871272
1920.0 1877244
1920.5 1877356
1921.0 1877768
1921.5 1877544
1922.0 1877464
1922.5 1878192
1923.0 1877796
1923.5 1877720
1924.0 1877444
1924.5 1877528
1925.0 1878088
1925.5 1878056
1926.0 1877884
1926.5 1877740
1927.0 1877788
1927.5 1878008
1928.0 1877868
1928.5 1877632
1929.0 1877692
1929.5 1877724
1930.0 1878032
1930.5 1877764
1931.0 1877828
1931.5 1877940
1932.0 1878360
1932.5 1877908
1933.0 1877700
1933.5 1877560
1934.0 1877624
1934.5 1877608
1935.0 1878064
1935.5 1878176
1936.0 1877748
1936.5 1877968
1937.0 1878144
1937.5 1877812
1938.0 1877844
1938.5 1877876
1939.0 1878144
1939.5 1878144
1940.0 1878168
1940.5 1877584
1941.0 1877916
1941.5 1877836
1942.0 1877788
1942.5 1878104
1943.0 1877708
1943.5 1871876
1944.0 1871876
1944.6 1871876
1945.1 1871868
1945.6 1871900
1946.1 1871900
1947.2 1871900
1948.0 1871900
1948.5 1871868
1949.0 1871868
1949.5 1871868
1950.6 1871868
1952.0 1871868
1952.6 1871868
1953.1 1871868
1955.0 1871868
1955.5 1871836
1956.0 1871836
1956.5 1871900
1957.0 1871900
1958.8 1871900
1960.7 1871900
1962.5 1871900
1963.0 1871900
1963.6 1871868
1964.5 1871868
1965.0 1877236
1965.5 1877520
1966.0 1877520
1966.5 1877772
1967.0 1877788
1967.5 1877960
1968.0 1878088
1968.5 1878104
1969.0 1878056
1969.5 1877724
1970.0 1877780
1970.5 1877604
1971.0 1877732
1971.5 1877652
1972.0 1877684
1972.5 1878048
1973.0 1878000
1973.5 1877844
1974.0 1878032
1974.5 1878000
1975.0 1877944
1975.5 1877820
1976.0 1877676
1976.5 1877784
1977.0 1877692
1977.5 1878008
1978.0 1877928
1978.5 1877976
1979.0 1877740
1979.5 1877580
1980.0 1877700
1980.5 1877716
1981.0 1877652
1981.5 1877652
1982.0 1877984
1982.5 1877904
1983.0 1877764
1983.5 1878300
1984.0 1877920
1984.5 1877732
1985.0 1877944
1985.5 1877928
1986.0 1877644
1986.5 1878104
1987.0 1878148
1987.5 1878136
1988.0 1877644
1988.5 1871624
1989.0 1871624
1989.5 1871624
1993.1 1871648
1993.6 1871648
1995.4 1871648
1998.9 1871616
2000.0 1871616
2000.6 1871616
2002.3 1871616
2004.1 1871616
2006.2 1871616
2008.0 1871616
2009.5 1871616
2010.0 1877716
2010.5 1877840
2011.0 1877968
2011.5 1878284
2012.0 1877780
2012.5 1877588
2013.0 1877684
2013.5 1877764
2014.0 1878112
2014.5 1878148
2015.0 1878204
2015.5 1877936
2016.0 1877792
2016.5 1877496
2017.0 1877244
2017.5 1877292
2018.0 1877464
2018.5 1877464
2019.0 1877212
2019.5 1877496
2020.0 1877844
2020.5 1877992
2021.0 1877896
2021.5 1878008
2022.0 1877804
2022.5 1877644
2023.0 1877708
2023.5 1877120
2024.0 1878056
2024.5 1877788
2025.0 1878032
2025.5 1877824
2026.0 1878172
2026.5 1878080
2027.0 1877856
2027.5 1878236
2028.0 1878048
2028.5 1877620
2029.0 1877700
2029.5 1877824
2030.0 1878212
2030.5 1877612
2031.0 1878024
2031.5 1878008
2032.0 1877976
2032.5 1877944
2033.0 1877880
2033.5 1871908
2034.0 1871908
2034.5 1871908
2035.6 1871900
2037.6 1871900
2038.1 1871900
2038.6 1871900
2042.5 1871868
2043.0 1871868
2043.5 1871932
2045.0 1871932
2045.5 1871932
2046.0 1871932
2046.8 1871932
2047.6 1871932
2048.2 1871900
2048.7 1871900
2049.2 1871900
2050.0 1871900
2050.5 1871900
2051.0 1871900
2051.5 1871900
2052.0 1871900
2053.8 1871964
2054.3 1871964
2054.8 1879340
2055.3 1877732
2055.8 1877812
2056.3 1877684
2056.8 1877588
2057.3 1877984
2057.8 1878048
2058.3 1877968
2058.8 1877920
2059.3 1877684
2059.8 1877532
2060.3 1877976
2060.8 1877752
2061.3 1877584
2061.8 1877708
2062.3 1877564
2062.8 1877772
2063.3 1877732
2063.8 1877880
2064.3 1877976
2064.8 1878032
2065.3 1878220
2065.8 1877612
2066.3 1877684
2066.8 1877984
2067.3 1878144
2067.8 1877812
2068.3 1877196
2068.8 1877148
2069.3 1877368
2069.8 1877456
2070.3 1877992
2070.8 1877896
2071.3 1877452
2071.8 1877976
2072.3 1877960
2072.8 1878100
2073.3 1877848
2073.8 1877724
2074.3 1877836
2074.8 1877888
2075.3 1877840
2075.8 1877604
2076.3 1877352
2076.8 1877732
2077.3 1877164
2077.8 1877180
2078.3 1871212
2078.8 1871212
2081.8 1871204
2082.7 1871204
2083.4 1871204
2083.9 1871204
2084.4 1871204
2084.9 1871204
2086.7 1871172
2087.2 1871172
2088.9 1871236
2089.4 1871236
2091.2 1871236
2092.8 1871236
2093.3 1871236
2093.8 1871236
2094.3 1871236
2096.1 1871204
2096.6 1871204
2097.1 1871204
2097.6 1871204
2099.5 1871204
2100.0 1876784
2100.5 1877180
2101.0 1877116
2101.5 1877556
2102.0 1877824
2102.5 1877712
2103.0 1878424
2103.5 1878048
2104.0 1877684
2104.5 1877652
2105.0 1877500
2105.5 1877376
2106.0 1878024
2106.5 1877960
2107.0 1878388
2107.5 1877472
2108.0 1877376
2108.5 1877612
2109.0 1877992
2109.5 1877612
2110.0 1877808
2110.5 1877052
2111.0 1878060
2111.5 1877776
2112.0 1878064
2112.5 1877920
2113.0 1878236
2113.5 1877936
2114.0 1877840
2114.5 1878376
2115.0 1878040
2115.5 1877848
2116.0 1878072
2116.5 1878116
2117.0 1878100
2117.5 1878164
2118.0 1877880
2118.5 1877800
2119.0 1878020
2119.5 1878132
2120.0 1877996
2120.5 1877668
2121.0 1877036
2121.5 1877288
2122.0 1877464
2122.5 1877368
2123.0 1878212
2123.5 1871912
2124.0 1871976
2124.7 1871976
2125.2 1871976
2126.0 1871968
2127.8 1871968
2130.1 1871968
2133.6 1871936
2134.1 1871936
2135.8 1871936
2137.6 1871936
2138.1 1871936
2141.5 1871936
2143.3 1871968
2144.5 1871936
2145.0 1877808
2145.5 1877888
2146.0 1877744
2146.5 1877964
2147.0 1877880
2147.5 1877896
2148.0 1877392
2148.5 1878184
2149.0 1878240
2149.5 1877992
2150.0 1877320
2150.5 1877764
2151.0 1877416
2151.5 1877336
2152.0 1878216
2152.5 1877792
2153.0 1877604
2153.5 1877840
2154.0 1878108
2154.5 1877856
2155.0 1878100
2155.5 1878260
2156.0 1877960
2156.5 1877724
2157.0 1877880
2157.5 1877896
2158.0 1878148
2158.5 1878148
2159.0 1878228
2159.5 1877736
2160.0 1877668
2160.5 1877668
2161.0 1877776
2161.5 1877808
2162.0 1877728
2162.5 1877856
2163.0 1877776
2163.5 1877712
2164.0 1877792
2164.5 1877652
2165.0 1877468
2165.5 1877216
2166.0 1877784
2166.5 1877612
2167.0 1877976
2167.5 1878052
2168.0 1877708
2170.2 1871804
2170.7 1871804
2172.4 1871804
2173.3 1871804
2173.8 1871804
2176.1 1871804
2176.6 1871804
2177.1 1871804
2177.6 1871836
2178.3 1871836
2178.9 1871836
2179.4 1871836
2179.9 1871836
2180.4 1871836
2180.9 1871836
2181.4 1871836
2184.9 1871836
2186.7 1871804
2187.2 1871804
2187.8 1871804
2189.5 1871836
2190.0 1877880
2190.5 1877500
2191.0 1877800
2191.5 1877736
2192.0 1878040
2192.5 1877736
2193.0 1878180
2193.5 1877408
2194.0 1877076
2194.5 1876792
2195.0 1876864
2195.5 1877020
2196.0 1876956
2196.5 1877464
2197.0 1877256
2197.5 1877352
2198.0 1877604
2198.5 1877952
2199.0 1878012
2199.5 1878076
2200.0 1877056
2200.5 1877344
2201.0 1877516
2201.5 1877280
2202.0 1876992
2202.5 1877856
2203.0 1877680
2203.5 1878124
2204.0 1877584
2204.5 1878376
2205.0 1877872
2205.5 1877980
2206.0 1877824
2206.5 1878140
2207.0 1877800
2207.5 1877928
2208.0 1877740
2208.5 1877580
2209.0 1877692
2209.5 1877740
2210.0 1877456
2210.5 1877076
2211.0 1877376
2211.5 1877216
2212.0 1877984
2212.5 1871956
2213.0 1871956
2214.6 1871956
2216.1 1871956
2217.9 1871956
2219.7 1871948
2221.5 1871916
2222.0 1871916
2223.7 1871980
2224.2 1871980
2224.7 1871980
2226.0 1871980
2226.5 1871980
2228.0 1871980
2228.5 1871948
2229.0 1871948
2230.8 1871948
2234.2 1871948
2234.7 1878868
2235.2 1877752
2235.7 1877612
2236.2 1877564
2236.7 1878448
2237.2 1877824
2237.7 1877964
2238.2 1878188
2238.7 1877736
2239.2 1877532
2239.7 1877736
2240.2 1878116
2240.7 1878116
2241.2 1878100
2241.7 1878004
2242.2 1877800
2242.7 1878272
2243.2 1877736
2243.7 1878248
2244.2 1877980
2244.7 1877836
2245.2 1878028
2245.7 1877712
2246.2 1877696
2246.7 1877792
2247.2 1878876
2247.7 1878484
2248.2 1878280
2248.7 1878320
2249.2 1878064
2249.7 1878068
2250.2 1878068
2250.7 1878176
2251.2 1877924
2251.7 1878132
2252.2 1877624
2252.7 1877940
2253.2 1877992
2253.7 1877760
2254.2 1878140
2254.7 1878024
2255.2 1878484
2255.7 1878236
2256.2 1878012
2256.7 1878012
2257.2 1871652
2257.8 1871652
2258.7 1871652
2259.7 1871644
2260.3 1871644
2261.5 1871612
2262.0 1871612
2262.5 1871612
2264.0 1871676
2264.5 1871676
2267.0 1871676
2268.7 1871676
2269.6 1871676
2270.4 1871644
2270.9 1871644
2271.4 1871644
2271.9 1871644
2272.4 1871644
2273.6 1871644
2275.2 1871644
2276.7 1871644
2277.2 1871708
2278.2 1871676
2278.7 1871676
2279.2 1871676
2279.7 1871676
2280.2 1877460
2280.7 1877952
2281.2 1878044
2281.7 1877932
2282.2 1877616
2282.7 1877908
2283.2 1877892
2283.7 1877940
2284.2 1877768
2284.7 1877736
2285.2 1877948
2285.7 1877680
2286.2 1877944
2286.7 1878292
2287.2 1878252
2287.7 1878280
2288.2 1878028
2288.7 1877696
2289.2 1877728
2289.7 1877840
2290.2 1878004
2290.7 1878544
2291.2 1878164
2291.7 1877940
2292.2 1877636
2292.7 1877828
2293.2 1877924
2293.7 1878176
2294.2 1877832
2294.7 1877988
2295.2 1877948
2295.7 1877664
2296.2 1878012
2296.7 1877696
2297.2 1878060
2297.7 1878204
2298.2 1878232
2298.7 1878028
2299.2 1877632
2299.7 1877632
2300.2 1877672
2300.7 1877928
2301.2 1877624
2301.7 1877608
2302.2 1877812
2302.7 1878224
2303.2 1876112
2303.7 1871968
2304.2 1871968
2304.7 1871968
2305.2 1871968
2306.9 1871960
2307.4 1872024
2311.2 1871992
2311.8 1871992
2312.2 1871992
2314.2 1871992
2314.7 1871992
2320.0 1871992
2320.5 1871992
2322.4 1871960
2324.2 1871960
2324.7 1871960
2325.2 1877696
2325.7 1877888
2326.2 1877784
2326.7 1878256
2327.2 1877688
2327.7 1878052
2328.2 1878020
2328.7 1877516
2329.2 1877372
2329.7 1876820
2330.2 1877460
2330.7 1877688
2331.2 1877924
2331.7 1878036
2332.2 1877956
2332.7 1877988
2333.2 1878052
2333.7 1878052
2334.2 1877940
2334.7 1877860
2335.2 1878248
2335.7 1878136
2336.2 1878200
2336.7 1878104
2337.2 1877664
2337.7 1877552
2338.2 1877900
2338.7 1877396
2339.2 1877396
2339.7 1877696
2340.2 1877828
2340.7 1877808
2341.2 1877956
2341.7 1877784
2342.2 1877532
2342.7 1877848
2343.2 1877720
2343.7 1877064
2344.2 1877956
2344.7 1877796
2345.2 1877980
2345.7 1878136
2346.2 1878056
2346.7 1877852
2347.2 1877804
2347.7 1877976
2348.2 1877480
2348.7 1872096
2349.2 1872096
2349.7 1872064
2350.2 1872064
2350.7 1872056
2351.2 1872056
2351.7 1872056
2352.2 1872056
2352.7 1872056
2353.2 1872056
2353.7 1872056
2354.3 1872088
2354.8 1872088
2355.3 1872088
2355.8 1872088
2356.3 1872088
2356.8 1872088
2357.3 1872088
2357.8 1872088
2358.3 1872088
2358.8 1872056
2359.3 1872056
2359.8 1872056
2360.3 1872056
2360.9 1872056
2361.4 1872088
2361.9 1872088
2362.4 1872088
2362.9 1872088
2363.4 1872088
2363.9 1872056
2364.4 1872056
2364.9 1872056
2365.5 1872056
2366.0 1872056
2366.5 1872056
2367.0 1872056
2367.5 1872056
2368.0 1872056
2368.5 1872024
2369.0 1872088
2369.5 1872088
2370.0 1877892
2370.5 1877940
2371.0 1877988
2371.5 1877972
2372.0 1877924
2372.5 1878352
2373.0 1878240
2373.5 1878160
2374.0 1878192
2374.5 1877784
2375.0 1877176
2375.5 1878056
2376.0 1878224
2376.5 1877924
2377.0 1878240
2377.5 1877468
2378.0 1877752
2378.5 1877768
2379.0 1878368
2379.5 1878080
2380.0 1877740
2380.5 1877836
2381.0 1877996
2381.5 1878056
2382.0 1878152
2382.5 1878012
2383.0 1877900
2383.5 1877964
2384.0 1877900
2384.5 1877964
2385.0 1877592
2385.5 1877780
2386.0 1877796
2386.5 1877988
2387.0 1877844
2387.5 1878128
2388.0 1877796
2388.5 1877892
2389.0 1878176
2389.5 1878096
2390.0 1877884
2390.5 1878500
2391.0 1877884
2391.5 1877932
2392.0 1878280
2392.5 1878388
2393.0 1872696
2393.5 1871556
2394.0 1871556
2394.5 1871556
2395.1 1871556
2395.6 1871516
2396.1 1871516
2396.6 1871516
2397.1 1871516
2397.6 1871516
2398.1 1871516
2398.6 1871516
2400.3 1871516
2402.2 1871516
2404.0 1871484
2404.5 1871548
2405.0 1871548
2406.7 1871548
2407.2 1871548
2407.7 1871548
2409.5 1871548
2410.0 1871548
2413.5 1871516
2414.5 1871516
2415.0 1877664
2415.5 1877948
2416.0 1878060
2416.5 1877712
2417.0 1877900
2417.5 1877584
2418.0 1878012
2418.5 1878136
2419.0 1878200
2419.5 1877932
2420.0 1878264
2420.5 1877728
2421.0 1878028
2421.5 1878184
2422.0 1878012
2422.5 1877804
2423.0 1878028
2423.5 1877964
2424.0 1877664
2424.5 1878248
2425.0 1878020
2425.5 1878128
2426.0 1878036
2426.5 1877700
2427.0 1878284
2427.5 1878084
2428.0 1878320
2428.5 1878208
2429.0 1878364
2429.5 1878208
2430.0 1877964
2430.5 1878168
2431.0 1877772
2431.5 1877868
2432.0 1877836
2432.5 1878136
2433.0 1878280
2433.5 1877852
2434.0 1877884
2434.5 1877584
2435.0 1877800
2435.5 1877956
2436.0 1878164
2436.5 1877908
2437.0 1877828
2437.5 1878256
2438.0 1877860
2438.5 1871888
2439.0 1871888
2439.5 1871888
2441.5 1871880
2442.0 1871880
2443.3 1871848
2443.8 1871848
2445.3 1871848
2445.8 1871848
2446.7 1871848
2448.2 1871880
2448.7 1871880
2449.8 1871880
2450.8 1871848
2451.3 1871848
2453.2 1871848
2453.9 1871848
2455.5 1871848
2456.0 1871848
2456.5 1871848
2457.0 1871848
2457.5 1871848
2458.0 1871816
2459.5 1871880
2460.0 1877788
2460.5 1877612
2461.0 1877932
2461.5 1878132
2462.0 1878228
2462.5 1878696
2463.0 1878128
2463.5 1878000
2464.0 1878064
2464.5 1877764
2465.0 1877788
2465.5 1878104
2466.0 1878148
2466.5 1877756
2467.0 1877664
2467.5 1877460
2468.0 1879044
2468.5 1878248
2469.0 1878264
2469.5 1878072
2470.0 1878144
2470.5 1878144
2471.0 1877828
2471.5 1877748
2472.0 1878096
2472.5 1877640
2473.0 1877876
2473.5 1877940
2474.0 1877764
2474.5 1877860
2475.0 1878104
2475.5 1877868
2476.0 1877996
2476.5 1877788
2477.0 1877884
2477.5 1877884
2478.0 1877868
2478.5 1877772
2479.0 1878260
2479.5 1877948
2480.0 1877768
2480.5 1877688
2481.0 1878244
2481.5 1877656
2482.0 1878224
2482.5 1877816
2483.0 1877956
2483.5 1871888
2485.3 1871888
2485.8 1871888
2486.3 1871888
2486.8 1871888
2487.3 1871888
2489.0 1871856
2490.9 1871856
2491.4 1871920
2491.9 1871920
2492.4 1871920
2494.1 1871920
2495.9 1871920
2496.4 1871920
2498.1 1871888
2498.6 1871888
2502.0 1871888
2503.8 1871884
2504.3 1871884
2504.8 1871884
2505.3 1878032
2505.8 1877832
2506.3 1877936
2506.8 1877844
2507.3 1878144
2507.8 1878032
2508.3 1878024
2508.8 1878120
2509.3 1877932
2509.8 1877964
2510.3 1877748
2510.8 1877968
2511.3 1878080
2511.8 1877748
2512.3 1877828
2512.8 1877576
2513.3 1877432
2513.8 1877480
2514.3 1877512
2514.8 1877480
2515.3 1877472
2515.8 1877788
2516.3 1877932
2516.8 1877820
2517.3 1877980
2517.8 1878308
2518.3 1877016
2518.8 1877172
2519.3 1877988
2519.8 1878064
2520.3 1878200
2520.8 1877820
2521.3 1877740
2521.8 1877836
2522.3 1878152
2522.8 1878056
2523.3 1877536
2523.8 1877600
2524.3 1877472
2524.8 1877740
2525.3 1877732
2525.8 1877892
2526.3 1878192
2526.8 1877936
2527.3 1878048
2527.8 1878128
2528.3 1875760
2528.8 1871916
2529.3 1871916
2531.1 1871908
2531.6 1871908
2532.1 1871908
2532.6 1871940
2533.1 1871940
2533.6 1871940
2535.4 1871940
2535.9 1871940
2536.9 1871940
2537.4 1871908
2537.9 1871908
2538.4 1871908
2538.9 1871908
2539.4 1871908
2539.9 1871908
2540.4 1871908
2543.0 1871908
2543.6 1871908
2544.5 1871908
2545.1 1871908
2545.6 1871908
2546.1 1871908
2546.6 1871908
2547.1 1871908
2547.6 1871908
2548.1 1871908
2549.5 1871908
2550.0 1877456
2550.5 1877580
2551.0 1877648
2551.5 1877536
2552.0 1877756
2552.5 1877684
2553.0 1877780
2553.5 1877620
2554.0 1877636
2554.5 1877512
2555.0 1877924
2555.5 1877940
2556.0 1878148
2556.5 1878020
2557.0 1878132
2557.5 1878272
2558.0 1878020
2558.5 1878084
2559.0 1878020
2559.5 1877940
2560.0 1878012
2560.5 1878092
2561.0 1877916
2561.5 1877964
2562.0 1877744
2562.5 1877948
2563.0 1878060
2563.5 1877964
2564.0 1878060
2564.5 1878092
2565.0 1877860
2565.5 1877736
2566.0 1877344
2566.5 1877312
2567.0 1877436
2567.5 1877264
2568.0 1877184
2568.5 1877516
2569.0 1877736
2569.5 1877988
2570.0 1877980
2570.5 1877616
2571.0 1877932
2571.5 1878092
2572.0 1877824
2572.5 1877840
2573.0 1877760
2573.5 1871952
2574.0 1871952
2575.9 1871944
2577.9 1871944
2578.4 1871944
2580.3 1871944
2580.8 1871912
2581.3 1871912
2581.8 1871912
2582.3 1871912
2585.1 1871912
2587.0 1871944
2587.5 1871944
2588.0 1871944
2591.6 1871944
2593.4 1871912
2593.9 1871912
2594.5 1871912
2595.0 1877784
2595.5 1877752
2596.0 1877736
2596.5 1877752
2597.0 1877940
2597.5 1878444
2598.0 1877704
2598.5 1877832
2599.0 1877832
2599.5 1878164
2600.0 1878168
2600.5 1878012
2601.0 1877664
2601.5 1878012
2602.0 1878012
2602.5 1877796
2603.0 1877972
2603.5 1877876
2604.0 1878004
2604.5 1877436
2605.0 1877396
2605.5 1877396
2606.0 1877556
2606.5 1877444
2607.0 1877380
2607.5 1877144
2608.0 1877492
2608.5 1877572
2609.0 1877240
2609.5 1877176
2610.0 1877152
2610.5 1877232
2611.0 1877056
2611.5 1877264
2612.0 1877136
2612.5 1877248
2613.0 1877468
2613.5 1877404
2614.0 1877436
2614.5 1877088
2615.0 1877888
2615.5 1877960
2616.0 1877976
2616.5 1878040
2617.0 1878148
2617.5 1878056
2618.0 1878056
2618.5 1872068
2619.0 1872068
2619.5 1872068
2620.0 1872068
2620.6 1872064
2621.1 1872032
2621.6 1872032
2622.1 1872032
2622.6 1872032
2623.1 1872032
2623.6 1872032
2624.1 1872032
2624.6 1872064
2625.1 1872064
2625.8 1872032
2626.4 1872032
2627.1 1872032
2627.6 1872032
2628.2 1872032
2628.9 1872032
2629.4 1872032
2629.9 1872032
2630.7 1872032
2631.2 1872000
2631.7 1872000
2632.2 1872000
2633.0 1872064
2633.5 1872064
2634.2 1872064
2634.7 1872064
2635.2 1872064
2635.7 1872064
2636.3 1872032
2636.8 1872032
2637.3 1872032
2637.8 1872032
2638.3 1872032
2638.8 1872032
2639.3 1872032
2639.8 1872032
2640.3 1877996
2640.8 1878216
2641.3 1878264
2641.8 1878200
2642.3 1877888
2642.8 1877808
2643.3 1877680
2643.8 1877856
2644.3 1878060
2644.8 1878028
2645.3 1877924
2645.8 1878272
2646.3 1877688
2646.8 1878052
2647.3 1878068
2647.8 1877560
2648.3 1877656
2648.8 1877564
2649.3 1877596
2649.8 1877440
2650.3 1877304
2650.8 1877224
2651.3 1877020
2651.8 1876956
2652.3 1877144
2652.8 1877224
2653.3 1877256
2653.8 1877016
2654.3 1876924
2654.8 1877240
2655.3 1877152
2655.8 1877184
2656.3 1877120
2656.8 1877436
2657.3 1877200
2657.8 1877168
2658.3 1877152
2658.8 1877056
2659.3 1877104
2659.8 1877988
2660.3 1877808
2660.8 1877728
2661.3 1877696
2661.8 1877600
2662.3 1871516
2662.8 1871484
2663.3 1871484
2663.9 1871484
2664.4 1871484
2664.9 1871484
2665.4 1871484
2665.9 1871476
2666.4 1871476
2666.9 1871476
2667.5 1871444
2668.0 1871444
2668.5 1871444
2669.0 1871444
2669.5 1871476
2670.0 1871476
2670.6 1871476
2671.1 1871476
2671.6 1871476
2672.1 1871444
2672.6 1871444
2673.1 1871444
2673.6 1871444
2674.1 1871444
2674.6 1871444
2675.1 1871444
2675.6 1871444
2676.1 1871444
2676.6 1871444
2677.1 1871444
2677.6 1871476
2678.1 1871476
2678.6 1871476
2679.1 1871476
2679.6 1871476
2680.2 1871476
2680.7 1871476
2681.2 1871476
2681.7 1871444
2682.2 1871444
2682.7 1871444
2683.2 1871444
2683.7 1871444
2684.2 1871444
2684.7 1871444
2685.2 1877760
2685.7 1877664
2686.2 1878376
2686.7 1878124
2687.2 1877964
2687.7 1877884
2688.2 1878280
2688.7 1878184
2689.2 1878376
2689.7 1877712
2690.2 1878192
2690.7 1878160
2691.2 1878428
2691.7 1877828
2692.2 1877908
2692.7 1877940
2693.2 1877812
2693.7 1878224
2694.2 1878304
2694.7 1878208
2695.2 1877936
2695.7 1877620
2696.2 1877732
2696.7 1877588
2697.2 1877984
2697.7 1877936
2698.2 1877968
2698.7 1878000
2699.2 1877792
2699.7 1878260
2700.2 1877888
2700.7 1878156
2701.2 1878268
2701.7 1878032
2702.2 1877984
2702.7 1878172
2703.2 1878124
2703.7 1877888
2704.2 1877984
2704.7 1878016
2705.2 1878024
2705.7 1878260
2706.2 1878180
2706.7 1877848
2707.2 1872912
2707.7 1871680
2708.2 1871680
2708.7 1871680
2709.4 1871680
2709.9 1871680
2710.4 1871648
2711.4 1871640
2711.9 1871640
2712.4 1871640
2712.9 1871640
2713.4 1871640
2713.9 1871640
2714.5 1871640
2715.0 1871640
2715.5 1871640
2716.3 1871672
2716.8 1871672
2717.3 1871672
2717.8 1871672
2718.3 1871672
2718.8 1871672
2719.3 1871672
2719.8 1871672
2720.4 1871672
2720.9 1871640
2721.4 1871640
2721.9 1871640
2722.4 1871672
2722.9 1871672
2723.5 1871672
2724.0 1871672
2724.5 1871672
2725.0 1871672
2725.5 1871672
2726.0 1871640
2726.5 1871640
2727.0 1871640
2727.5 1871640
2728.0 1871640
2728.7 1871640
2729.2 1871640
2729.7 1877156
2730.2 1877840
2730.7 1878092
2731.2 1877996
2731.7 1877872
2732.2 1877872
2732.7 1877920
2733.2 1877936
2733.7 1877776
2734.2 1878076
2734.7 1877868
2735.2 1877948
2735.7 1877788
2736.2 1878028
2736.7 1877680
2737.2 1878160
2737.7 1877512
2738.2 1877720
2738.7 1877624
2739.2 1877768
2739.7 1877524
2740.2 1877820
2740.7 1877884
2741.2 1877932
2741.7 1877788
2742.2 1877932
2742.7 1877932
2743.2 1877712
2743.7 1877444
2744.2 1877412
2744.7 1878028
2745.2 1878256
2745.7 1877908
2746.2 1877940
2746.7 1877972
2747.2 1878004
2747.7 1877972
2748.2 1877796
2748.7 1878192
2749.2 1877404
2749.7 1877316
2750.2 1877412
2750.7 1877772
2751.2 1877948
2751.7 1878184
2752.2 1872108
2752.7 1872108
2753.2 1872108
2753.7 1872108
2754.2 1872076
2754.7 1872076
2755.2 1872076
2755.7 1872100
2756.2 1872100
2756.7 1872100
2757.2 1872100
2757.7 1872100
2758.2 1872100
2758.7 1872100
2759.2 1872068
2759.7 1872068
2760.3 1872068
2760.8 1872068
2761.4 1872068
2761.9 1872068
2762.5 1872068
2763.0 1872068
2763.5 1872068
2764.0 1872068
2764.5 1872100
2765.1 1872100
2765.6 1872100
2766.1 1872100
2766.6 1872100
2767.1 1872100
2767.6 1872100
2768.1 1872068
2768.6 1872068
2769.1 1872068
2769.6 1872068
2770.1 1872068
2770.6 1872100
2771.1 1872100
2771.6 1872100
2772.1 1872100
2772.6 1872100
2773.1 1872068
2773.6 1872068
2774.1 1872068
2774.6 1876904
2775.1 1877988
2775.6 1877936
2776.1 1878080
2776.6 1877748
2777.1 1877680
2777.6 1877316
2778.1 1877348
2778.6 1877412
2779.1 1877664
2779.6 1877800
2780.1 1877784
2780.6 1877864
2781.1 1877832
2781.6 1877328
2782.1 1877136
2782.6 1876884
2783.1 1877012
2783.6 1876712
2784.1 1877392
2784.6 1877736
2785.1 1877324
2785.6 1877860
2786.1 1878176
2786.6 1878064
2787.1 1878048
2787.6 1877860
2788.1 1877860
2788.6 1877892
2789.1 1878144
2789.6 1877852
2790.1 1877756
2790.6 1877980
2791.1 1878120
2791.6 1877852
2792.1 1877788
2792.6 1878040
2793.1 1877536
2793.6 1877520
2794.1 1877600
2794.6 1877560
2795.1 1877940
2795.6 1877956
2796.1 1877716
2796.6 1878104
2797.1 1871996
2797.6 1871996
2798.1 1871996
2798.6 1871996
2799.1 1871996
2799.6 1871996
2800.1 1871988
2800.6 1871988
2801.2 1871988
2801.7 1871988
2802.2 1871988
2802.7 1871988
2803.2 1871988
2803.7 1871988
2804.2 1871988
2804.7 1871988
2805.2 1871988
2805.7 1871988
2806.2 1871988
2806.7 1871988
2807.3 1871956
2807.8 1872020
2808.4 1872020
2808.9 1872020
2809.4 1872020
2809.9 1872020
2810.4 1872020
2810.9 1871988
2811.4 1871988
2812.0 1871988
2812.5 1871988
2813.0 1871988
2813.5 1871988
2814.0 1871988
2814.5 1871988
2815.0 1872052
2815.5 1872020
2816.0 1872020
2816.5 1872020
2817.0 1872020
2817.5 1872020
2818.0 1872020
2818.5 1872020
2819.1 1872020
2819.6 1872020
2820.1 1878352
2820.6 1877828
2821.1 1877876
2821.6 1878016
2822.1 1878208
2822.6 1878160
2823.1 1878176
2823.6 1877624
2824.1 1877600
2824.6 1877420
2825.1 1877592
2825.6 1877956
2826.1 1877812
2826.6 1878112
2827.1 1877764
2827.6 1878020
2828.1 1878176
2828.6 1877892
2829.1 1878192
2829.6 1878328
2830.1 1877776
2830.6 1877920
2831.1 1878188
2831.6 1877856
2832.1 1878108
2832.6 1878060
2833.1 1878028
2833.6 1878456
2834.1 1878220
2834.6 1878060
2835.1 1878072
2835.6 1877852
2836.1 1877740
2836.6 1877900
2837.1 1878132
2837.6 1878388
2838.1 1878008
2838.6 1878040
2839.1 1878008
2839.6 1878168
2840.1 1878164
2840.6 1878132
2841.1 1877612
2841.6 1878052
2842.1 1872080
2842.6 1872080
2843.1 1872080
2843.6 1872080
2844.1 1872112
2844.6 1872112
2845.1 1872104
2845.6 1872104
2846.1 1872104
2846.6 1872104
2847.1 1872104
2847.6 1872104
2848.1 1872072
2848.6 1872072
2849.1 1872072
2849.6 1872072
2850.1 1872072
2850.6 1872072
2851.1 1872072
2851.6 1872104
2852.1 1872104
2852.6 1872104
2853.1 1872104
2853.6 1872072
2854.1 1872072
2854.6 1872072
2855.1 1872072
2855.6 1872072
2856.1 1872072
2856.7 1872072
2857.2 1872072
2857.7 1872040
2858.2 1872040
2858.7 1872040
2859.2 1872040
2859.7 1872104
2860.2 1872104
2860.7 1872104
2861.2 1872104
2861.7 1872104
2862.2 1872072
2862.7 1872072
2863.2 1872072
2863.7 1872072
2864.2 1872072
2864.7 1872072
2865.2 1877888
2865.7 1877760
2866.2 1877524
2866.7 1877832
2867.2 1878224
2867.7 1877988
2868.2 1877924
2868.7 1877816
2869.2 1878068
2869.7 1877752
2870.2 1877964
2870.7 1877744
2871.2 1878012
2871.7 1877916
2872.2 1877884
2872.7 1877792
2873.2 1877648
2873.7 1877824
2874.2 1878092
2874.7 1877868
2875.2 1877896
2875.7 1878056
2876.2 1878324
2876.7 1878040
2877.2 1878056
2877.7 1877992
2878.2 1877976
2878.7 1878040
2879.2 1877816
2879.7 1877772
2880.2 1877780
2880.7 1877512
2881.2 1877260
2881.7 1877732
2882.2 1877936
2882.7 1878048
2883.2 1877920
2883.7 1877700
2884.2 1877716
2884.7 1878016
2885.2 1877772
2885.7 1878008
2886.2 1877488
2886.7 1877804
2887.2 1871840
2887.7 1871840
2888.2 1871872
2888.7 1871872
2889.2 1871872
2889.7 1871872
2890.3 1871864
2890.8 1871864
2891.3 1871864
2891.8 1871832
2892.3 1871832
2892.8 1871832
2893.3 1871832
2893.8 1871832
2894.3 1871832
2894.8 1871832
2895.3 1871832
2895.8 1871864
2896.3 1871864
2896.8 1871864
2897.3 1871864
2897.8 1871864
2898.3 1871864
2898.8 1871864
2899.3 1871864
2899.8 1871832
2900.3 1871832
2900.8 1871832
2901.3 1871832
2901.8 1871832
2902.3 1871832
2902.9 1871832
2903.4 1871832
2903.9 1871864
2904.4 1871864
2904.9 1871832
2905.4 1871832
2905.9 1871832
2906.4 1871832
2906.9 1871832
2907.4 1871832
2907.9 1871832
2908.4 1871832
2908.9 1871832
2909.4 1871800
2909.9 1871800
2910.4 1877416
2910.9 1877828
2911.4 1877872
2911.9 1877936
2912.4 1878032
2912.9 1878000
2913.4 1878064
2913.9 1877968
2914.4 1878016
2914.9 1877652
2915.4 1878016
2915.9 1877920
2916.4 1877936
2916.9 1877732
2917.4 1878128
2917.9 1878196
2918.4 1877828
2918.9 1877636
2919.4 1878000
2919.9 1877952
2920.4 1877928
2920.9 1877880
2921.4 1878132
2921.9 1877960
2922.4 1878276
2922.9 1877976
2923.4 1877896
2923.9 1878072
2924.4 1878196
2924.9 1877960
2925.4 1878064
2925.9 1877968
2926.4 1877904
2926.9 1877952
2927.4 1878016
2927.9 1877636
2928.4 1877352
2928.9 1877480
2929.4 1877416
2929.9 1877496
2930.4 1877736
2930.9 1877544
2931.4 1878240
2931.9 1878336
2932.4 1872372
2932.9 1872372
2933.4 1872340
2933.9 1872340
2934.5 1872340
2935.0 1872340
2935.5 1872340
2936.0 1872340
2936.5 1872340
2937.0 1872340
2937.5 1872340
2938.0 1872308
2938.5 1872372
2939.0 1872372
2939.5 1872372
2940.0 1872372
2940.5 1872372
2941.1 1872372
2941.6 1872372
2942.1 1872372
2942.6 1872372
2943.1 1872372
2943.6 1872372
2944.1 1872340
2944.6 1872340
2945.1 1872340
2945.6 1872340
2946.1 1872340
2946.6 1872340
2947.1 1872340
2947.6 1872340
2948.1 1872340
2948.6 1872340
2949.3 1872340
2949.8 1872340
2950.3 1872340
2950.8 1872340
2951.3 1872340
2951.8 1872340
2952.3 1872308
2952.8 1872308
2953.3 1872308
2953.8 1872372
2954.3 1872372
2954.8 1878284
2955.3 1878216
2955.8 1878108
2956.3 1878312
2956.8 1878108
2957.3 1878660
2957.8 1877988
2958.3 1877532
2958.8 1877360
2959.3 1877404
2959.8 1877432
2960.3 1877796
2960.8 1877888
2961.3 1877720
2961.8 1877724
2962.3 1878088
2962.8 1878168
2963.3 1877804
2963.8 1877868
2964.3 1877756
2964.8 1877512
2965.3 1878016
2965.8 1877824
2966.3 1877620
2966.8 1878268
2967.3 1878000
2967.8 1877904
2968.3 1877732
2968.8 1877668
2969.3 1877352
2969.8 1878076
2970.3 1878248
2970.8 1878360
2971.3 1878060
2971.8 1878028
2972.3 1877996
2972.8 1877680
2973.3 1877836
2973.8 1878060
2974.3 1877760
2974.8 1877560
2975.3 1877340
2975.8 1877432
2976.3 1877668
2976.8 1877716
2977.3 1871456
2977.8 1871456
2978.3 1871456
2978.8 1871520
2979.3 1871520
2980.0 1871520
2980.5 1871516
2981.0 1871516
2981.6 1871516
2982.1 1871484
2982.6 1871484
2983.1 1871484
2983.6 1871484
2984.1 1871484
2984.7 1871484
2985.2 1871484
2985.7 1871484
2986.2 1871484
2986.7 1871548
2987.3 1871548
2987.8 1871516
2988.3 1871516
2988.8 1871516
2989.3 1871516
2989.9 1871516
2990.4 1871516
2990.9 1871516
2991.4 1871516
2991.9 1871484
2992.4 1871484
2992.9 1871484
2993.4 1871484
2993.9 1871484
2994.4 1871516
2994.9 1871516
2995.4 1871516
2995.9 1871516
2996.4 1871484
2996.9 1871484
2997.4 1871484
2997.9 1871484
2998.4 1871484
2998.9 1871484
2999.5 1871484
3000.0 1877792
3000.5 1877712
