0.5 1839480
1.0 1839480
1.5 1839480
2.0 1839480
2.5 1839448
3.0 1839448
3.5 1839448
4.0 1839448
4.5 1839448
5.0 1839448
5.5 1839448
6.0 1839448
6.5 1839448
7.0 1839448
7.5 1839480
8.0 1839480
8.5 1839480
9.0 1839480
9.5 1839480
10.0 1839480
10.5 1839480
11.0 1839480
11.5 1839480
12.0 1839480
12.5 1839448
13.0 1839448
13.5 1839448
14.0 1839448
14.5 1839480
15.0 1839480
15.5 1839480
16.0 1839480
16.5 1839448
17.0 1839448
17.5 1839448
18.0 1839448
18.5 1839448
19.0 1839448
19.5 1839448
20.0 1839448
20.5 1839448
21.0 1839448
21.5 1839416
22.0 1839480
22.5 1839480
23.0 1839480
23.5 1839480
24.0 1839480
24.5 1839480
25.0 1839480
25.5 1839480
26.0 1839480
26.6 1839448
27.1 1839448
27.6 1839448
28.1 1839448
28.6 1839448
29.1 1839448
29.6 1839480
30.1 1846380
30.6 1846568
31.1 1846600
31.6 1847580
32.1 1847864
32.6 1847516
33.1 1848044
33.6 1847680
34.1 1847348
34.6 1847540
35.1 1847272
35.6 1847272
36.1 1847208
36.6 1846924
37.1 1846876
37.6 1847004
38.1 1846844
38.6 1847400
39.1 1847588
39.6 1847444
40.1 1847572
40.6 1847256
41.1 1847176
41.6 1847556
42.1 1847492
42.6 1847404
43.1 1847688
43.6 1847372
44.1 1847532
44.6 1847548
45.1 1847484
45.6 1847844
46.1 1847324
46.6 1847780
47.1 1847668
47.6 1847672
48.1 1848336
48.6 1847768
49.1 1847796
49.6 1847624
50.1 1847832
50.6 1847784
51.1 1847972
51.6 1847468
52.1 1847556
52.6 1847444
53.1 1841440
53.6 1841440
54.1 1841440
54.6 1841440
55.1 1841440
55.7 1841440
56.2 1841440
56.7 1841440
57.2 1841440
57.7 1841440
58.2 1841440
58.7 1841408
59.2 1841408
59.7 1841408
60.2 1841408
60.7 1841440
61.2 1841440
61.8 1841440
62.3 1841440
62.8 1841408
63.3 1841408
63.8 1841408
64.3 1841408
64.8 1841408
65.3 1841408
65.8 1841408
66.3 1841408
66.8 1841408
67.3 1841376
67.8 1841440
68.3 1841440
68.8 1841440
69.3 1841440
69.8 1841440
70.3 1841440
70.8 1841440
71.3 1841440
71.8 1841440
72.3 1841440
72.8 1841408
73.3 1841408
73.8 1841408
74.3 1841408
74.8 1847624
75.3 1847508
75.8 1847264
76.3 1846968
76.8 1847460
77.3 1846828
77.8 1847100
78.3 1847052
78.8 1847336
79.3 1846908
79.8 1846608
80.3 1846436
80.8 1846752
81.3 1846752
81.8 1846972
82.3 1847224
82.8 1847808
83.3 1848044
83.8 1847492
84.3 1847948
84.8 1847812
85.3 1847484
85.8 1847388
86.3 1847848
86.8 1847720
87.3 1847356
87.8 1847264
88.3 1847248
88.8 1847532
89.3 1847328
89.8 1847208
90.3 1847288
90.8 1847588
91.3 1847556
91.8 1847572
92.3 1847792
92.8 1847680
93.3 1847620
93.8 1847524
94.3 1847856
94.8 1847420
95.3 1847312
95.8 1847436
96.3 1846932
96.8 1846760
97.3 1846696
97.8 1846852
98.3 1841060
98.8 1841028
99.3 1841028
99.8 1841028
100.3 1841028
100.8 1841028
101.3 1841028
101.8 1841028
102.3 1841060
102.8 1841060
103.3 1841060
103.8 1841028
104.3 1841028
104.8 1841028
105.3 1841028
105.8 1841028
106.3 1841028
106.8 1841028
107.3 1841028
107.8 1841028
108.3 1840996
108.8 1840996
109.3 1840996
109.8 1841060
110.4 1841060
110.9 1841060
111.4 1841060
111.9 1841060
112.4 1841060
112.9 1841028
113.4 1841028
113.9 1841028
114.4 1841028
114.9 1841028
115.4 1841028
115.9 1841028
116.4 1841028
116.9 1841092
117.4 1841092
117.9 1841060
118.4 1841060
118.9 1841060
119.4 1841060
119.9 1847800
120.4 1847800
120.9 1847688
121.4 1847752
121.9 1847876
122.4 1847360
122.9 1847532
123.4 1847500
123.9 1847484
124.4 1847544
124.9 1847324
125.4 1847468
125.9 1847280
126.4 1847640
126.9 1847500
127.4 1847696
127.9 1847476
128.4 1847584
128.9 1847492
129.4 1847268
129.9 1847808
130.4 1848764
130.9 1847792
131.4 1848316
131.9 1848288
132.4 1847668
132.9 1847532
133.4 1847784
133.9 1847404
134.4 1847404
134.9 1847632
135.4 1847428
135.9 1847460
136.4 1847112
136.9 1847128
137.4 1847964
137.9 1847824
138.4 1847492
138.9 1847964
139.4 1847444
139.9 1847324
140.4 1847704
140.9 1847340
141.4 1847244
141.9 1847308
142.4 1847436
142.9 1841316
143.4 1841348
143.9 1841348
144.4 1841348
144.9 1841348
145.4 1841348
145.9 1841316
146.4 1841316
146.9 1841316
147.4 1841316
147.9 1841316
148.4 1841316
148.9 1841316
149.4 1841316
149.9 1841316
150.4 1841284
150.9 1841348
151.4 1841348
151.9 1841348
152.4 1841348
152.9 1841348
153.4 1841348
153.9 1841348
154.4 1841348
154.9 1841316
155.4 1841316
155.9 1841316
156.4 1841316
156.9 1841316
157.4 1841316
157.9 1841316
158.4 1841348
158.9 1841348
159.4 1841348
159.9 1841316
160.4 1841316
160.9 1841316
161.4 1841316
161.9 1841316
162.4 1841316
162.9 1841316
163.4 1841316
163.9 1841316
164.4 1841284
164.9 1841284
165.4 1847628
165.9 1847072
166.4 1847168
166.9 1847420
167.4 1847452
167.9 1847340
168.4 1847420
168.9 1847640
169.4 1847420
169.9 1847592
170.4 1847816
170.9 1847484
171.4 1847688
171.9 1847736
172.4 1847200
172.9 1847108
173.4 1847012
173.9 1846948
174.4 1846836
174.9 1846852
175.4 1848124
175.9 1848108
176.4 1847792
176.9 1847736
177.4 1846760
177.9 1847328
178.4 1847044
178.9 1847372
179.4 1847356
179.9 1847372
180.4 1847420
180.9 1847612
181.4 1847328
181.9 1847076
182.4 1846964
182.9 1847072
183.4 1847624
183.9 1847848
184.4 1847624
184.9 1847956
185.4 1847492
185.9 1847096
186.4 1847160
186.9 1846924
187.4 1847240
187.9 1847332
188.4 1841328
189.0 1841328
189.5 1841328
190.0 1841328
190.5 1841328
191.0 1841328
191.5 1841328
192.0 1841328
192.5 1841328
193.0 1841296
193.5 1841296
194.0 1841296
194.5 1841296
195.0 1841328
195.5 1841328
196.0 1841328
196.5 1841328
197.1 1841328
197.6 1841328
198.1 1841296
198.6 1841296
199.1 1841296
199.6 1841296
200.1 1841296
200.6 1841296
201.1 1841296
201.6 1841296
202.1 1841296
202.6 1841296
203.1 1841328
203.6 1841328
204.1 1841328
204.6 1841328
205.1 1841328
205.6 1841328
206.1 1841328
206.6 1841328
207.1 1841296
207.6 1841296
208.1 1841296
208.6 1841296
209.1 1841296
209.6 1841296
210.1 1847412
210.6 1847208
211.1 1847300
211.6 1847460
212.1 1847492
212.6 1847476
213.1 1847272
213.6 1847316
214.1 1847300
214.6 1846828
215.1 1847332
215.6 1847444
216.1 1847096
216.6 1847680
217.1 1847428
217.6 1847788
218.1 1847176
218.6 1847588
219.1 1847316
219.6 1847492
220.1 1847476
220.6 1847224
221.1 1847208
221.6 1847364
222.1 1846972
222.6 1847396
223.1 1847808
223.6 1847728
224.1 1847364
224.6 1847776
225.1 1847048
225.6 1847524
226.1 1847364
226.6 1847316
227.1 1847388
227.6 1847556
228.1 1847632
228.6 1847064
229.1 1847440
229.6 1847380
230.1 1849168
230.6 1847720
231.1 1847500
231.6 1847784
232.1 1847548
232.6 1847436
233.1 1845220
233.6 1841248
234.1 1841280
234.6 1841280
235.1 1841280
235.6 1841280
236.1 1841248
236.6 1841248
237.1 1841248
237.6 1841248
238.1 1841248
238.6 1841248
239.1 1841248
239.6 1841248
240.1 1841216
240.6 1841216
241.1 1841280
241.6 1841280
242.1 1841280
242.6 1841280
243.1 1841280
243.6 1841280
244.1 1841280
244.6 1841280
245.1 1841248
245.6 1841248
246.1 1841248
246.6 1841248
247.2 1841248
247.7 1841248
248.2 1841248
248.7 1841248
249.2 1841280
249.7 1841248
250.2 1841248
250.8 1841248
251.3 1841248
251.8 1841248
252.3 1841248
252.8 1841248
253.3 1841248
253.8 1841248
254.3 1841216
254.8 1841216
255.3 1847468
255.8 1847768
256.3 1847120
256.8 1847800
257.3 1847528
257.8 1847672
258.3 1847248
258.8 1847312
259.3 1847168
259.8 1846964
260.3 1847184
260.8 1846884
261.3 1846932
261.8 1847484
262.3 1847532
262.8 1847800
263.3 1847120
263.8 1847420
264.3 1847576
264.8 1847404
265.3 1847276
265.8 1847420
266.3 1847372
266.8 1847452
267.3 1847484
267.8 1847468
268.3 1847168
268.8 1847500
269.3 1847452
269.8 1847388
270.3 1847372
270.8 1847768
271.3 1847248
271.8 1847232
272.3 1847152
272.8 1847184
273.3 1847120
273.8 1847720
274.3 1847532
274.8 1847104
275.3 1847764
275.8 1847368
276.3 1847668
276.8 1847996
277.3 1847828
277.8 1847624
278.3 1844856
278.8 1841768
279.3 1841768
279.8 1841768
280.3 1841768
280.8 1841768
281.3 1841764
281.8 1841764
282.3 1841764
282.8 1841764
283.3 1841732
283.8 1841732
284.3 1841796
284.8 1841796
285.3 1841796
285.8 1841796
286.3 1841796
286.8 1841796
287.3 1841764
287.8 1841764
288.3 1841764
288.8 1841764
289.3 1841764
289.8 1841764
290.3 1841764
290.8 1841764
291.3 1841764
291.8 1841764
292.3 1841796
292.8 1841796
293.3 1841796
293.8 1841796
294.3 1841796
294.8 1841796
295.3 1841796
295.8 1841796
296.3 1841796
296.8 1841796
297.3 1841764
297.8 1841764
298.3 1841764
298.8 1841764
299.3 1841796
299.8 1841796
300.3 1847664
300.8 1847696
301.3 1847536
301.8 1847300
302.3 1847396
302.8 1847156
303.3 1846952
303.8 1847332
304.3 1847316
304.8 1847348
305.3 1847380
305.8 1847316
306.3 1847412
306.8 1847460
307.3 1847716
307.8 1846948
308.3 1846928
308.8 1847120
309.3 1846836
309.8 1846756
310.3 1846868
310.8 1846964
311.3 1847404
311.8 1847372
312.3 1847404
312.8 1847468
313.3 1847892
313.8 1847356
314.3 1847560
314.8 1847308
315.3 1847584
315.8 1847552
316.3 1847444
316.8 1847380
317.3 1847396
317.8 1847488
318.3 1847492
318.8 1847268
319.3 1847112
319.8 1846956
320.3 1846848
320.8 1846736
321.3 1847244
321.8 1847716
322.3 1847432
322.8 1847432
323.3 1847076
323.8 1841800
324.3 1841800
324.8 1841800
325.3 1841760
325.8 1841824
326.3 1841824
326.8 1841824
327.3 1841824
327.8 1841824
328.3 1841824
328.8 1841824
329.3 1841824
329.8 1841792
330.3 1841792
330.8 1841792
331.3 1841792
331.8 1841792
332.3 1841792
332.8 1841792
333.3 1841792
333.8 1841824
334.3 1841792
334.8 1841792
335.3 1841792
335.8 1841792
336.3 1841792
336.8 1841792
337.3 1841792
337.8 1841792
338.3 1841792
338.8 1841792
339.3 1841760
339.8 1841760
340.3 1841824
340.9 1841824
341.4 1841824
341.9 1841824
342.4 1841824
342.9 1841824
343.4 1841824
343.9 1841824
344.4 1841792
344.9 1841792
345.4 1847412
345.9 1847336
346.4 1847872
346.9 1847288
347.4 1847540
347.9 1847556
348.4 1847336
348.9 1847368
349.4 1847700
349.9 1847508
350.4 1847532
350.9 1847312
351.4 1847060
351.9 1847108
352.4 1847316
352.9 1846760
353.4 1847220
353.9 1847028
354.4 1847092
354.9 1847264
355.4 1846836
355.9 1847168
356.4 1847152
356.9 1846900
357.4 1847152
357.9 1846820
358.4 1847056
358.9 1847624
359.4 1847736
359.9 1847608
360.4 1847368
360.9 1847588
361.4 1847240
361.9 1847384
362.4 1847368
362.9 1847368
363.4 1847416
363.9 1847320
364.4 1847272
364.9 1847512
365.4 1847252
365.9 1847664
366.4 1847648
366.9 1847508
367.4 1847412
367.9 1847632
368.4 1841568
368.9 1841632
369.4 1841600
369.9 1841600
370.4 1841600
370.9 1841600
371.4 1841600
371.9 1841600
372.4 1841600
372.9 1841600
373.4 1841600
373.9 1841568
374.4 1841568
374.9 1841568
375.4 1841568
375.9 1841568
376.4 1841600
376.9 1841600
377.5 1841600
378.0 1841600
378.7 1841600
379.2 1841600
379.7 1841568
380.2 1841568
380.7 1841568
381.2 1841568
381.7 1841568
382.2 1841568
382.7 1841568
383.2 1841568
383.7 1841600
384.2 1841600
384.8 1841600
385.3 1841600
385.8 1841600
386.3 1841600
386.8 1841600
387.3 1841600
387.8 1841600
388.3 1841568
388.8 1841568
389.3 1841568
389.8 1841568
390.3 1847516
390.8 1846868
391.3 1846772
391.8 1846740
392.3 1846932
392.8 1847104
393.3 1847316
393.8 1847160
394.3 1847128
394.8 1847176
395.3 1847048
395.8 1847128
396.3 1847428
396.8 1847900
397.3 1847020
397.8 1846972
398.3 1847304
398.8 1847636
399.3 1847600
399.8 1847600
400.3 1847476
400.8 1847396
401.3 1847460
401.8 1847980
402.3 1847300
402.8 1847840
403.3 1847396
403.8 1847568
404.3 1847316
404.8 1847364
405.3 1847792
405.8 1847444
406.3 1847316
406.8 1847552
407.3 1847004
407.8 1847524
408.3 1847492
408.8 1847460
409.3 1847680
409.8 1847696
410.3 1847064
410.8 1847240
411.3 1846924
411.8 1847096
412.3 1847176
412.8 1847348
413.3 1841488
413.8 1841488
414.3 1841488
414.8 1841488
415.3 1841488
415.8 1841520
416.4 1841488
416.9 1841488
417.4 1841488
418.0 1841488
418.5 1841488
419.0 1841488
419.5 1841488
420.0 1841488
420.5 1841488
421.0 1841488
421.5 1841488
422.0 1841456
422.5 1841456
423.0 1841456
423.5 1841520
424.0 1841520
424.6 1841520
425.1 1841520
425.6 1841520
426.1 1841488
426.6 1841488
427.1 1841488
427.7 1841488
428.2 1841488
428.7 1841488
429.2 1841488
429.7 1841488
430.2 1841488
430.7 1841520
431.2 1841520
431.7 1841520
432.2 1841520
432.7 1841520
433.2 1841520
433.7 1841520
434.2 1841520
434.7 1847164
435.2 1847364
435.7 1847348
436.2 1847332
436.7 1847204
437.2 1847412
437.7 1847576
438.2 1848020
438.7 1847496
439.2 1847436
439.7 1847512
440.2 1847324
440.7 1847416
441.2 1847356
441.7 1847592
442.2 1847340
442.7 1847576
443.2 1847592
443.7 1847496
444.2 1847260
444.7 1847244
445.2 1847324
445.7 1847748
446.2 1847040
446.7 1847088
447.2 1847260
447.7 1847356
448.2 1847528
448.7 1847308
449.2 1847196
449.7 1847088
450.2 1847072
450.7 1847056
451.2 1847656
451.7 1847624
452.2 1847844
452.7 1847640
453.2 1847560
453.7 1847104
454.2 1847008
454.7 1846884
455.2 1846924
455.7 1847476
456.2 1847428
456.7 1847396
457.2 1847268
457.7 1847300
458.2 1843136
458.7 1841128
459.2 1841128
459.7 1841160
460.2 1841160
460.8 1841160
461.3 1841160
461.8 1841160
462.4 1841160
462.9 1841160
463.4 1841160
463.9 1841128
464.5 1841128
465.0 1841128
465.5 1841128
466.0 1841128
466.5 1841128
467.0 1841128
467.5 1841128
468.0 1841160
468.5 1841128
469.0 1841128
469.5 1841128
470.0 1841128
470.6 1841128
471.1 1841128
471.6 1841128
472.1 1841128
472.7 1841128
473.2 1841128
473.8 1841128
474.3 1841160
474.8 1841160
475.3 1841160
475.8 1841160
476.3 1841160
476.8 1841160
477.3 1841160
477.8 1841160
478.3 1841160
478.8 1841128
479.3 1841128
479.8 1848316
480.3 1847332
480.8 1847284
481.3 1847316
481.8 1847188
482.3 1847504
482.8 1847204
483.3 1848044
483.8 1847056
484.3 1847372
484.8 1847720
485.3 1847544
485.8 1847484
486.3 1847736
486.8 1847528
487.3 1847356
487.8 1847276
488.3 1847592
488.8 1847624
489.3 1847592
489.8 1847388
490.3 1846976
490.8 1847344
491.3 1847496
491.8 1847152
492.3 1847420
492.8 1847484
493.3 1847500
493.8 1847404
494.3 1847544
494.8 1847656
495.3 1846852
495.8 1846932
496.3 1847152
496.8 1847576
497.3 1847452
497.8 1847656
498.3 1847544
498.8 1847544
499.3 1847704
499.8 1847624
500.3 1847752
500.8 1847608
501.3 1847632
501.8 1847236
502.3 1847300
502.8 1847648
503.3 1841684
503.8 1841684
504.3 1841684
504.8 1841684
505.3 1841684
505.8 1841652
506.3 1841652
506.8 1841652
507.3 1841652
507.8 1841684
508.4 1841684
508.9 1841684
509.4 1841684
509.9 1841684
510.4 1841652
510.9 1841652
511.4 1841652
511.9 1841652
512.4 1841652
512.9 1841652
513.4 1841652
513.9 1841652
514.4 1841652
514.9 1841652
515.5 1841652
516.0 1841684
516.5 1841684
517.0 1841684
517.5 1841684
518.0 1841684
518.5 1841684
519.0 1841684
519.6 1841684
520.1 1841652
520.6 1841652
521.1 1841652
521.6 1841652
522.1 1841652
522.6 1841652
523.1 1841684
523.6 1841684
524.1 1841684
524.6 1844080
525.1 1847616
525.6 1847664
526.1 1847740
526.6 1847564
527.1 1847236
527.6 1847080
528.1 1847032
528.6 1847284
529.1 1847332
529.6 1846796
530.1 1847108
530.6 1847048
531.1 1846700
531.6 1846860
532.1 1847508
532.6 1847616
533.1 1847584
533.6 1847504
534.1 1847300
534.6 1847616
535.1 1847616
535.6 1847220
536.1 1847728
536.6 1847916
537.1 1847472
537.6 1847076
538.1 1847316
538.6 1847616
539.1 1847488
539.6 1847428
540.1 1847540
540.6 1847348
541.1 1847568
541.6 1847804
542.1 1847616
542.6 1847632
543.1 1847332
543.6 1847348
544.1 1847220
544.6 1847364
545.1 1847348
545.6 1847300
546.1 1847096
546.6 1846916
547.1 1841620
547.6 1841620
548.2 1841588
548.7 1841588
549.2 1841588
549.7 1841652
550.2 1841652
550.7 1841652
551.2 1841652
551.8 1841652
552.3 1841652
552.8 1841652
553.3 1841620
553.8 1841620
554.3 1841620
554.8 1841620
555.3 1841620
555.9 1841620
556.4 1841620
556.9 1841620
557.4 1841620
557.9 1841652
558.4 1841652
559.0 1841652
559.5 1841652
560.0 1841652
560.5 1841652
561.0 1841652
561.5 1841652
562.0 1841652
562.5 1841652
563.0 1841620
563.5 1841620
564.0 1841620
564.5 1841620
565.0 1841652
565.5 1841652
566.0 1841652
566.5 1841652
567.0 1841652
567.5 1841652
568.0 1841620
568.6 1841620
569.1 1841620
569.6 1845204
570.1 1847244
570.6 1847608
571.1 1847388
571.6 1847528
572.1 1847184
572.6 1847844
573.1 1847180
573.6 1847324
574.1 1847340
574.6 1848380
575.1 1847704
575.6 1847212
576.1 1847624
576.6 1847672
577.1 1848264
577.6 1847292
578.1 1847420
578.6 1847452
579.1 1847544
579.6 1847576
580.1 1847136
580.6 1847404
581.1 1847372
581.6 1847244
582.1 1847544
582.6 1847640
583.1 1847640
583.6 1847324
584.1 1847544
584.6 1847608
585.1 1847784
585.6 1847324
586.1 1847544
586.6 1847496
587.1 1846992
587.6 1847308
588.1 1847372
588.6 1847388
589.1 1847260
589.6 1847436
590.1 1847276
590.6 1846976
591.1 1847528
591.6 1847688
592.1 1841440
592.6 1841440
593.1 1841440
593.6 1841440
594.1 1841440
594.6 1841440
595.1 1841408
595.6 1841408
596.1 1841408
596.6 1841408
597.1 1841408
597.7 1841408
598.2 1841440
598.7 1841440
599.2 1841440
599.7 1841440
600.2 1841408
600.8 1841408
601.3 1841408
601.8 1841408
602.3 1841408
602.8 1841408
603.3 1841408
603.8 1841408
604.3 1841376
604.8 1841376
605.3 1841376
605.8 1841376
606.3 1841440
606.8 1841440
607.3 1841440
607.8 1841440
608.4 1841440
608.9 1841440
609.4 1841408
609.9 1841408
610.4 1841408
610.9 1841408
611.4 1841408
611.9 1841408
612.4 1841408
612.9 1841408
613.4 1841472
613.9 1841440
614.4 1841440
614.9 1847672
615.4 1847316
615.9 1847276
616.4 1847148
616.9 1847544
617.4 1847356
617.9 1847496
618.4 1847876
618.9 1847340
619.4 1847624
619.9 1847372
620.4 1847412
620.9 1847460
621.4 1847332
621.9 1847444
622.4 1847616
622.9 1847472
623.4 1847648
623.9 1847428
624.4 1847600
624.9 1846904
625.4 1847600
625.9 1847568
626.4 1847348
626.9 1847380
627.4 1847236
627.9 1847632
628.4 1847884
628.9 1847632
629.4 1847428
629.9 1847332
630.4 1847348
630.9 1847284
631.4 1847396
631.9 1847680
632.4 1847300
632.9 1847476
633.4 1847316
633.9 1847696
634.4 1847616
634.9 1847600
635.4 1847268
635.9 1847584
636.4 1846512
636.9 1843224
638.1 1840768
640.9 1840768
641.4 1840768
642.5 1840768
644.4 1840768
644.9 1840768
647.1 1840768
650.1 1840736
651.5 1840736
653.2 1840736
655.2 1840768
656.4 1840768
657.0 1840768
658.9 1840768
659.5 1840768
660.0 1846820
660.5 1847192
661.0 1847000
661.5 1847316
662.0 1847472
662.5 1847520
663.0 1847460
663.5 1847332
664.0 1847268
664.5 1847268
665.0 1847252
665.5 1847284
666.0 1847332
666.5 1847552
667.0 1847520
667.5 1847488
668.0 1847252
668.5 1847300
669.0 1847300
669.5 1847348
670.0 1847268
670.5 1847236
671.0 1847284
671.5 1847380
672.0 1847268
672.5 1847568
673.0 1847520
673.5 1847488
674.0 1847836
674.5 1848072
675.0 1847732
675.5 1848068
676.0 1847688
676.5 1847388
677.0 1847292
677.5 1847276
678.0 1847388
678.5 1847340
679.0 1847168
679.5 1847640
680.0 1847276
680.5 1847372
681.0 1847372
681.5 1847608
682.0 1841596
682.5 1841564
683.6 1841564
684.1 1841564
685.4 1841564
687.3 1841564
689.5 1841564
691.4 1841564
692.3 1841564
693.7 1841532
695.3 1841532
697.2 1841596
699.1 1841596
699.7 1841596
700.3 1841596
702.2 1841596
702.8 1841596
703.5 1841564
704.5 1841564
705.0 1847200
705.5 1847152
706.0 1847528
706.5 1847544
707.0 1847672
707.5 1847528
708.0 1847624
708.5 1847496
709.0 1847496
709.5 1847308
710.0 1847372
710.5 1848020
711.0 1847624
711.5 1847592
712.0 1846884
712.5 1847296
713.0 1847292
713.5 1847276
714.0 1847624
714.5 1847404
715.0 1847608
715.5 1847420
716.0 1847276
716.5 1847624
717.0 1847764
717.5 1847292
718.0 1847560
718.5 1847372
719.0 1847752
719.5 1847260
720.0 1847244
720.5 1847308
721.0 1847168
721.5 1847388
722.0 1847308
722.5 1847496
723.0 1847276
723.5 1847324
724.0 1847136
724.5 1846756
725.0 1846552
725.5 1846884
726.0 1847008
726.5 1846836
728.6 1840928
729.1 1840928
729.6 1840928
731.5 1840960
732.0 1840960
732.7 1840960
734.3 1840960
735.6 1840960
738.9 1840928
742.5 1840928
744.3 1840928
745.9 1840928
746.5 1840928
747.0 1840928
748.0 1840928
749.5 1840928
750.0 1846732
750.5 1846560
751.0 1846828
751.5 1846812
752.0 1846892
752.5 1846844
753.0 1846764
753.5 1847052
754.0 1847032
754.5 1847332
755.0 1847300
755.5 1847348
756.0 1847380
756.5 1847568
757.0 1848088
757.5 1847644
758.0 1847204
758.5 1847728
759.0 1847536
759.5 1846984
760.0 1846876
760.5 1846780
761.0 1847348
761.5 1847348
762.0 1847364
762.5 1847284
763.0 1846656
763.5 1846860
764.0 1847032
764.5 1847316
765.0 1847884
765.5 1847112
766.0 1847048
766.5 1847236
767.0 1846876
767.5 1847080
768.0 1847096
768.5 1847080
769.0 1847000
769.5 1847380
770.0 1846968
770.5 1846828
771.0 1846924
771.5 1847096
773.3 1841544
774.7 1841544
777.0 1841512
778.8 1841512
780.9 1841512
785.2 1841512
787.5 1841512
793.7 1841512
794.2 1841512
794.7 1848176
795.2 1847496
795.7 1847276
796.2 1847480
796.7 1847640
797.2 1847308
797.7 1847340
798.2 1847404
798.7 1847576
799.2 1847244
799.7 1847556
800.2 1847516
800.7 1847276
801.2 1847720
801.7 1848112
802.2 1847592
802.7 1847432
803.2 1847528
803.7 1847308
804.2 1847228
804.7 1847016
805.2 1847204
805.7 1847380
806.2 1847584
806.7 1847444
807.2 1846876
807.7 1846828
808.2 1846480
808.7 1847080
809.2 1847992
809.7 1847264
810.2 1847696
810.7 1846732
811.2 1847380
811.7 1847600
812.2 1847568
812.7 1847504
813.2 1847220
813.7 1847348
814.2 1847048
814.7 1846664
815.2 1847348
815.7 1847332
816.2 1847444
816.7 1845028
817.5 1841240
818.0 1841240
822.0 1841240
822.8 1841240
824.7 1841240
826.3 1841240
829.7 1841240
831.5 1841272
832.0 1841272
833.8 1841272
834.9 1841272
838.5 1841272
839.5 1841272
840.0 1848404
840.5 1847452
841.0 1848048
841.5 1847748
842.0 1847924
842.5 1848140
843.0 1847752
843.5 1847796
844.0 1847372
844.5 1847324
845.0 1847356
845.5 1847544
846.0 1847544
846.5 1847608
847.0 1847560
847.5 1847624
848.0 1847356
848.5 1847276
849.0 1847608
849.5 1847480
850.0 1847576
850.5 1847592
851.0 1847528
851.5 1847672
852.0 1847324
852.5 1847372
853.0 1847196
853.5 1847404
854.0 1847292
854.5 1847372
855.0 1847356
855.5 1847484
856.0 1847244
856.5 1847292
857.0 1846884
857.5 1847184
858.0 1847640
858.5 1847452
859.0 1847608
859.5 1847512
860.0 1847868
860.5 1847852
861.0 1847916
861.5 1844308
862.3 1841700
863.0 1841700
864.9 1841700
866.7 1841700
867.4 1841668
869.3 1841668
871.2 1841668
873.4 1841668
873.9 1841668
875.9 1841700
878.0 1841700
879.8 1841668
880.5 1841668
881.6 1841668
882.4 1841668
882.9 1841668
884.5 1841668
885.0 1846724
885.5 1847520
886.0 1847160
886.5 1847064
887.0 1847016
887.5 1847112
888.0 1847536
888.5 1848272
889.0 1847868
889.5 1847316
890.0 1847492
890.5 1847724
891.0 1847664
891.5 1847268
892.0 1847284
892.5 1847268
893.0 1847252
893.5 1846748
894.0 1846968
894.5 1847176
895.0 1847032
895.5 1847428
896.0 1847172
896.5 1847348
897.0 1847156
897.5 1847380
898.0 1847648
898.5 1847648
899.0 1847600
899.5 1847032
900.0 1847316
900.5 1847552
901.0 1847204
901.5 1847520
902.0 1847552
902.5 1847456
903.0 1847348
903.5 1847176
904.0 1847300
904.5 1847836
905.0 1847408
905.5 1847476
906.0 1847696
906.5 1847632
907.0 1841240
910.0 1841240
911.0 1841240
911.6 1841240
913.6 1841240
915.4 1841272
917.0 1841272
917.5 1841272
919.3 1841272
919.8 1841272
921.6 1841272
923.5 1841272
925.3 1841272
926.5 1841240
928.4 1841240
929.5 1841240
930.0 1847752
930.5 1847388
931.0 1847068
931.5 1847480
932.0 1847228
932.5 1847544
933.0 1847308
933.5 1847512
934.0 1847308
934.5 1847228
935.0 1847632
935.5 1847836
936.0 1847372
936.5 1847560
937.0 1847496
937.5 1847560
938.0 1848256
938.5 1847608
939.0 1847528
939.5 1848048
940.0 1847372
940.5 1847388
941.0 1847608
941.5 1847404
942.0 1847592
942.5 1846616
943.0 1846772
943.5 1846996
944.0 1846836
944.5 1847452
945.0 1847168
945.5 1847592
946.0 1847624
946.5 1847736
947.0 1847468
947.5 1847008
948.0 1847276
948.5 1847040
949.0 1847104
949.5 1847008
950.0 1846868
950.5 1846884
951.0 1846692
951.5 1847024
953.5 1841360
954.0 1841360
956.1 1841424
958.3 1841424
959.1 1841424
962.6 1841424
963.1 1841424
963.6 1841392
965.4 1841392
966.2 1841392
967.8 1841392
969.7 1841392
971.3 1841392
974.5 1841392
975.0 1847000
975.5 1847172
976.0 1847520
976.5 1847228
977.0 1847608
977.5 1847684
978.0 1847356
978.5 1847404
979.0 1847228
979.5 1847464
980.0 1847804
980.5 1847456
981.0 1847596
981.5 1847364
982.0 1847268
982.5 1847252
983.0 1847412
983.5 1847128
984.0 1847364
984.5 1847172
985.0 1847316
985.5 1847632
986.0 1847568
986.5 1847772
987.0 1847332
987.5 1847268
988.0 1847112
988.5 1846592
989.0 1846860
989.5 1847204
990.0 1847080
990.5 1847128
991.0 1847584
991.5 1847648
992.0 1847584
992.5 1847600
993.0 1847504
993.5 1847772
994.0 1847584
994.5 1847252
995.0 1847456
995.5 1847616
996.0 1847616
996.5 1847724
997.1 1841556
998.2 1841556
998.7 1841556
1000.0 1841524
1002.7 1841524
1004.6 1841524
1008.3 1841556
1010.1 1841556
1011.0 1841556
1011.6 1841556
1013.4 1841524
1014.9 1841524
1016.0 1841524
1017.4 1841524
1018.3 1841524
1019.5 1841524
1020.0 1847504
1020.5 1847504
1021.0 1847632
1021.5 1846876
1022.0 1847568
1022.5 1847552
1023.0 1847868
1023.5 1847444
1024.0 1847520
1024.5 1847172
1025.0 1847284
1025.5 1847760
1026.0 1847316
1026.5 1846700
1027.0 1846448
1027.5 1846464
1028.0 1846496
1028.5 1846576
1029.0 1846260
1029.5 1846324
1030.0 1846700
1030.5 1847016
1031.0 1847252
1031.5 1847884
1032.0 1847520
1032.5 1847220
1033.0 1847380
1033.5 1846860
1034.0 1847268
1034.5 1847188
1035.0 1847504
1035.5 1848100
1036.0 1847488
1036.5 1847284
1037.0 1847584
1037.5 1847744
1038.0 1847536
1038.5 1847268
1039.0 1847900
1039.5 1847568
1040.0 1847600
1040.5 1847488
1041.0 1847568
1041.5 1847600
1042.8 1841764
1045.0 1841764
1045.6 1841764
1046.1 1841764
1049.5 1841764
1050.0 1841764
1052.7 1841732
1053.7 1841732
1056.0 1841732
1058.3 1841732
1060.1 1841764
1060.7 1841764
1062.5 1841764
1063.5 1841732
1064.5 1841732
1065.0 1847380
1065.5 1847556
1066.0 1847112
1066.5 1847464
1067.0 1847244
1067.5 1847544
1068.0 1847624
1068.5 1847352
1069.0 1847436
1069.5 1847768
1070.0 1847576
1070.5 1846868
1071.0 1846804
1071.5 1847072
1072.0 1848188
1072.5 1848656
1073.0 1847648
1073.5 1847584
1074.0 1847300
1074.5 1847632
1075.0 1847504
1075.5 1847504
1076.0 1847316
1076.5 1847680
1077.0 1847332
1077.5 1847284
1078.0 1847772
1078.5 1847568
1079.0 1847520
1079.5 1847476
1080.0 1847788
1080.5 1847584
1081.0 1848232
1081.5 1847568
1082.0 1847680
1082.5 1847412
1083.0 1847284
1083.5 1847444
1084.0 1847648
1084.5 1847600
1085.0 1847580
1085.5 1847612
1086.0 1847488
1086.5 1847184
1087.0 1841444
1087.5 1841476
1088.7 1841476
1091.3 1841472
1091.8 1841472
1093.7 1841472
1094.6 1841472
1096.4 1841472
1096.9 1841472
1099.0 1841440
1099.5 1841440
1100.1 1841440
1104.2 1841440
1104.8 1841472
1105.8 1841472
1107.4 1841472
1108.8 1841440
1109.5 1841440
1110.0 1847364
1110.5 1847252
1111.0 1847520
1111.5 1847536
1112.0 1847552
1112.5 1847696
1113.0 1847600
1113.5 1847472
1114.0 1847332
1114.5 1847520
1115.0 1847320
1115.5 1847904
1116.0 1847320
1116.5 1847604
1117.0 1847500
1117.5 1847012
1118.0 1846948
1118.5 1847392
1119.0 1847248
1119.5 1847468
1120.0 1847608
1120.5 1847688
1121.0 1847640
1121.5 1847496
1122.0 1847356
1122.5 1847324
1123.0 1848000
1123.5 1848124
1124.0 1847828
1124.5 1847388
1125.0 1848564
1125.5 1848112
1126.0 1847748
1126.5 1847656
1127.0 1847372
1127.5 1847640
1128.0 1847484
1128.5 1847924
1129.0 1847340
1129.5 1847528
1130.0 1847760
1130.5 1847080
1131.0 1846952
1131.5 1847300
1132.0 1841500
1134.0 1841500
1134.6 1841500
1136.6 1841500
1137.3 1841500
1137.8 1841500
1138.6 1841500
1139.4 1841532
1140.7 1841532
1142.5 1841532
1143.1 1841532
1144.0 1841532
1145.2 1841532
1147.2 1841532
1150.4 1841500
1151.3 1841500
1151.9 1841500
1154.5 1841500
1155.0 1847828
1155.5 1847460
1156.0 1847624
1156.5 1847780
1157.0 1847400
1157.5 1847796
1158.0 1847608
1158.5 1847008
1159.0 1847008
1159.5 1847764
1160.0 1847596
1160.5 1847408
1161.0 1847452
1161.5 1847388
1162.0 1847500
1162.5 1847612
1163.0 1847880
1163.5 1847660
1164.0 1847280
1164.5 1847472
1165.0 1847880
1165.5 1847832
1166.0 1847672
1166.5 1847676
1167.0 1847392
1167.5 1847248
1168.0 1847424
1168.5 1846936
1169.0 1846540
1169.5 1846996
1170.0 1846856
1170.5 1847344
1171.0 1847360
1171.5 1847280
1172.0 1847312
1172.5 1847596
1173.0 1847516
1173.5 1847676
1174.0 1847548
1174.5 1847748
1175.0 1847308
1175.5 1847544
1176.0 1847308
1176.5 1847244
1177.0 1841540
1178.8 1841604
1180.4 1841604
1180.9 1841604
1181.6 1841604
1184.8 1841604
1188.3 1841572
1192.2 1841572
1195.0 1841572
1197.8 1841572
1199.5 1841572
1200.0 1847356
1200.5 1847340
1201.0 1847244
1201.5 1847576
1202.0 1847528
1202.5 1847340
1203.0 1847340
1203.5 1846928
1204.0 1847480
1204.5 1847244
1205.0 1847568
1205.5 1847220
1206.0 1847440
1206.5 1847456
1207.0 1847300
1207.5 1847616
1208.0 1847568
1208.5 1847520
1209.0 1847332
1209.5 1847552
1210.0 1848900
1210.5 1847664
1211.0 1848008
1211.5 1847408
1212.0 1847428
1212.5 1847392
1213.0 1847536
1213.5 1847488
1214.0 1847520
1214.5 1847032
1215.0 1847300
1215.5 1847632
1216.0 1847616
1216.5 1847616
1217.0 1847412
1217.5 1847176
1218.0 1847064
1218.5 1847144
1219.0 1847112
1219.5 1847412
1220.0 1847860
1220.5 1847420
1221.0 1847624
1221.5 1847688
1222.0 1843848
1222.5 1841732
1224.5 1841732
1225.8 1841732
1226.3 1841700
1226.8 1841700
1227.3 1841700
1227.8 1841700
1228.5 1841700
1230.7 1841700
1232.2 1841700
1232.9 1841732
1234.8 1841732
1235.7 1841700
1239.6 1841700
1242.7 1841700
1243.2 1841700
1243.9 1841700
1244.5 1841700
1245.0 1847744
1245.5 1847536
1246.0 1847916
1246.5 1847760
1247.0 1847316
1247.5 1847632
1248.0 1847916
1248.5 1847488
1249.0 1847584
1249.5 1847712
1250.0 1847456
1250.5 1847696
1251.0 1847472
1251.5 1847300
1252.0 1847664
1252.5 1847552
1253.0 1847332
1253.5 1847316
1254.0 1847568
1254.5 1847664
1255.0 1847648
1255.5 1847488
1256.0 1847488
1256.5 1847776
1257.0 1847744
1257.5 1847552
1258.0 1847676
1258.5 1847600
1259.0 1847584
1259.5 1847616
1260.0 1847472
1260.5 1847252
1261.0 1847128
1261.5 1847000
1262.0 1847144
1262.5 1847048
1263.0 1847616
1263.5 1847284
1264.0 1847552
1264.5 1847632
1265.0 1847696
1265.5 1847616
1266.0 1847556
1266.5 1847396
1267.0 1841148
1267.5 1841148
1268.1 1841148
1269.8 1841116
1270.8 1841116
1272.5 1841116
1275.0 1841116
1275.5 1841116
1276.0 1841116
1277.9 1841148
1279.0 1841148
1280.2 1841116
1282.0 1841116
1284.1 1841116
1285.2 1841116
1287.2 1841116
1289.0 1841116
1289.5 1841116
1290.0 1847264
1290.5 1847240
1291.0 1847216
1291.5 1847236
1292.0 1847632
1292.5 1847536
1293.0 1847316
1293.5 1847632
1294.0 1847128
1294.5 1847128
1295.0 1847316
1295.5 1847520
1296.0 1847444
1296.5 1847048
1297.0 1847428
1297.5 1847680
1298.0 1847552
1298.5 1847332
1299.0 1846968
1299.5 1847016
1300.0 1847284
1300.5 1847568
1301.0 1847632
1301.5 1847236
1302.0 1847568
1302.5 1847568
1303.0 1847428
1303.5 1847552
1304.0 1847364
1304.5 1847364
1305.0 1847300
1305.5 1847600
1306.0 1847520
1306.5 1847648
1307.0 1847616
1307.5 1847176
1308.0 1847096
1308.5 1847508
1309.0 1847252
1309.5 1847364
1310.0 1848428
1310.5 1848276
1311.0 1848268
1311.5 1847372
1312.0 1841844
1312.7 1841812
1314.4 1841812
1316.3 1841812
1318.9 1841812
1321.8 1841812
1323.5 1841812
1324.9 1841812
1326.9 1841780
1327.5 1841780
1328.0 1841780
1328.5 1841780
1329.0 1841844
1330.8 1841844
1334.0 1841844
1334.5 1841844
1335.0 1847324
1335.5 1847228
1336.0 1847324
1336.5 1847656
1337.0 1847276
1337.5 1847308
1338.0 1847340
1338.5 1847024
1339.0 1847372
1339.5 1847448
1340.0 1847680
1340.5 1847380
1341.0 1847268
1341.5 1846840
1342.0 1847460
1342.5 1847348
1343.0 1847552
1343.5 1847616
1344.0 1847204
1344.5 1847632
1345.0 1847064
1345.5 1846844
1346.0 1846780
1346.5 1846748
1347.0 1846808
1347.5 1847176
1348.0 1847360
1348.5 1847300
1349.0 1847632
1349.5 1847568
1350.0 1847624
1350.5 1847324
1351.0 1847576
1351.5 1847656
1352.0 1847480
1352.5 1847544
1353.0 1847464
1353.5 1847512
1354.0 1847560
1354.5 1847324
1355.0 1847256
1355.5 1846952
1356.0 1846796
1356.5 1847176
1357.0 1841100
1357.5 1841100
1358.0 1841100
1359.3 1841068
1359.8 1841068
1360.3 1841068
1360.9 1841068
1362.1 1841068
1364.2 1841068
1365.5 1841068
1366.1 1841068
1367.4 1841100
1369.2 1841100
1372.2 1841100
1375.5 1841100
1377.2 1841100
1379.0 1841100
1379.5 1841100
1380.0 1846860
1380.5 1847828
1381.0 1847308
1381.5 1847608
1382.0 1847340
1382.5 1847244
1383.0 1847356
1383.5 1848036
1384.0 1847292
1384.5 1846976
1385.0 1847460
1385.5 1847536
1386.0 1847680
1386.5 1847632
1387.0 1847300
1387.5 1847680
1388.0 1847284
1388.5 1847916
1389.0 1847268
1389.5 1847252
1390.0 1847680
1390.5 1847568
1391.0 1847504
1391.5 1847916
1392.0 1847632
1392.5 1847504
1393.0 1847252
1393.5 1847396
1394.0 1847300
1394.5 1847476
1395.0 1847252
1395.5 1847268
1396.0 1846876
1396.5 1846892
1397.0 1846876
1397.5 1846892
1398.0 1846592
1398.5 1846560
1399.0 1846924
1399.5 1846924
1400.0 1847536
1400.5 1847396
1401.0 1847632
1401.5 1847568
1402.1 1841208
1404.3 1841208
1404.8 1841208
1406.5 1841240
1408.7 1841240
1409.7 1841240
1411.5 1841208
1413.3 1841208
1415.6 1841208
1416.3 1841208
1417.3 1841208
1419.6 1841208
1421.5 1841208
1424.5 1841208
1425.0 1847648
1425.5 1847712
1426.0 1847964
1426.5 1847804
1427.0 1847664
1427.5 1847836
1428.0 1847536
1428.5 1847492
1429.0 1847712
1429.5 1847600
1430.0 1847852
1430.5 1847372
1431.0 1846976
1431.5 1847244
1432.0 1847656
1432.5 1847336
1433.0 1847372
1433.5 1847448
1434.0 1847860
1434.5 1847340
1435.0 1847576
1435.5 1847800
1436.0 1847436
1436.5 1847560
1437.0 1847576
1437.5 1847528
1438.0 1847704
1438.5 1847656
1439.0 1846848
1439.5 1847764
1440.0 1847624
1440.5 1847436
1441.0 1847388
1441.5 1847088
1442.0 1847308
1442.5 1847388
1443.0 1847640
1443.5 1847592
1444.0 1847556
1444.5 1847764
1445.0 1847892
1445.5 1848032
1446.0 1847656
1446.5 1847512
1448.6 1841612
1450.7 1841612
1451.8 1841580
1452.8 1841580
1453.3 1841580
1453.9 1841580
1457.5 1841612
1458.5 1841612
1460.6 1841612
1461.9 1841612
1464.0 1841580
1468.5 1841580
1469.0 1841580
1469.5 1841580
1470.0 1847512
1470.5 1847436
1471.0 1847700
1471.5 1847196
1472.0 1847096
1472.5 1847004
1473.0 1847000
1473.5 1847252
1474.0 1847528
1474.5 1847304
1475.0 1847624
1475.5 1847496
1476.0 1847528
1476.5 1847148
1477.0 1846772
1477.5 1846756
1478.0 1847388
1478.5 1847496
1479.0 1847448
1479.5 1847624
1480.0 1847736
1480.5 1847404
1481.0 1847592
1481.5 1847544
1482.0 1847624
1482.5 1847544
1483.0 1847592
1483.5 1847276
1484.0 1847292
1484.5 1847244
1485.0 1847972
1485.5 1847592
1486.0 1847624
1486.5 1847660
1487.0 1847348
1487.5 1847568
1488.0 1847300
1488.5 1847268
1489.0 1847316
1489.5 1847412
1490.0 1847704
1490.5 1848080
1491.0 1847480
1491.5 1847656
1492.0 1841340
1492.9 1841372
1493.7 1841372
1495.4 1841372
1497.5 1841372
1499.3 1841340
1500.9 1841340
1502.7 1841340
1504.5 1841340
1505.3 1841340
1506.2 1841340
1508.6 1841340
1509.1 1841340
1512.6 1841372
1514.4 1841372
1514.9 1847648
1515.4 1847680
1515.9 1847804
1516.4 1847600
1516.9 1847444
1517.4 1847616
1517.9 1847372
1518.4 1847280
1518.9 1847484
1519.4 1847512
1519.9 1847512
1520.4 1847624
1520.9 1847356
1521.4 1847324
1521.9 1847784
1522.4 1847560
1522.9 1847324
1523.4 1847308
1523.9 1847388
1524.4 1847292
1524.9 1847252
1525.4 1847520
1525.9 1847616
1526.4 1847284
1526.9 1847900
1527.4 1847584
1527.9 1847016
1528.4 1847096
1528.9 1847032
1529.4 1847032
1529.9 1847128
1530.4 1847732
1530.9 1847452
1531.4 1847608
1531.9 1847544
1532.4 1847324
1532.9 1847432
1533.4 1847720
1533.9 1847688
1534.4 1848112
1534.9 1847696
1535.4 1847332
1535.9 1847616
1536.4 1847744
1536.9 1841112
1539.2 1841112
1541.2 1841112
1543.1 1841112
1544.1 1841112
1545.1 1841112
1545.6 1841112
1546.3 1841112
1548.1 1841080
1550.0 1841080
1550.5 1841144
1552.3 1841144
1556.5 1841144
1557.7 1841144
1559.5 1841144
1560.0 1847300
1560.5 1847472
1561.0 1847600
1561.5 1847424
1562.0 1847616
1562.5 1847252
1563.0 1847536
1563.5 1847600
1564.0 1847536
1564.5 1847536
1565.0 1847796
1565.5 1847512
1566.0 1847624
1566.5 1847480
1567.0 1847652
1567.5 1847528
1568.0 1847956
1568.5 1847732
1569.0 1847400
1569.5 1847460
1570.0 1847504
1570.5 1847804
1571.0 1847536
1571.5 1847756
1572.0 1847016
1572.5 1847380
1573.0 1847616
1573.5 1847456
1574.0 1847568
1574.5 1847444
1575.0 1846892
1575.5 1847552
1576.0 1847504
1576.5 1847632
1577.0 1847316
1577.5 1847424
1578.0 1847852
1578.5 1847584
1579.0 1847948
1579.5 1847740
1580.0 1847812
1580.5 1847608
1581.0 1847956
1581.5 1847480
1582.1 1841156
1583.9 1841220
1584.5 1841220
1585.0 1841220
1586.4 1841220
1587.2 1841220
1589.0 1841220
1589.5 1841220
1590.2 1841220
1590.7 1841188
1591.2 1841188
1591.7 1841188
1592.2 1841188
1592.7 1841188
1593.3 1841188
1593.8 1841188
1594.4 1841220
1594.9 1841188
1595.4 1841188
1595.9 1841188
1596.4 1841188
1597.0 1841188
1597.5 1841188
1598.0 1841188
1598.5 1841188
1599.0 1841188
1599.5 1841156
1600.0 1841156
1600.5 1841156
1601.0 1841220
1601.5 1841220
1602.0 1841220
1602.5 1841220
1603.0 1841220
1603.5 1841220
1604.0 1841220
1604.5 1841188
1605.0 1841188
1605.5 1847396
1606.0 1847600
1606.5 1847552
1607.0 1847788
1607.5 1847456
1608.0 1847584
1608.5 1847488
1609.0 1847692
1609.5 1847284
1610.0 1847380
1610.5 1847512
1611.0 1847576
1611.5 1847800
1612.0 1847784
1612.5 1846844
1613.0 1846864
1613.5 1846944
1614.0 1847404
1614.5 1847340
1615.0 1847544
1615.5 1847876
1616.0 1847560
1616.5 1847656
1617.0 1847528
1617.5 1848036
1618.0 1847420
1618.5 1847528
1619.0 1847136
1619.5 1847184
1620.0 1847248
1620.5 1847372
1621.0 1847352
1621.5 1847496
1622.0 1847688
1622.5 1847276
1623.0 1847308
1623.5 1847388
1624.0 1847640
1624.5 1847512
1625.0 1847200
1625.5 1847388
1626.0 1847576
1626.5 1847768
1627.0 1847372
1627.5 1841596
1628.0 1841596
1628.5 1841596
1629.0 1841564
1629.5 1841628
1630.0 1841628
1630.6 1841628
1631.2 1841628
1631.7 1841628
1632.2 1841628
1632.7 1841628
1633.2 1841628
1633.7 1841596
1634.2 1841596
1634.7 1841596
1635.2 1841596
1635.7 1841596
1636.2 1841596
1636.8 1841596
1637.3 1841596
1637.8 1841628
1638.3 1841596
1638.8 1841596
1639.3 1841596
1639.8 1841596
1640.3 1841596
1640.8 1841596
1641.3 1841596
1641.8 1841596
1642.3 1841596
1642.8 1841596
1643.3 1841596
1643.8 1841564
1644.3 1841628
1644.8 1841628
1645.3 1841628
1645.8 1841628
1646.4 1841628
1646.9 1841628
1647.4 1841628
1647.9 1841596
1648.4 1841596
1648.9 1841596
1649.4 1841596
1649.9 1847332
1650.4 1847172
1650.9 1847300
1651.4 1847300
1651.9 1847284
1652.4 1847188
1652.9 1847348
1653.4 1847252
1653.9 1847188
1654.4 1847124
1654.9 1847364
1655.4 1847644
1655.9 1847680
1656.4 1847520
1656.9 1847708
1657.4 1847568
1657.9 1847520
1658.4 1847504
1658.9 1847632
1659.4 1847220
1659.9 1847252
1660.4 1847412
1660.9 1847332
1661.4 1847136
1661.9 1847788
1662.4 1847408
1662.9 1847332
1663.4 1847284
1663.9 1847284
1664.4 1847552
1664.9 1847472
1665.4 1847600
1665.9 1846952
1666.4 1847412
1666.9 1847380
1667.4 1847396
1667.9 1847476
1668.4 1847176
1668.9 1847144
1669.4 1847000
1669.9 1846716
1670.4 1847064
1670.9 1846716
1671.4 1847728
1671.9 1841908
1672.4 1841708
1672.9 1841708
1673.4 1841708
1673.9 1841708
1674.4 1841708
1674.9 1841708
1675.4 1841708
1675.9 1841676
1676.4 1841676
1676.9 1841676
1677.4 1841676
1677.9 1841676
1678.4 1841676
1678.9 1841676
1679.4 1841676
1679.9 1841708
1680.4 1841708
1680.9 1841676
1681.4 1841760
1681.9 1843352
1682.5 1845888
1683.0 1846644
1683.5 1847904
1684.0 1849196
1684.5 1849952
1685.0 1850708
1685.5 1851180
1686.0 1851936
1686.5 1848344
1687.1 1849648
1687.6 1851516
1688.1 1852524
1688.6 1853028
1689.1 1853784
1689.6 1854288
1690.1 1854508
1690.6 1855012
1691.1 1855264
1691.6 1856644
1692.1 1855116
1692.6 1856268
1693.1 1856804
1693.6 1857600
1694.2 1857632
1694.7 1857672
1695.2 1857672
1695.7 1857672
1696.2 1859788
1696.7 1859788
1697.2 1859780
1697.7 1860356
1698.2 1860940
1698.7 1863692
1699.2 1863004
1699.7 1862708
1700.2 1863196
1700.7 1862804
1701.2 1862576
1701.7 1862648
1702.2 1862744
1702.7 1863436
1703.2 1863460
1703.7 1862588
1704.2 1862640
1704.7 1862560
1705.2 1862848
1705.7 1862432
1706.2 1863212
1706.7 1863152
1707.2 1863144
1707.7 1862988
1708.2 1862988
1708.7 1862956
1709.2 1862956
1709.7 1863036
1710.2 1862756
1710.7 1863104
1711.2 1863288
1711.7 1864244
1712.2 1863956
1712.7 1863040
1713.2 1862736
1713.7 1863192
1714.2 1862788
1714.7 1862248
1715.2 1863912
1715.7 1864160
1716.2 1864156
1716.7 1864092
1717.2 1863900
1717.7 1864148
1718.2 1864368
1718.7 1864660
1719.2 1865488
1719.7 1866292
1720.2 1866568
1720.7 1867092
1721.2 1864044
1721.7 1862832
1722.2 1862364
1722.7 1862164
1723.2 1861636
1723.7 1861352
1724.2 1860288
1724.7 1861060
1725.2 1862556
1725.7 1861776
1726.2 1862120
1726.7 1861344
1727.2 1862544
1727.7 1861120
1728.2 1862452
1728.7 1849376
1729.2 1849588
1729.7 1848524
1730.2 1848360
1730.7 1851100
1731.4 1850472
1731.9 1850332
1732.4 1850968
1732.9 1850912
1733.4 1849096
1733.9 1848544
1734.4 1848448
1734.9 1848508
1735.4 1848300
1735.9 1848252
1736.4 1848348
1736.9 1848820
1737.4 1849364
1737.9 1851416
1738.4 1852028
1738.9 1852312
1739.4 1852688
1739.9 1854000
1740.4 1854044
1740.9 1854144
1741.4 1855256
1741.9 1854240
1742.4 1854644
1742.9 1856484
1743.4 1856632
1743.9 1856340
1744.4 1855916
1744.9 1856564
1745.4 1855796
1745.9 1855788
1746.4 1856324
1746.9 1850120
1747.4 1848652
1747.9 1848604
1748.4 1848644
1748.9 1848160
1749.4 1848612
1749.9 1848576
1750.4 1849848
1750.9 1850276
1751.4 1849620
1751.9 1849004
1752.4 1849180
1752.9 1849132
1753.4 1849076
1753.9 1848520
1754.4 1848136
1754.9 1842728
1755.4 1842728
1755.9 1842728
1756.4 1842728
1756.9 1842728
1757.4 1842728
1758.0 1842680
1758.5 1842680
1759.0 1842680
1759.5 1842680
1760.0 1842676
1760.5 1842676
1761.0 1842676
1761.5 1842740
1762.0 1842708
1762.5 1842708
1763.0 1842708
1763.5 1842708
1764.0 1842708
1764.5 1842708
1765.0 1842708
1765.5 1842708
1766.0 1842836
1766.5 1842708
1767.0 1842708
1767.5 1842708
1768.0 1842676
1768.5 1842676
1769.0 1842676
1769.5 1842676
1770.0 1842676
1770.5 1842676
1771.0 1842676
1771.5 1842676
1772.0 1842644
1772.5 1842644
1773.0 1842644
1773.5 1842644
1774.0 1842644
1774.5 1842644
1775.0 1842644
1775.5 1842644
1776.0 1842612
1776.5 1842676
1777.0 1842676
1777.5 1842676
1778.0 1842676
1778.5 1842676
1779.0 1842676
1779.5 1842676
1780.0 1842676
1780.5 1842676
1781.0 1842676
1781.5 1842644
1782.0 1842644
1782.5 1842644
1783.0 1842644
1783.5 1842644
1784.0 1842676
1784.5 1842676
1785.0 1842676
1785.5 1842644
1786.1 1842644
1786.6 1842644
1787.1 1842644
1787.6 1842644
1788.1 1842644
1788.6 1842644
1789.2 1842644
1789.7 1842644
1790.2 1842612
1790.7 1842612
1791.2 1842676
1791.7 1842676
1792.2 1842676
1792.7 1842676
1793.2 1842676
1793.7 1842676
1794.2 1842676
1794.7 1842676
1795.2 1842676
1795.7 1842644
1796.2 1842644
1796.7 1842644
1797.2 1842644
1797.7 1842644
1798.3 1842644
1798.8 1842644
1799.3 1842676
1799.8 1842644
1800.3 1842644
1800.8 1842644
1801.3 1842644
1801.8 1842644
1802.3 1842644
1802.8 1842644
1803.3 1842644
1803.8 1842644
1804.3 1842612
1804.8 1842612
1805.3 1842612
1805.8 1842612
1806.3 1842676
1806.8 1842676
1807.3 1842676
1807.8 1842676
1808.3 1842676
1808.8 1842676
1809.3 1842644
1809.8 1842644
1810.4 1842644
1810.9 1842644
1811.5 1842644
1812.1 1842644
1812.6 1842644
1813.1 1842644
1813.6 1842676
1814.1 1842424
1814.6 1842424
1815.1 1842424
1815.6 1842424
1816.1 1840660
1816.6 1840660
1817.1 1840660
1817.6 1840660
1818.1 1840660
1818.6 1840628
1819.1 1840628
1819.6 1840628
1820.1 1840628
1820.6 1840628
1821.1 1840660
1821.6 1840660
1822.1 1840660
1822.6 1840660
1823.1 1840628
1823.6 1840628
1824.1 1840628
1824.6 1840628
1825.1 1840628
1825.6 1840628
1826.1 1840628
1826.6 1840628
1827.1 1840628
1827.6 1840596
1828.1 1840660
1828.6 1840660
1829.1 1840660
1829.6 1840660
1830.1 1840660
1830.6 1840660
1831.1 1840660
1831.6 1840660
1832.1 1840660
1832.6 1840660
1833.1 1840660
1833.7 1840628
1834.2 1840628
1834.7 1840628
1835.2 1840628
1835.7 1840660
1836.2 1840660
1836.7 1840660
1837.2 1840628
1837.7 1840628
1838.2 1840628
1838.7 1840628
1839.3 1840628
1839.8 1840628
1840.3 1840628
1840.9 1840628
1841.5 1840628
1842.0 1840628
1842.5 1840596
1843.0 1840596
1843.5 1840660
1844.0 1840660
1844.5 1840660
1845.0 1840660
1845.5 1840660
1846.0 1840660
1846.5 1840660
1847.0 1840660
1847.5 1840628
1848.0 1840628
1848.5 1840628
1849.0 1840628
1849.5 1840628
1850.0 1840628
1850.5 1840660
1851.0 1840660
1851.5 1840628
1852.0 1840628
1852.5 1840628
1853.0 1840628
1853.5 1840628
1854.0 1840628
1854.5 1840628
1855.0 1840628
1855.5 1840628
1856.0 1840628
1856.5 1840628
1857.0 1840628
1857.5 1840596
1858.0 1840660
1858.5 1840660
1859.0 1840660
1859.5 1840660
1860.0 1840660
1860.5 1840660
1861.0 1840628
1861.5 1840628
1862.0 1840628
1862.6 1840628
1863.1 1840628
1863.6 1840628
1864.1 1840628
1864.6 1840628
1865.1 1840628
1865.6 1840660
1866.1 1840660
1866.6 1840660
1867.1 1840660
1867.6 1840660
1868.1 1840660
1868.6 1840660
1869.1 1840660
1869.6 1840660
1870.1 1840660
1870.6 1840628
1871.1 1840628
1871.6 1840628
1872.1 1840628
1872.6 1840628
1873.1 1840628
1873.6 1840628
1874.1 1840660
1874.7 1840660
1875.2 1840628
1875.7 1840628
1876.2 1840628
1876.7 1840628
1877.2 1840628
1877.7 1840628
1878.2 1840628
1878.7 1840628
1879.2 1840628
1879.7 1840596
1880.2 1840660
1880.7 1840660
1881.2 1840660
1881.7 1840660
1882.2 1840660
1882.7 1840660
1883.2 1840660
1883.7 1840660
1884.2 1840628
1884.7 1840628
1885.2 1840628
1885.7 1840628
1886.2 1840628
1886.7 1840628
1887.2 1840628
1887.7 1840660
1888.3 1840660
1888.8 1840660
1889.3 1840660
1889.8 1840628
1890.3 1840628
1890.9 1840628
1891.4 1840628
1891.9 1840628
1892.4 1840628
1893.0 1840628
1893.5 1840628
1894.0 1840628
1894.5 1840596
1895.0 1840660
1895.5 1840660
1896.0 1840660
1896.5 1840660
1897.0 1840660
1897.5 1840660
1898.0 1840660
1898.5 1840628
1899.0 1840628
1899.5 1840628
1900.0 1840628
1900.5 1840628
1901.0 1840628
1901.5 1840628
1902.0 1840628
1902.5 1840660
1903.0 1840660
1903.5 1840628
1904.1 1840628
1904.7 1840628
1905.2 1840628
1905.7 1840628
1906.2 1840628
1906.7 1840628
1907.2 1840628
1907.7 1840628
1908.2 1840628
1908.7 1840596
1909.2 1840596
1909.7 1840596
1910.3 1840596
1910.8 1840660
1911.3 1840660
1911.8 1840660
1912.3 1840660
1912.8 1840660
1913.3 1840660
1913.8 1840660
1914.3 1840628
1914.8 1840628
1915.3 1840628
1915.8 1840628
1916.3 1840628
1916.8 1840628
1917.3 1840692
1917.8 1840660
1918.3 1840660
1918.8 1840660
1919.3 1840660
1919.8 1840660
1920.3 1840660
1920.8 1840660
1921.3 1840660
1921.8 1840660
1922.3 1840660
1922.8 1840628
1923.3 1840628
1923.8 1840628
1924.3 1840628
1924.8 1840628
1925.3 1840628
1925.8 1840628
1926.3 1840660
1926.8 1840628
1927.3 1840628
1927.8 1840628
1928.3 1840628
1928.8 1840628
1929.3 1840628
1929.8 1840628
1930.3 1840628
1930.8 1840628
1931.3 1840628
1931.8 1840596
1932.3 1840660
1932.8 1840660
1933.3 1840660
1933.8 1840660
1934.3 1840660
1934.8 1840660
1935.3 1840660
1935.8 1840660
1936.3 1840628
1936.8 1840628
1937.3 1840628
1937.8 1840628
1938.4 1840628
1938.9 1840628
1939.4 1840660
1939.9 1840660
1940.4 1840660
1940.9 1840628
1941.4 1840628
1941.9 1840628
1942.4 1840628
1942.9 1840628
1943.4 1840628
1943.9 1840628
1944.4 1840628
1944.9 1840628
1945.4 1840628
1945.9 1840628
1946.5 1840596
1947.0 1840660
1947.5 1840660
1948.0 1840660
1948.5 1840660
1949.0 1840660
1949.5 1840660
1950.0 1840660
1950.5 1840628
1951.0 1840628
1951.5 1840628
1952.0 1840628
1952.5 1840628
1953.0 1840628
1953.5 1840628
1954.0 1840628
1954.5 1840660
1955.0 1840628
1955.5 1840628
1956.0 1840628
1956.5 1840628
1957.0 1840628
1957.5 1840628
1958.0 1840628
1958.5 1840628
1959.0 1840628
1959.5 1840628
1960.1 1840596
1960.6 1840596
1961.1 1840596
1961.6 1840596
1962.1 1840660
1962.6 1840660
1963.1 1840660
1963.6 1840660
1964.1 1840660
1964.6 1840628
1965.1 1840628
1965.6 1840628
1966.1 1840628
1966.6 1840628
1967.1 1840628
1967.6 1840628
1968.1 1840628
1968.6 1840628
1969.1 1840660
1969.6 1840660
1970.1 1840660
1970.6 1840660
1971.1 1840660
1971.6 1840660
1972.1 1840660
1972.6 1840660
1973.1 1840660
1973.6 1840660
1974.1 1840628
1974.6 1840628
1975.1 1840628
1975.6 1840628
1976.1 1840628
1976.6 1840628
1977.1 1840660
1977.6 1840660
1978.1 1840660
1978.6 1840660
1979.1 1840628
1979.6 1840628
1980.1 1840628
1980.6 1840628
1981.1 1840628
1981.6 1840628
1982.1 1840628
1982.6 1840628
1983.1 1840596
1983.6 1840660
1984.1 1840660
1984.6 1840660
1985.1 1840660
1985.6 1840660
1986.1 1840660
1986.6 1840660
1987.1 1840660
1987.6 1840660
1988.2 1840628
1988.7 1840628
1989.2 1840628
1989.7 1840628
1990.2 1840628
1990.7 1840628
1991.2 1840660
1991.7 1840660
1992.2 1840660
1992.7 1840660
1993.2 1840628
1993.7 1840628
1994.2 1840628
1994.7 1840628
1995.2 1840628
1995.7 1840628
1996.2 1840628
1996.7 1840628
1997.2 1840596
1997.7 1840596
1998.2 1840596
1998.7 1840660
1999.2 1840660
1999.7 1840660
2000.2 1840660
2000.7 1840660
2001.2 1840660
2001.7 1840660
2002.2 1840660
2002.7 1840628
2003.2 1840628
2003.7 1840628
2004.2 1840628
2004.8 1840628
2005.3 1840628
2005.8 1840628
2006.3 1840660
2006.8 1840628
2007.3 1840628
2007.8 1840628
2008.3 1840628
2008.8 1840628
2009.3 1840628
2009.8 1840628
2010.3 1840628
2010.8 1840628
2011.3 1840596
2011.8 1840596
2012.3 1840596
2012.8 1840596
2013.3 1840660
2013.8 1840660
2014.3 1840660
2014.9 1840660
2015.4 1840660
2015.9 1840660
2016.4 1840628
2016.9 1840628
2017.4 1840628
2017.9 1840628
2018.4 1840628
2018.9 1840628
2019.4 1840628
2019.9 1840628
2020.4 1840692
2020.9 1840660
2021.4 1840660
2021.9 1840660
2022.4 1840660
2022.9 1840660
2023.4 1840660
2023.9 1840660
2024.4 1840660
2024.9 1840660
2025.4 1840628
2025.9 1840628
2026.4 1840628
2026.9 1840628
2027.4 1840628
2027.9 1840628
2028.4 1840660
2028.9 1840660
2029.4 1840660
2029.9 1840660
2030.4 1840628
2030.9 1840628
2031.4 1840628
2031.9 1840628
2032.4 1840628
2032.9 1840628
2033.4 1840628
2033.9 1840628
2034.4 1840628
2034.9 1840596
2035.4 1840660
2035.9 1840660
2036.4 1840660
2036.9 1840660
2037.4 1840660
2037.9 1840660
2038.4 1840660
2038.9 1840660
2039.4 1840628
2039.9 1840628
2040.4 1840628
2040.9 1840628
2041.4 1840628
2041.9 1840628
2042.4 1840628
2042.9 1840660
2043.4 1840660
2043.9 1840660
2044.4 1840628
2044.9 1840628
2045.4 1840628
2045.9 1840628
2046.4 1840628
2046.9 1840628
2047.4 1840628
2047.9 1840628
2048.4 1840628
2048.9 1840596
2049.4 1840596
2049.9 1840596
2050.4 1840660
2050.9 1840660
2051.4 1840660
2051.9 1840660
2052.4 1840660
2052.9 1840660
2053.4 1840628
2053.9 1840628
2054.4 1840628
2054.9 1840628
2055.4 1840628
2055.9 1840628
2056.4 1840628
2056.9 1840628
2057.4 1840660
2057.9 1840660
2058.4 1840628
2058.9 1840628
2059.4 1840628
2059.9 1840628
2060.4 1840628
2060.9 1840628
2061.4 1840628
2061.9 1840628
2062.4 1840628
2062.9 1840628
2063.4 1840596
2063.9 1840596
2064.4 1840596
2064.9 1840660
2065.4 1840660
2065.9 1840660
2066.4 1840660
2066.9 1840660
2067.4 1840628
2067.9 1840628
2068.4 1840628
2068.9 1840628
2069.4 1840628
2069.9 1840628
2070.4 1840628
2070.9 1840628
2071.4 1840628
2071.9 1840628
2072.4 1840628
2072.9 1840628
2073.4 1840660
2073.9 1840660
2074.4 1840660
2074.9 1840660
2075.4 1840660
2075.9 1840660
2076.4 1840660
2076.9 1840660
2077.4 1840628
2077.9 1840636
2078.4 1840636
2078.9 1840888
2079.4 1840916
2079.9 1841184
2080.4 1840584
2080.9 1840584
2081.4 1840552
2081.9 1840552
2082.4 1840552
2082.9 1840552
2083.4 1840552
2084.0 1840552
2084.5 1840552
2085.0 1840552
2085.5 1840552
2086.0 1840552
2086.5 1840520
2087.0 1840584
2087.5 1840584
2088.0 1840584
2088.5 1840584
2089.0 1840584
2089.5 1840584
2090.0 1840584
2090.5 1840584
2091.0 1840552
2091.5 1840552
2092.0 1840552
2092.5 1840552
2093.1 1840552
2093.6 1840552
2094.1 1840584
2094.6 1840584
2095.1 1840584
2095.6 1840552
2096.1 1840552
2096.6 1840552
2097.1 1840552
2097.6 1840552
2098.1 1840552
2098.6 1840552
2099.1 1840552
2099.7 1840552
2100.2 1840552
2100.7 1840520
2101.2 1840520
2101.7 1840584
2102.2 1840584
2102.7 1840584
2103.2 1840584
2103.8 1840584
2104.3 1840584
2104.8 1840584
2105.3 1840552
2105.9 1840552
2106.4 1840552
2106.9 1840552
2107.4 1840552
2107.9 1840552
2108.4 1840552
2108.9 1840552
2109.4 1840552
2109.9 1840552
2110.4 1840552
2110.9 1840552
2111.4 1840552
2111.9 1840552
2112.4 1840552
2112.9 1840552
2113.4 1840552
2113.9 1840552
2114.4 1840648
2114.9 1840616
2115.4 1840648
2115.9 1840616
2116.4 1840584
2116.9 1840584
2117.4 1840584
2117.9 1840584
2118.4 1840584
2118.9 1840584
2119.4 1840584
2119.9 1840552
2120.4 1840552
2120.9 1840552
2121.4 1840552
2121.9 1840548
2122.4 1840548
2123.1 1840548
2123.6 1840548
2124.1 1840580
2124.6 1840580
2125.1 1840580
2125.6 1840580
2126.1 1840580
2126.6 1840580
2127.1 1840580
2127.6 1840580
2128.1 1840580
2128.6 1840580
2129.1 1840580
2129.6 1840580
2130.1 1840548
2130.6 1840548
2131.1 1840580
2131.6 1840580
2132.1 1840580
2132.6 1840580
2133.1 1840580
2133.6 1840580
2134.1 1840548
2134.6 1840548
2135.1 1840548
2135.6 1840548
2136.1 1840548
2136.6 1840548
2137.1 1840548
2137.6 1840548
2138.1 1840548
2138.6 1840580
2139.1 1840580
2139.6 1840580
2140.1 1840580
2140.6 1840580
2141.1 1840580
2141.6 1840580
2142.1 1840580
2142.6 1840580
2143.1 1840580
2143.6 1840580
2144.1 1840548
2144.6 1840548
2145.1 1840548
2145.6 1840548
2146.1 1840548
2146.6 1840580
2147.1 1840580
2147.6 1840548
2148.1 1840548
2148.6 1840548
2149.1 1840548
2149.6 1840548
2150.1 1840548
2150.6 1840548
2151.1 1840548
2151.6 1840548
2152.1 1840548
2152.6 1840516
2153.1 1840580
2153.7 1840580
2154.2 1840580
2154.7 1840580
2155.2 1840580
2155.7 1840580
2156.2 1840580
2156.7 1840580
2157.2 1840580
2157.7 1840548
2158.2 1840548
2158.7 1840548
2159.2 1840548
2159.7 1840548
2160.2 1840548
2160.7 1840548
2161.2 1840548
2161.7 1840548
2162.2 1840548
2162.7 1840548
2163.2 1840548
2163.7 1840548
2164.2 1840548
2164.7 1840548
2165.2 1840548
2165.7 1840548
2166.2 1840516
2166.7 1840516
2167.2 1840516
2167.7 1840516
2168.2 1840516
2168.7 1840580
2169.2 1840580
2169.7 1840580
2170.2 1840580
2170.7 1840580
2171.2 1840580
2171.7 1840580
2172.2 1840548
2172.7 1840548
2173.2 1840548
2173.7 1840548
2174.2 1840548
2174.7 1840548
2175.2 1840548
2175.7 1840548
2176.2 1840580
2176.7 1840580
2177.2 1840580
2177.7 1840580
2178.2 1840580
2178.7 1840580
2179.2 1840580
2179.7 1840580
2180.2 1840548
2180.7 1840548
2181.2 1840548
2181.7 1840548
2182.4 1840548
2182.9 1840548
2183.4 1840548
2183.9 1840580
2184.4 1840580
2184.9 1840580
2185.4 1840580
2185.9 1840548
2186.4 1840548
2186.9 1840548
2187.4 1840548
2187.9 1840548
2188.4 1840548
2188.9 1840548
2189.4 1840548
2189.9 1840516
2190.4 1840580
2190.9 1840580
2191.4 1840580
2191.9 1840580
2192.4 1840580
2192.9 1840580
2193.4 1840580
2193.9 1840580
2194.4 1840580
2194.9 1840548
2195.4 1840548
2195.9 1840548
2196.4 1840548
2196.9 1840548
2197.4 1840548
2197.9 1840580
2198.4 1840580
2198.9 1840580
2199.4 1840580
2199.9 1840548
2200.4 1840548
2200.9 1840548
2201.4 1840548
2201.9 1840548
2202.4 1840548
2202.9 1840548
2203.4 1840548
2203.9 1840516
2204.4 1840516
2204.9 1840580
2205.4 1840580
2205.9 1840580
2206.4 1840580
2206.9 1840580
2207.4 1840580
2207.9 1840580
2208.4 1840580
2208.9 1840548
2209.4 1840548
2209.9 1840548
2210.4 1840548
2210.9 1840548
2211.4 1840548
2211.9 1840548
2212.4 1840548
2212.9 1840580
2213.4 1840548
2213.9 1840548
2214.4 1840548
2214.9 1840548
2215.4 1840548
2215.9 1840548
2216.4 1840548
2216.9 1840548
2217.4 1840548
2218.0 1840516
2218.5 1840516
2219.0 1840516
2219.5 1840580
2220.0 1840580
2220.5 1840580
2221.0 1840580
2221.5 1840580
2222.0 1840580
2222.5 1840580
2223.0 1840580
2223.5 1840580
2224.0 1840548
2224.5 1840548
2225.0 1840548
2225.5 1840548
2226.0 1840548
2226.5 1840548
2227.0 1840612
2227.5 1840580
2228.1 1840580
2228.6 1840580
2229.1 1840580
2229.6 1840580
2230.1 1840580
2230.6 1840580
2231.1 1840580
2231.6 1840580
2232.1 1840548
2232.6 1840548
2233.1 1840548
2233.6 1840548
2234.1 1840548
2234.6 1840548
2235.1 1840580
2235.6 1840580
2236.1 1840580
2236.6 1840548
2237.1 1840548
2237.6 1840548
2238.4 1840548
2238.9 1840548
2239.4 1840548
2239.9 1840548
2240.4 1840548
2241.0 1840548
2241.5 1840516
2242.0 1840580
2242.5 1840580
2243.0 1840580
2243.5 1840580
2244.0 1840580
2244.5 1840580
2245.0 1840580
2245.5 1840580
2246.0 1840580
2246.5 1840580
2247.0 1840580
2247.5 1840548
2248.2 1840548
2248.7 1840548
2249.2 1840548
2249.7 1840548
2250.2 1840580
2250.7 1840580
2251.2 1840548
2251.7 1840548
2252.2 1840548
2252.7 1840548
2253.6 1840548
2254.1 1840548
2254.6 1840548
2255.1 1840548
2255.6 1840548
2256.1 1840516
2256.6 1840516
2257.1 1840516
2257.6 1840516
2258.1 1840580
2258.6 1840580
2259.1 1840580
2259.7 1840580
2260.2 1840580
2260.7 1840580
2261.2 1840580
2261.7 1840580
2262.2 1840548
2262.7 1840548
2263.2 1840548
2263.7 1840548
2264.2 1840548
2264.7 1840580
2265.2 1840580
2265.7 1840548
2266.2 1840548
2266.7 1840548
2267.2 1840548
2267.7 1840548
2268.2 1840548
2268.7 1840548
2269.2 1840548
2269.7 1840548
2270.2 1840548
2270.7 1840516
2271.2 1840516
2271.8 1840516
2272.3 1840580
2272.8 1840580
2273.3 1840580
2273.8 1840580
2274.4 1840580
2274.9 1840580
2275.4 1840548
2275.9 1840548
2276.4 1840548
2276.9 1840548
2277.4 1840548
2277.9 1840548
2278.4 1840548
2278.9 1840548
2279.4 1840548
2279.9 1840548
2280.4 1840580
2280.9 1840580
2281.4 1840580
2282.0 1840580
2282.5 1840580
2283.0 1840580
2283.5 1840580
2284.0 1840580
2284.5 1840580
2285.0 1840548
2285.5 1840548
2286.0 1840548
2286.7 1840548
2287.2 1840580
2287.7 1840580
2288.2 1840580
2288.7 1840580
2289.2 1840580
2289.7 1840580
2290.2 1840580
2290.7 1840548
2291.2 1840548
2291.7 1840548
2292.2 1840548
2292.7 1840548
2293.3 1840548
2293.8 1840548
2294.3 1840548
2294.8 1840580
2295.3 1840580
2295.9 1840580
2296.4 1840580
2296.9 1840580
2297.4 1840580
2297.9 1840580
2298.4 1840580
2298.9 1840580
2299.4 1840548
2299.9 1840548
2300.4 1840548
2300.9 1840548
2301.4 1840548
2301.9 1840548
2302.4 1840548
2302.9 1840580
2303.4 1840580
2303.9 1840548
2304.4 1840548
2304.9 1840548
2305.4 1840548
2305.9 1840548
2306.4 1840548
2306.9 1840548
2307.4 1840548
2307.9 1840548
2308.4 1840516
2308.9 1840516
2309.4 1840516
2309.9 1840516
2310.4 1840516
2310.9 1840580
2311.4 1840580
2311.9 1840580
2312.4 1840580
2312.9 1840548
2313.4 1840548
2313.9 1840548
2314.4 1840548
2314.9 1840548
2315.4 1840548
2315.9 1840548
2316.4 1840548
2316.9 1840580
2317.4 1840580
2317.9 1840548
2318.4 1840548
2318.9 1840548
2319.4 1840548
2319.9 1840548
2320.4 1840548
2320.9 1840548
2321.4 1840548
2321.9 1840548
2322.4 1840516
2322.9 1840516
2323.4 1840516
2323.9 1840516
2324.4 1840516
2324.9 1840580
2325.4 1840580
2325.9 1840580
2326.4 1840580
2326.9 1840548
2327.4 1840548
2327.9 1840548
2328.4 1840548
2328.9 1840548
2329.4 1840548
2329.9 1840548
2330.4 1840548
2330.9 1840548
2331.4 1840612
2331.9 1840580
2332.4 1840580
2332.9 1840580
2333.5 1840580
2334.0 1840580
2334.5 1840580
2335.0 1840580
2335.5 1840580
2336.0 1840580
2336.5 1840548
2337.0 1840548
2337.5 1840548
2338.0 1840548
2338.5 1840548
2339.0 1840580
2339.5 1840580
2340.0 1840580
2340.5 1840580
2341.0 1840548
2341.5 1840548
2342.0 1840548
2342.5 1840548
2343.0 1840548
2343.7 1840548
2344.2 1840548
2344.7 1840548
2345.2 1840548
2345.7 1840548
2346.2 1840548
2346.7 1840580
2347.2 1840580
2347.7 1840580
2348.2 1840580
2348.7 1840580
2349.2 1840580
2349.7 1840580
2350.2 1840580
2350.7 1840548
2351.2 1840548
2351.7 1840548
2352.2 1840548
2352.7 1840548
2353.2 1840548
2353.7 1840580
2354.2 1840580
2354.7 1840580
2355.2 1840548
2355.7 1840548
2356.3 1840548
2356.8 1840548
2357.3 1840548
2357.8 1840548
2358.3 1840548
2358.8 1840548
2359.3 1840548
2359.8 1840548
2360.3 1840548
2360.8 1840516
2361.3 1840580
2361.8 1840580
2362.3 1840580
2362.8 1840580
2363.3 1840580
2363.8 1840580
2364.3 1840580
2364.8 1840580
2365.3 1840548
2365.8 1840548
2366.3 1840548
2366.8 1840548
2367.3 1840548
2367.8 1840548
2368.3 1840548
2368.8 1840548
2369.4 1840548
2369.9 1840548
2370.4 1840548
2370.9 1840548
2371.4 1840548
2372.0 1840548
2372.5 1840548
2373.0 1840548
2373.5 1840548
2374.0 1840548
2374.5 1840548
2375.0 1840548
2375.5 1840516
2376.0 1840580
2376.5 1840580
2377.0 1840580
2377.5 1840580
2378.0 1840580
2378.5 1840580
2379.0 1840580
2379.5 1840548
2380.0 1840548
2380.5 1840544
2381.0 1840544
2381.5 1840544
2382.0 1840544
2382.5 1840544
2383.0 1840544
2383.5 1840576
2384.0 1840576
2384.5 1840576
2385.0 1840576
2385.5 1840576
2386.0 1840576
2386.5 1840576
2387.0 1840576
2387.5 1840576
2388.0 1840576
2388.5 1840576
2389.0 1840576
2389.6 1840544
2390.1 1840544
2390.6 1840576
2391.1 1840576
2391.6 1840576
2392.1 1840576
2392.6 1840576
2393.1 1840544
2393.6 1840544
2394.1 1840544
2394.6 1840544
2395.1 1840544
2395.6 1840544
2396.2 1840544
2396.7 1840544
2397.2 1840544
2397.7 1840544
2398.2 1840544
2398.7 1840544
2399.2 1840576
2399.7 1840576
2400.2 1840576
2400.7 1840576
2401.2 1840576
2401.8 1840576
2402.3 1840576
2402.8 1840576
2403.3 1840544
2403.8 1840544
2404.3 1840544
2404.8 1840544
2405.3 1840544
2405.8 1840544
2406.3 1840544
2406.8 1840576
2407.3 1840544
2407.8 1840544
2408.3 1840544
2408.8 1840544
2409.3 1840544
2409.8 1840544
2410.3 1840544
2410.8 1840544
2411.3 1840544
2411.8 1840544
2412.4 1840544
2412.9 1840544
2413.4 1840576
2413.9 1840576
2414.4 1840576
2414.9 1840576
2415.4 1840576
2415.9 1840576
2416.4 1840576
2416.9 1840576
2417.4 1840544
2417.9 1840544
2418.4 1840544
2418.9 1840544
2419.4 1840544
2419.9 1840544
2420.4 1840544
2420.9 1840544
2421.4 1840544
2421.9 1840544
2422.4 1840544
2422.9 1840544
2423.4 1840544
2423.9 1840544
2424.4 1840544
2424.9 1840544
2425.4 1840544
2425.9 1840512
2426.4 1840512
2426.9 1840512
2427.4 1840512
2428.0 1840512
2428.5 1840512
2429.0 1840512
2429.5 1840576
2430.0 1840576
2430.5 1840544
2431.0 1840544
2431.5 1840544
2432.0 1840544
2432.5 1840544
2433.0 1840544
2433.5 1840544
2434.0 1840544
2434.6 1840544
2435.1 1840608
2435.6 1840576
2436.1 1840576
2436.6 1840576
2437.1 1840576
2437.6 1840576
2438.1 1840576
2438.6 1840576
2439.1 1840576
2439.6 1840576
2440.1 1840544
2440.6 1840544
2441.1 1840544
2441.6 1840544
2442.1 1840544
2442.6 1840576
2443.1 1840576
2443.6 1840576
2444.1 1840576
2444.6 1840576
2445.1 1840576
2445.6 1840544
2446.1 1840544
2446.6 1840544
2447.1 1840544
2447.6 1840544
2448.1 1840544
2448.6 1840544
2449.1 1840544
2449.6 1840512
2450.1 1840576
2450.6 1840576
2451.1 1840576
2451.6 1840576
2452.1 1840576
2452.6 1840576
2453.1 1840576
2453.6 1840576
2454.1 1840544
2454.7 1840544
2455.2 1840544
2455.7 1840544
2456.2 1840544
2456.7 1840544
2457.2 1840576
2457.8 1840576
2458.3 1840576
2458.8 1840576
2459.3 1840544
2459.8 1840544
2460.3 1840544
2460.8 1840544
2461.3 1840544
2461.8 1840544
2462.3 1840544
2462.8 1840544
2463.3 1840544
2463.8 1840512
2464.3 1840512
2464.8 1840512
2465.3 1840576
2465.8 1840576
2466.3 1840576
2466.8 1840576
2467.3 1840576
2467.8 1840576
2468.3 1840544
2468.8 1840544
2469.3 1840544
2469.8 1840544
2470.4 1840544
2470.9 1840544
2471.4 1840544
2471.9 1840544
2472.4 1840576
2472.9 1840544
2473.4 1840544
2473.9 1840544
2474.4 1840544
2474.9 1840544
2475.5 1840544
2476.0 1840544
2476.5 1840544
2477.0 1840544
2477.5 1840544
2478.0 1840544
2478.5 1840544
2479.0 1840512
2479.5 1840576
2480.0 1840576
2480.5 1840576
2481.0 1840576
2481.5 1840576
2482.0 1840576
2482.5 1840576
2483.0 1840576
2483.6 1840544
2484.1 1840544
2484.6 1840544
2485.1 1840544
2485.6 1840544
2486.1 1840544
2486.6 1840544
2487.1 1840544
2487.6 1840576
2488.1 1840576
2488.6 1840576
2489.1 1840576
2489.6 1840576
2490.1 1840576
2490.6 1840576
2491.1 1840576
2491.6 1840576
2492.1 1840544
2492.6 1840544
2493.1 1840544
2493.6 1840544
2494.1 1840544
2494.6 1840576
2495.1 1840576
2495.6 1840576
2496.1 1840576
2496.6 1840576
2497.1 1840576
2497.6 1840544
2498.1 1840544
2498.6 1840544
2499.2 1840544
2499.7 1840544
2500.2 1840544
2500.7 1840544
2501.2 1840512
2501.7 1840512
2502.2 1840576
2502.7 1840576
2503.2 1840576
2503.8 1840576
2504.3 1840576
2504.8 1840576
2505.3 1840576
2505.8 1840576
2506.3 1840544
2506.8 1840544
2507.3 1840544
2507.8 1840544
2508.3 1840544
2508.8 1840544
2509.3 1840576
2509.8 1840576
2510.3 1840576
2510.8 1840576
2511.3 1840544
2511.8 1840544
2512.3 1840544
2512.8 1840544
2513.3 1840544
2513.8 1840544
2514.3 1840544
2514.8 1840544
2515.3 1840544
2515.8 1840512
2516.3 1840512
2516.8 1840576
2517.3 1840576
2517.8 1840576
2518.3 1840576
2518.8 1840576
2519.3 1840576
2519.8 1840576
2520.4 1840544
2520.9 1840544
2521.4 1840544
2521.9 1840544
2522.4 1840544
2522.9 1840544
2523.4 1840544
2523.9 1840576
2524.4 1840576
2524.9 1840544
2525.4 1840544
2525.9 1840544
2526.4 1840544
2526.9 1840544
2527.4 1840544
2527.9 1840544
2528.4 1840544
2528.9 1840544
2529.4 1840512
2529.9 1840512
2530.4 1840512
2530.9 1840512
2531.4 1840576
2531.9 1840576
2532.4 1840576
2532.9 1840576
2533.4 1840576
2533.9 1840576
2534.4 1840576
2534.9 1840576
2535.4 1840576
2535.9 1840544
2536.4 1840544
2536.9 1840544
2537.4 1840544
2537.9 1840544
2538.4 1840544
2538.9 1840544
2539.4 1840576
2539.9 1840576
2540.4 1840576
2540.9 1840576
2541.4 1840576
2541.9 1840576
2542.4 1840576
2542.9 1840576
2543.4 1840544
2543.9 1840544
2544.4 1840544
2544.9 1840544
2545.4 1840544
2545.9 1840544
2546.4 1840576
2546.9 1840576
2547.4 1840576
2547.9 1840576
2548.4 1840544
2548.9 1840544
2549.4 1840544
2549.9 1840544
2550.4 1840544
2550.9 1840544
2551.4 1840544
2552.0 1840544
2552.5 1840544
2553.0 1840512
2553.5 1840576
2554.0 1840576
2554.5 1840576
2555.0 1840576
2555.5 1840576
2556.0 1840576
2556.5 1840576
2557.0 1840576
2557.5 1840544
2558.0 1840544
2558.5 1840544
2559.0 1840544
2559.5 1840544
2560.0 1840544
2560.5 1840544
2561.0 1840576
2561.5 1840576
2562.0 1840576
2562.5 1840544
2563.0 1840544
2563.5 1840544
2564.0 1840544
2564.5 1840544
2565.0 1840544
2565.5 1840544
2566.0 1840544
2566.5 1840544
2567.0 1840512
2567.5 1840512
2568.0 1840576
2568.5 1840576
2569.0 1840576
2569.5 1840576
2570.0 1840576
2570.5 1840576
2571.0 1840576
2571.5 1840544
2572.0 1840544
2572.5 1840544
2573.0 1840544
2573.5 1840544
2574.0 1840544
2574.5 1840544
2575.0 1840544
2575.5 1840576
2576.0 1840576
2576.5 1840544
2577.0 1840544
2577.5 1840544
2578.0 1840544
2578.5 1840544
2579.0 1840544
2579.5 1840544
2580.0 1840544
2580.5 1840544
2581.0 1840544
2581.5 1840512
2582.0 1840512
2582.5 1840512
2583.0 1840576
2583.5 1840576
2584.0 1840576
2584.5 1840576
2585.0 1840576
2585.5 1840544
2586.1 1840544
2586.6 1840544
2587.1 1840544
2587.6 1840544
2588.1 1840544
2588.8 1840544
2589.3 1840544
2589.8 1840544
2590.3 1840544
2590.8 1840576
2591.3 1840576
2591.8 1840576
2592.4 1840576
2592.9 1840576
2593.4 1840576
2593.9 1840576
2594.5 1840576
2595.0 1840576
2595.5 1840544
2596.0 1840544
2596.5 1840544
2597.1 1840544
2597.6 1840544
2598.1 1840576
2598.6 1840576
2599.1 1840576
2599.6 1840576
2600.1 1840544
2600.6 1840544
2601.1 1840544
2601.6 1840544
2602.1 1840544
2602.6 1840544
2603.1 1840544
2603.6 1840544
2604.1 1840544
2604.7 1840544
2605.2 1840576
2605.7 1840576
2606.2 1840576
2606.7 1840576
2607.2 1840576
2607.7 1840576
2608.2 1840576
2608.7 1840576
2609.2 1840576
2609.7 1840544
2610.3 1840544
2610.8 1840544
2611.3 1840544
2611.8 1840544
2612.3 1840544
2612.8 1840576
2613.3 1840576
2613.8 1840576
2614.3 1840576
2614.8 1840544
2615.3 1840544
2615.8 1840544
2616.3 1840544
2616.8 1840544
2617.3 1840544
2617.8 1840544
2618.3 1840544
2618.8 1840544
2619.3 1840512
2619.8 1840512
2620.4 1840576
2620.9 1840576
2621.4 1840576
2621.9 1840576
2622.4 1840576
2623.0 1840576
2623.5 1840576
2624.0 1840544
2624.5 1840544
2625.0 1840544
2625.6 1840544
2626.1 1840544
2626.6 1840544
2627.1 1840544
2627.6 1840576
2628.2 1840576
2628.7 1840544
2629.2 1840544
2629.7 1840544
2630.2 1840544
2630.7 1840544
2631.3 1840544
2631.8 1840544
2632.3 1840544
2632.8 1840544
2633.3 1840544
2633.8 1840512
2634.3 1840512
2634.8 1840512
2635.3 1840576
2635.8 1840576
2636.3 1840576
2636.8 1840576
2637.3 1840576
2637.8 1840576
2638.3 1840576
2638.8 1840576
2639.3 1840544
2639.8 1840544
2640.3 1840544
2640.8 1840544
2641.3 1840544
2641.8 1840544
2642.3 1840544
2642.8 1840576
2643.3 1840576
2643.8 1840576
2644.3 1840576
2644.8 1840576
2645.4 1840576
2645.9 1840576
2646.4 1840576
2646.9 1840576
2647.4 1840544
2647.9 1840544
2648.4 1840544
2648.9 1840544
2649.4 1840544
2649.9 1840576
2650.4 1840576
2650.9 1840576
2651.5 1840576
2652.0 1840576
2652.5 1840544
2653.0 1840544
2653.5 1840544
2654.0 1840544
2654.6 1840544
2655.1 1840544
2655.6 1840544
2656.1 1840544
2656.6 1840544
2657.1 1840512
2657.6 1840576
2658.1 1840576
2658.6 1840576
2659.1 1840576
2659.6 1840576
2660.1 1840576
2660.6 1840576
2661.1 1840576
2661.6 1840576
2662.1 1840544
2662.6 1840544
2663.1 1840544
2663.6 1840544
2664.1 1840544
2664.6 1840544
2665.2 1840576
2665.7 1840576
2666.2 1840576
2666.7 1840544
2667.2 1840544
2667.7 1840544
2668.2 1840544
2668.7 1840544
2669.2 1840544
2669.7 1840544
2670.2 1840544
2670.7 1840544
2671.3 1840512
2671.8 1840512
2672.3 1840512
2672.8 1840576
2673.3 1840576
2673.8 1840576
2674.3 1840576
2674.8 1840576
2675.3 1840576
2675.8 1840576
2676.3 1840576
2676.8 1840576
2677.3 1840544
2677.8 1840544
2678.3 1840544
2678.8 1840544
2679.3 1840544
2679.8 1840544
2680.3 1840544
2680.8 1840544
2681.3 1840544
2681.8 1840544
2682.3 1840544
2682.8 1840544
2683.3 1840544
2683.8 1840544
2684.3 1840544
2684.9 1840544
2685.4 1840544
2685.9 1840544
2686.4 1840512
2686.9 1840512
2687.4 1840576
2687.9 1840576
2688.4 1840576
2689.0 1840576
2689.5 1840576
2690.0 1840576
2690.5 1840576
2691.0 1840544
2691.5 1840544
2692.0 1840544
2692.5 1840544
2693.0 1840544
2693.5 1840544
2694.0 1840544
2694.6 1840608
2695.1 1840576
2695.6 1840576
2696.1 1840576
2696.7 1840576
2697.2 1840576
2697.7 1840576
2698.2 1840576
2698.7 1840576
2699.2 1840576
2699.7 1840544
2700.2 1840544
2700.7 1840544
2701.2 1840544
2701.7 1840544
2702.2 1840576
2702.7 1840576
2703.2 1840576
2703.7 1840576
2704.2 1840544
2704.7 1840544
2705.2 1840544
2705.7 1840544
2706.2 1840544
2706.7 1840544
2707.2 1840544
2707.7 1840544
2708.3 1840544
2708.8 1840544
2709.3 1840512
2709.8 1840576
2710.3 1840576
2710.8 1840576
2711.3 1840576
2711.8 1840576
2712.3 1840576
2712.8 1840576
2713.3 1840576
2713.8 1840544
2714.3 1840544
2714.8 1840544
2715.3 1840544
2715.8 1840544
2716.3 1840544
2716.8 1840544
2717.3 1840544
2717.8 1840576
2718.3 1840544
2718.8 1840544
2719.3 1840544
2719.8 1840544
2720.3 1840544
2720.8 1840544
2721.3 1840544
2721.8 1840544
2722.3 1840544
2722.8 1840544
2723.3 1840512
2723.8 1840512
2724.3 1840576
2724.8 1840576
2725.3 1840576
2725.8 1840576
2726.3 1840576
2726.9 1840576
2727.4 1840576
2727.9 1840544
2728.4 1840544
2728.9 1840544
2729.4 1840544
2729.9 1840544
2730.4 1840544
2730.9 1840544
2731.4 1840544
2731.9 1840576
2732.4 1840544
2732.9 1840544
2733.4 1840544
2733.9 1840544
2734.4 1840544
2734.9 1840544
2735.4 1840544
2735.9 1840544
2736.4 1840544
2736.9 1840544
2737.4 1840512
2737.9 1840512
2738.4 1840512
2738.9 1840512
2739.4 1840576
2739.9 1840576
2740.4 1840576
2740.9 1840576
2741.4 1840576
2741.9 1840544
2742.4 1840544
2742.9 1840544
2743.4 1840544
2743.9 1840544
2744.4 1840544
2744.9 1840544
2745.4 1840544
2745.9 1840544
2746.4 1840576
2746.9 1840576
2747.4 1840576
2747.9 1840576
2748.4 1840576
2748.9 1840576
2749.4 1840576
2749.9 1840576
2750.4 1840576
2750.9 1840576
2751.4 1840544
2751.9 1840544
2752.4 1840544
2752.9 1840544
2753.4 1840544
2753.9 1840544
2754.4 1840576
2754.9 1840576
2755.4 1840576
2755.9 1840544
2756.4 1840544
2756.9 1840544
2757.4 1840544
2757.9 1840544
2758.4 1840544
2758.9 1840544
2759.4 1840544
2760.0 1840544
2760.5 1840512
2761.0 1840576
2761.5 1840576
2762.0 1840576
2762.5 1840576
2763.0 1840576
2763.5 1840576
2764.0 1840576
2764.5 1840576
2765.0 1840576
2765.5 1840544
2766.0 1840544
2766.5 1840544
2767.0 1840544
2767.5 1840544
2768.0 1840544
2768.5 1840576
2769.0 1840576
2769.5 1840576
2770.0 1840544
2770.5 1840544
2771.0 1840544
2771.5 1840544
2772.0 1840544
2772.5 1840544
2773.0 1840544
2773.5 1840544
2774.0 1840544
2774.5 1840512
2775.0 1840512
2775.5 1840512
2776.0 1840576
2776.5 1840576
2777.0 1840576
2777.5 1840576
2778.0 1840576
2778.5 1840576
2779.0 1840576
2779.5 1840544
2780.0 1840544
2780.5 1840544
2781.0 1840544
2781.5 1840544
2782.0 1840544
2782.5 1840544
2783.0 1840544
2783.5 1840544
2784.0 1840544
2784.5 1840544
2785.0 1840544
2785.5 1840544
2786.0 1840544
2786.5 1840544
2787.0 1840544
2787.5 1840544
2788.0 1840544
2788.5 1840512
2789.0 1840512
2789.5 1840512
2790.0 1840512
2790.5 1840512
2791.0 1840512
2791.5 1840576
2792.0 1840576
2792.5 1840576
2793.0 1840576
2793.6 1840576
2794.1 1840576
2794.6 1840544
2795.1 1840544
2795.7 1840544
2796.2 1840544
2796.7 1840544
2797.2 1840544
2797.7 1840544
2798.2 1840576
2798.7 1840576
2799.2 1840576
2799.7 1840576
2800.2 1840576
2800.7 1840576
2801.2 1840576
2801.7 1840576
2802.2 1840576
2802.7 1840544
2803.2 1840544
2803.7 1840544
2804.2 1840544
2804.7 1840544
2805.2 1840544
2805.7 1840576
2806.2 1840576
2806.7 1840576
2807.2 1840576
2807.7 1840544
2808.2 1840544
2808.7 1840544
2809.2 1840544
2809.7 1840544
2810.2 1840544
2810.7 1840544
2811.2 1840544
2811.7 1840544
2812.2 1840512
2812.7 1840576
2813.2 1840576
2813.7 1840576
2814.2 1840576
2814.7 1840576
2815.2 1840576
2815.7 1840576
2816.2 1840576
2816.8 1840544
2817.3 1840544
2817.8 1840544
2818.3 1840544
2818.8 1840544
2819.3 1840544
2819.8 1840576
2820.3 1840576
2820.8 1840576
2821.3 1840576
2821.8 1840544
2822.3 1840544
2822.8 1840544
2823.3 1840544
2823.8 1840544
2824.3 1840544
2824.8 1840544
2825.3 1840544
2825.8 1840544
2826.3 1840512
2826.8 1840512
2827.4 1840576
2827.9 1840576
2828.4 1840576
2828.9 1840576
2829.4 1840576
2829.9 1840576
2830.4 1840576
2830.9 1840544
2831.5 1840544
2832.0 1840544
2832.5 1840544
2833.0 1840544
2833.5 1840544
2834.0 1840544
2834.5 1840544
2835.0 1840576
2835.5 1840576
2836.0 1840544
2836.5 1840544
2837.0 1840544
2837.5 1840544
2838.0 1840544
2838.5 1840544
2839.0 1840544
2839.5 1840544
2840.0 1840544
2840.5 1840512
2841.0 1840512
2841.5 1840512
2842.0 1840512
2842.5 1840576
2843.0 1840576
2843.5 1840576
2844.0 1840576
2844.6 1840576
2845.1 1840544
2845.6 1840544
2846.1 1840544
2846.6 1840544
2847.1 1840544
2847.6 1840544
2848.1 1840544
2848.6 1840544
2849.1 1840544
2849.6 1840608
2850.1 1840576
2850.6 1840576
2851.1 1840576
2851.6 1840576
2852.1 1840576
2852.6 1840576
2853.1 1840576
2853.6 1840576
2854.1 1840576
2854.6 1840544
2855.1 1840544
2855.6 1840544
2856.1 1840544
2856.6 1840544
2857.1 1840324
2857.6 1840324
2858.1 1840324
2858.6 1840324
2859.1 1840324
2859.6 1840324
2860.1 1840292
2860.6 1840292
2861.1 1840292
2861.6 1840292
2862.1 1840292
2862.6 1840292
2863.1 1840292
2863.6 1840292
2864.1 1840292
2864.6 1840324
2865.1 1840324
2865.6 1840324
2866.1 1840324
2866.6 1840324
2867.1 1840324
2867.6 1840324
2868.1 1840324
2868.6 1840292
2869.1 1840292
2869.6 1840292
2870.1 1840292
2870.6 1840292
2871.3 1840292
2871.8 1840324
2872.3 1840324
2872.8 1840324
2873.3 1840292
2873.8 1840292
2874.3 1840292
2874.8 1840292
2875.3 1840292
2875.8 1840292
2876.3 1840292
2876.9 1840292
2877.4 1840292
2877.9 1840292
2878.4 1840260
2878.9 1840260
2879.4 1840324
2879.9 1840324
2880.4 1840324
2880.9 1840324
2881.5 1840324
2882.0 1840324
2882.5 1840324
2883.0 1840292
2883.5 1840292
2884.0 1840292
2884.5 1840292
2885.0 1840292
2885.5 1840292
2886.0 1840292
2886.5 1840292
2887.0 1840324
2887.5 1840292
2888.0 1840292
2888.5 1840292
2889.0 1840292
2889.5 1840292
2890.0 1840292
2890.5 1840292
2891.6 1840292
2892.6 1840292
2893.1 1840260
2894.2 1840260
2895.4 1840260
2896.6 1840260
2898.1 1840260
2898.9 1840324
2901.1 1840324
2902.0 1840324
2902.5 1840324
2903.0 1840292
2905.4 1840292
2905.9 1840292
2906.4 1840292
2907.4 1840292
2908.5 1840292
2909.1 1840292
2910.1 1840292
2910.6 1840324
2911.6 1840324
2912.1 1840324
2913.0 1840324
2914.5 1840324
2915.1 1840324
2917.2 1840324
2918.5 1840324
2919.9 1840324
2920.4 1840292
2921.0 1840292
2921.6 1840292
2922.1 1840292
2922.6 1840292
2923.6 1840324
2924.3 1840324
2925.5 1840324
2926.0 1840292
2928.4 1840292
2929.8 1840292
2930.8 1840292
2931.4 1840292
2932.2 1840292
2932.7 1840292
2933.2 1840292
2933.7 1840292
2935.5 1840324
2936.0 1840324
2936.8 1840324
2937.3 1840324
2937.8 1840324
2938.3 1840324
2939.0 1840324
2939.7 1840324
2940.3 1840292
2940.8 1840292
2941.3 1840292
2942.4 1840292
2943.2 1840292
2944.6 1840292
2945.2 1840324
2945.7 1840324
2946.8 1840324
2947.3 1840324
2948.2 1840292
2949.0 1840292
2949.5 1840292
2950.0 1840292
2950.5 1840292
2953.2 1840292
2953.7 1840292
2955.4 1840292
2956.3 1840260
2957.4 1840260
2957.9 1840260
2958.6 1840324
2960.0 1840324
2961.0 1840324
2961.8 1840324
2963.0 1840324
2963.5 1840292
2965.1 1840292
2965.8 1840292
2967.0 1840292
2967.5 1840292
2969.0 1840292
2970.2 1840292
2971.4 1840324
2971.9 1840324
2972.8 1840292
2973.5 1840292
2974.0 1840292
2975.1 1840292
2976.3 1840292
2976.8 1840292
2977.3 1840292
2979.3 1840292
2980.0 1840292
2981.9 1840260
2982.8 1840260
2983.3 1840324
2985.8 1840324
2987.5 1840324
2988.9 1840324
2989.7 1840324
2990.8 1840292
2992.5 1840292
2994.5 1840292
2995.0 1840292
2995.5 1840292
2996.0 1840292
2996.6 1840292
2997.4 1840292
2998.3 1840292
2999.3 1840324
2999.8 1840324
3000.3 1840324
