2.2 1813192
5.9 1813224
9.7 1813192
14.0 1818684
16.5 1823056
18.3 1827356
20.4 1831480
24.6 1834124
25.1 1834880
25.6 1836108
26.1 1836612
26.6 1837620
28.8 1839952
29.3 1841464
29.8 1842204
30.3 1843464
30.8 1846716
31.3 1848172
31.8 1822924
32.3 1822932
32.8 1822648
33.3 1823708
33.8 1825972
34.3 1826352
34.8 1827336
35.3 1826376
35.8 1826564
36.3 1825688
36.8 1823160
37.3 1830328
37.8 1833860
38.3 1834316
38.8 1836740
39.3 1834336
39.8 1834680
40.3 1834652
40.8 1828032
41.3 1827736
41.8 1827500
42.3 1827128
42.8 1827080
43.3 1826952
43.8 1827048
44.3 1826904
44.8 1826904
45.3 1827584
45.8 1827000
46.3 1827160
46.8 1827096
47.3 1827128
47.8 1827412
48.3 1827252
48.8 1827976
49.3 1827528
49.8 1827244
50.3 1827576
50.8 1827924
51.3 1827624
51.8 1827152
52.3 1827184
52.8 1827860
53.3 1828192
53.8 1827512
54.3 1827828
54.8 1827812
55.3 1827888
55.8 1827400
56.3 1827528
56.8 1822032
57.3 1821896
57.8 1821960
58.3 1821928
61.2 1821928
61.7 1821928
62.2 1821928
63.5 1821928
64.0 1821928
64.5 1821928
65.0 1821928
66.1 1821928
66.7 1821896
67.6 1821896
69.4 1821896
69.9 1821896
70.5 1821928
71.0 1821928
71.7 1821928
72.7 1821928
74.0 1821892
74.5 1821892
75.0 1827588
75.5 1827440
76.0 1827572
76.5 1827636
77.0 1828020
77.5 1828084
78.0 1827484
78.5 1827752
79.0 1827832
79.5 1827688
80.0 1827384
80.5 1827448
81.0 1827764
81.5 1827480
82.0 1827432
82.5 1828004
83.0 1827024
83.5 1827576
84.0 1827340
84.5 1827340
85.0 1828012
85.5 1827808
86.0 1828296
86.5 1827948
87.0 1827636
87.5 1827412
88.0 1827696
88.5 1827792
89.0 1827540
89.5 1827604
90.0 1827632
90.5 1827520
91.0 1827660
91.5 1827756
92.0 1827488
92.5 1827724
93.0 1827804
93.5 1827520
94.0 1827536
94.5 1827836
95.0 1827516
95.5 1827592
96.0 1828452
96.5 1827808
97.0 1821708
97.5 1821708
98.0 1821708
98.5 1821708
99.4 1821708
99.9 1821708
100.6 1821704
102.2 1821704
102.9 1821704
103.7 1821672
104.2 1821736
105.3 1821736
106.6 1821736
107.1 1821736
107.6 1821736
108.6 1821736
110.0 1821736
110.5 1821736
111.2 1821736
111.8 1821704
112.2 1821704
113.5 1821704
114.5 1821704
115.0 1821704
115.5 1821736
116.0 1821736
117.8 1821736
119.5 1821704
120.0 1827472
120.5 1827520
121.0 1826920
121.5 1827520
122.0 1827072
122.5 1827632
123.0 1828316
123.5 1827640
124.0 1827764
124.5 1827544
125.0 1827304
125.5 1827144
126.0 1827256
126.5 1827052
127.0 1826972
127.5 1826988
128.0 1827368
128.5 1827304
129.0 1827068
129.5 1827036
130.0 1827000
130.5 1827456
131.0 1827616
131.5 1827788
132.0 1827852
132.5 1827628
133.0 1827600
133.5 1827756
134.0 1827788
134.5 1828572
135.0 1827532
135.5 1827372
136.0 1827548
136.5 1827468
137.0 1827704
137.5 1827736
138.0 1827896
138.5 1827308
139.0 1827688
139.5 1827672
140.0 1827496
140.5 1827636
141.0 1827936
141.5 1827436
142.0 1820996
142.5 1820996
143.4 1820996
143.9 1820996
144.9 1820996
145.4 1820996
146.0 1820992
146.5 1820992
147.0 1820992
147.5 1820960
148.2 1821024
148.7 1821024
151.9 1821024
152.4 1821024
152.9 1821024
153.4 1821024
155.1 1821024
155.9 1820992
156.5 1820992
157.0 1820992
157.6 1820992
158.7 1820992
159.2 1820992
160.2 1820992
160.7 1821024
161.6 1821024
162.3 1821024
162.8 1820992
163.3 1820992
164.5 1820992
165.0 1827436
165.5 1827216
166.0 1827516
166.5 1828328
167.0 1827784
167.5 1827768
168.0 1827848
168.5 1827976
169.0 1827768
169.5 1827816
170.0 1827400
170.5 1827544
171.0 1827528
171.5 1827936
172.0 1827540
172.5 1827956
173.0 1827876
173.5 1827828
174.0 1827716
174.5 1827764
175.0 1827584
175.5 1827648
176.0 1827940
176.5 1827432
177.0 1828444
177.5 1827736
178.0 1827880
178.5 1827484
179.0 1827564
179.5 1827532
180.0 1827560
180.5 1827780
181.0 1827452
181.5 1827352
182.0 1827544
182.5 1827748
183.0 1827448
183.5 1827828
184.0 1827780
184.5 1827132
185.0 1827792
185.5 1828184
186.0 1827636
186.5 1827444
187.0 1821716
187.5 1821716
188.5 1821716
189.0 1821716
189.5 1821716
190.8 1821744
191.5 1821744
192.4 1821712
192.9 1821712
193.4 1821712
194.4 1821712
195.0 1821712
195.5 1821712
197.3 1821712
197.8 1821712
200.5 1821712
201.0 1821680
201.5 1821680
202.7 1821680
203.2 1821744
203.7 1821744
204.2 1821744
204.7 1821744
205.2 1821744
205.7 1821744
206.2 1821712
206.8 1821712
207.3 1821712
208.7 1821712
209.2 1821712
209.7 1824316
210.2 1827764
210.7 1827716
211.2 1827512
211.7 1827320
212.2 1827512
212.7 1827340
213.2 1827180
213.7 1827384
214.2 1827588
214.7 1827084
215.2 1826956
215.7 1826924
216.2 1827036
216.7 1827384
217.2 1826908
217.7 1827320
218.2 1827160
218.7 1827256
219.2 1827148
219.7 1827444
220.2 1827252
220.7 1827584
221.2 1827632
221.7 1827376
222.2 1827228
222.7 1827592
223.2 1827748
223.7 1828032
224.2 1827796
224.7 1827796
225.2 1827536
225.7 1827776
226.2 1827964
226.7 1827776
227.2 1827936
227.7 1827996
228.2 1827588
228.7 1827824
229.2 1827792
229.7 1827696
230.2 1827992
230.7 1827584
231.2 1827504
231.7 1827724
232.2 1821784
232.8 1821784
233.3 1821784
233.9 1821784
235.1 1821784
235.6 1821784
236.1 1821780
236.8 1821780
237.3 1821812
238.1 1821812
238.6 1821812
240.2 1821812
240.7 1821812
241.5 1821812
242.1 1821780
243.0 1821780
243.6 1821780
244.3 1821780
245.3 1821780
247.2 1821780
247.7 1821780
251.0 1821812
251.5 1821812
252.7 1821780
254.5 1821780
255.0 1827300
255.5 1827492
256.0 1827488
256.5 1828388
257.0 1827680
257.5 1827824
258.0 1827760
258.5 1827824
259.0 1827420
259.5 1827516
260.0 1827100
260.5 1827432
261.0 1827968
261.5 1827764
262.0 1827588
262.5 1827716
263.0 1827668
263.5 1827196
264.0 1827580
264.5 1827512
265.0 1827624
265.5 1827736
266.0 1827436
266.5 1827532
267.0 1827264
267.5 1827940
268.0 1827608
268.5 1827264
269.0 1827168
269.5 1826916
270.0 1827148
270.5 1827400
271.0 1827464
271.5 1827368
272.0 1827464
272.5 1827400
273.0 1827668
273.5 1827716
274.0 1827780
274.5 1827732
275.0 1827412
275.5 1827160
276.0 1827428
276.5 1827664
277.0 1821812
277.9 1821812
278.4 1821812
279.2 1821812
281.1 1821808
282.6 1821808
283.1 1821808
284.9 1821808
285.4 1821808
285.9 1821808
287.7 1821840
288.2 1821840
288.7 1821840
289.2 1821840
290.0 1821840
290.5 1821840
291.0 1821840
292.9 1821808
294.4 1821808
295.0 1821808
295.5 1821808
296.2 1821808
297.9 1821808
298.4 1821840
299.0 1821840
299.5 1821840
300.0 1827488
300.5 1827872
301.0 1827668
301.5 1827304
302.0 1827936
302.5 1827700
303.0 1827936
303.5 1827700
304.0 1828000
304.5 1827540
305.0 1827760
305.5 1827632
306.0 1827428
306.5 1827540
307.0 1827664
307.5 1827696
308.0 1827348
308.5 1827380
309.0 1827240
309.5 1827632
310.0 1826984
310.5 1826936
311.0 1826856
311.5 1826824
312.0 1826856
312.5 1826856
313.0 1827204
313.5 1826808
314.0 1826920
314.5 1827748
315.0 1827508
315.5 1827336
316.0 1827700
316.5 1827320
317.0 1827448
317.5 1827304
318.0 1827716
318.5 1827588
319.0 1827612
319.5 1827788
320.0 1827804
320.5 1827408
321.0 1827644
321.5 1827472
322.0 1821776
322.5 1821744
324.3 1821744
325.5 1821744
327.5 1821744
328.9 1821744
329.7 1821744
330.2 1821744
333.4 1821744
335.9 1821776
337.3 1821776
339.1 1821776
340.9 1821776
341.4 1821776
341.9 1821776
342.4 1821776
344.2 1821744
344.7 1828224
345.2 1827480
345.7 1827540
346.2 1827524
346.7 1827432
347.2 1827684
347.7 1827556
348.2 1827400
348.7 1827368
349.2 1827528
349.7 1827512
350.2 1827780
350.7 1827336
351.2 1827444
351.7 1827716
352.2 1827604
352.7 1828080
353.2 1827588
353.7 1827668
354.2 1827448
354.7 1827448
355.2 1827228
355.7 1827148
356.2 1827068
356.7 1827576
357.2 1827116
357.7 1827716
358.2 1827448
358.7 1827824
359.2 1827540
359.7 1827540
360.2 1827572
360.7 1827668
361.2 1827572
361.7 1827524
362.2 1827652
362.7 1827948
363.2 1827968
363.7 1827464
364.2 1827840
364.7 1828188
365.2 1827908
365.7 1826928
366.2 1827480
366.7 1826584
367.2 1821636
368.5 1821668
369.1 1821668
370.6 1821668
371.1 1821668
371.6 1821668
372.3 1821668
373.5 1821668
375.3 1821668
379.6 1821636
380.1 1821636
381.9 1821636
383.7 1821636
384.2 1821636
385.7 1821636
386.2 1821668
387.2 1821668
389.0 1821636
389.5 1821636
390.0 1827340
390.5 1827708
391.0 1827424
391.5 1827628
392.0 1827612
392.5 1827788
393.0 1827344
393.5 1828208
394.0 1827344
394.5 1828320
395.0 1827912
395.5 1827912
396.0 1827648
396.5 1827328
397.0 1827376
397.5 1827392
398.0 1827328
398.5 1827472
399.0 1827676
399.5 1827504
400.0 1827676
400.5 1827264
401.0 1827836
401.5 1827296
402.0 1827264
402.5 1827724
403.0 1827392
403.5 1827296
404.0 1827660
404.5 1827456
405.0 1827520
405.5 1827124
406.0 1827204
406.5 1827172
407.0 1827156
407.5 1827472
408.0 1827236
408.5 1827440
409.0 1827408
409.5 1827296
410.0 1827408
410.5 1827108
411.0 1827392
411.5 1827596
412.8 1821432
414.3 1821432
416.1 1821432
416.6 1821432
417.1 1821432
418.9 1821432
419.4 1821432
419.9 1821432
420.4 1821432
420.9 1821432
423.8 1821464
425.1 1821464
425.9 1821464
426.4 1821464
426.9 1821464
427.4 1821464
427.9 1821464
428.4 1821432
428.9 1821432
429.4 1821432
429.9 1821432
430.4 1821432
430.9 1821432
431.4 1821464
431.9 1821464
432.4 1821464
432.9 1821464
433.4 1821464
433.9 1821432
434.4 1821432
434.9 1827660
435.4 1827596
435.9 1827660
436.4 1827676
436.9 1827596
437.4 1827424
437.9 1827472
438.4 1827532
438.9 1827660
439.4 1827580
439.9 1827376
440.4 1827724
440.9 1827456
441.4 1827612
441.9 1827612
442.4 1827328
442.9 1827296
443.4 1827440
443.9 1827232
444.4 1827312
444.9 1827376
445.4 1827976
445.9 1827456
446.4 1827312
446.9 1827676
447.4 1827424
447.9 1827328
448.4 1827424
448.9 1827312
449.4 1827172
449.9 1827408
450.4 1827152
450.9 1827344
451.4 1827628
451.9 1827564
452.4 1827740
452.9 1827612
453.4 1827440
453.9 1827752
454.4 1827612
454.9 1827692
455.4 1827232
455.9 1827424
456.4 1827264
456.9 1821428
457.4 1821428
457.9 1821428
458.4 1821428
458.9 1821428
459.4 1821428
459.9 1821460
460.4 1821428
460.9 1821428
461.4 1821428
461.9 1821428
462.7 1821428
463.2 1821428
463.7 1821428
464.2 1821428
464.7 1821428
465.2 1821428
465.7 1821396
466.2 1821396
466.7 1821396
467.2 1821396
467.7 1821460
468.2 1821460
468.7 1821460
469.2 1821460
469.7 1821460
470.2 1821460
470.7 1821428
471.3 1821428
471.8 1821428
472.3 1821428
472.8 1821428
473.3 1821428
473.8 1821428
474.3 1821428
474.8 1821460
475.3 1821460
475.8 1821460
476.3 1821460
476.8 1821460
477.3 1821460
477.8 1821460
478.3 1821460
478.8 1821460
479.3 1821460
479.8 1821428
480.3 1827716
480.8 1827636
481.3 1827684
481.8 1827732
482.3 1827572
482.8 1828000
483.3 1826964
483.8 1827328
484.3 1827596
484.8 1827708
485.3 1827408
485.8 1827344
486.3 1827060
486.8 1827172
487.3 1827060
487.8 1827076
488.3 1827124
488.8 1827156
489.3 1827156
489.8 1827060
490.3 1827012
490.8 1827156
491.3 1826488
491.8 1827516
492.3 1827296
492.8 1827264
493.3 1827548
493.8 1827628
494.3 1827580
494.8 1827376
495.3 1827848
495.8 1827296
496.3 1827676
496.8 1827644
497.3 1827660
497.8 1827456
498.3 1827956
498.8 1827360
499.3 1827076
499.8 1827508
500.3 1827416
500.8 1827224
501.3 1827684
501.8 1827668
502.3 1827620
502.8 1827620
503.3 1824124
503.8 1821324
504.3 1821324
504.8 1821324
505.3 1821324
505.8 1821324
506.3 1821324
506.8 1821324
507.3 1821324
507.8 1821292
508.3 1821292
508.8 1821292
509.3 1821292
509.8 1821292
510.3 1821292
510.8 1821292
511.3 1821324
511.8 1821324
512.3 1821324
512.8 1821292
513.3 1821292
513.8 1821292
514.3 1821292
514.8 1821292
515.3 1821292
515.8 1821292
516.3 1821292
516.8 1821292
517.4 1821260
517.9 1821260
518.4 1821260
518.9 1821324
519.4 1821324
519.9 1821324
520.4 1821324
520.9 1821324
521.4 1821324
521.9 1821292
522.4 1821292
522.9 1821292
523.4 1821292
523.9 1821292
524.4 1821292
524.9 1827272
525.4 1827208
525.9 1827448
526.4 1827288
526.9 1827020
527.4 1827180
527.9 1827132
528.4 1826848
528.9 1826912
529.4 1826880
529.9 1826980
530.4 1826996
530.9 1827044
531.4 1827092
531.9 1827060
532.4 1827012
532.9 1827344
533.4 1827376
533.9 1827328
534.4 1827440
534.9 1827360
535.4 1826840
535.9 1826984
536.4 1827204
536.9 1826936
537.4 1826888
537.9 1827156
538.4 1827220
538.9 1827960
539.4 1827360
539.9 1827424
540.4 1827236
540.9 1827348
541.4 1826760
541.9 1827156
542.4 1827456
542.9 1827472
543.4 1827456
543.9 1827612
544.4 1827472
544.9 1826964
545.4 1827168
545.9 1827092
546.4 1827248
546.9 1827328
547.4 1827300
547.9 1823028
548.4 1821072
548.9 1821104
549.4 1821104
549.9 1821104
550.4 1821104
550.9 1821104
551.4 1821072
551.9 1821072
552.4 1821072
552.9 1821072
553.4 1821072
553.9 1821072
554.4 1821072
554.9 1821040
555.4 1821040
555.9 1821040
556.5 1821040
557.0 1821040
557.5 1821104
558.0 1821104
558.5 1821104
559.0 1821104
559.5 1821104
560.0 1821072
560.5 1821072
561.0 1821072
561.5 1821072
562.0 1821072
562.5 1821072
563.0 1821072
563.5 1821072
564.0 1821104
564.5 1821104
565.0 1821104
565.5 1821104
566.0 1821104
566.5 1821104
567.0 1821104
567.5 1821104
568.0 1821104
568.5 1821104
569.0 1821072
569.5 1821072
570.0 1826996
570.5 1827236
571.0 1827092
571.5 1827296
572.0 1827248
572.5 1827392
573.0 1827360
573.5 1827328
574.0 1827532
574.5 1827692
575.0 1827152
575.5 1827280
576.0 1827376
576.5 1827392
577.0 1827376
577.5 1827392
578.0 1827328
578.5 1827440
579.0 1827692
579.5 1827612
580.0 1827552
580.5 1827248
581.0 1827232
581.5 1827252
582.0 1826996
582.5 1826980
583.0 1827140
583.5 1827028
584.0 1827520
584.5 1826872
585.0 1827472
585.5 1827280
586.0 1827468
586.5 1827756
587.0 1827360
587.5 1827376
588.0 1827564
588.5 1827264
589.0 1827344
589.5 1827612
590.0 1827220
590.5 1827408
591.0 1827660
591.5 1827516
592.0 1827376
592.5 1827344
593.0 1827644
593.5 1821704
594.0 1821736
594.5 1821736
595.0 1821736
595.5 1821736
596.0 1821736
596.5 1821736
597.0 1821704
597.5 1821704
598.0 1821704
598.5 1821704
599.0 1821704
599.5 1821704
600.0 1821704
600.5 1821704
601.0 1821704
601.5 1821704
602.0 1821736
602.5 1821736
603.0 1821736
603.5 1821736
604.0 1821736
604.5 1821736
605.0 1821736
605.5 1821736
606.0 1821704
606.5 1821704
607.0 1821704
607.6 1821704
608.1 1821704
608.6 1821736
609.1 1821736
609.6 1821736
610.1 1821736
610.6 1821704
611.1 1821704
611.6 1821704
612.1 1821704
612.6 1821704
613.1 1821704
613.6 1821704
614.1 1821704
614.6 1821704
615.1 1827192
615.6 1827636
616.1 1827272
616.6 1827636
617.1 1827700
617.6 1827272
618.1 1827460
618.6 1827680
619.1 1827396
619.6 1827588
620.1 1828140
620.6 1827708
621.1 1827536
621.6 1827676
622.1 1827344
622.6 1827424
623.1 1826856
623.6 1827016
624.1 1826824
624.6 1827124
625.1 1827156
625.6 1827092
626.1 1827252
626.6 1827108
627.1 1826888
627.6 1826824
628.1 1826904
628.6 1826936
629.1 1827140
629.6 1827564
630.1 1827368
630.6 1827416
631.1 1827228
631.6 1827480
632.1 1827148
632.6 1826800
633.1 1827952
633.6 1827716
634.1 1827572
634.6 1827572
635.1 1827700
635.6 1827432
636.1 1827320
636.6 1827336
637.1 1827936
637.6 1827824
638.1 1821392
638.6 1821392
639.1 1821392
639.6 1821392
640.1 1821360
640.6 1821424
641.1 1821424
641.6 1821424
642.1 1821424
642.6 1821424
643.1 1821424
643.6 1821424
644.1 1821424
644.6 1821424
645.1 1821424
645.6 1821392
646.1 1821392
646.6 1821392
647.1 1821392
647.6 1821392
648.1 1821424
648.6 1821424
649.1 1821392
649.6 1821392
650.1 1821392
650.6 1821392
651.1 1821392
651.6 1821392
652.1 1821392
652.6 1821392
653.1 1821392
653.6 1821392
654.1 1821360
654.6 1821360
655.1 1821360
655.6 1821424
656.1 1821424
656.6 1821424
657.1 1821424
657.6 1821424
658.2 1821424
658.7 1821424
659.2 1821424
659.7 1821392
660.2 1827320
660.7 1827272
661.2 1827368
661.7 1827668
662.2 1827384
662.7 1827352
663.2 1827652
663.7 1827492
664.2 1827620
664.7 1827556
665.2 1827400
665.7 1827716
666.2 1827196
666.7 1826940
667.2 1827732
667.7 1827464
668.2 1827304
668.7 1827052
669.2 1827416
669.7 1827432
670.2 1827304
670.7 1827352
671.2 1827652
671.7 1826956
672.2 1827636
672.7 1827604
673.2 1828032
673.7 1827336
674.2 1827384
674.7 1827240
675.2 1827244
675.7 1827100
676.2 1827084
676.7 1827068
677.2 1827336
677.7 1827304
678.2 1827336
678.7 1827864
679.2 1827280
679.7 1827732
680.2 1827572
680.7 1827592
681.2 1827620
681.7 1827352
682.2 1821460
682.7 1821460
683.2 1821460
683.7 1821460
684.2 1821460
684.7 1821460
685.2 1821460
685.7 1821460
686.2 1821460
686.7 1821492
687.2 1821492
687.7 1821492
688.2 1821492
688.7 1821492
689.2 1821492
689.7 1821492
690.2 1821492
690.7 1821492
691.2 1821492
691.7 1821460
692.2 1821460
692.7 1821460
693.2 1821460
693.7 1821492
694.2 1821492
694.7 1821492
695.2 1821492
695.7 1821492
696.2 1821492
696.7 1821460
697.2 1821460
697.7 1821460
698.2 1821460
698.8 1821460
699.3 1821460
699.8 1821460
700.3 1821460
700.8 1821460
701.3 1821460
701.8 1821492
702.3 1821492
702.8 1821492
703.3 1821492
703.8 1821492
704.4 1821492
704.9 1821492
705.4 1827448
705.9 1826864
706.4 1826832
706.9 1826864
707.4 1826832
707.9 1826752
708.4 1826896
708.9 1826848
709.4 1827352
709.9 1827464
710.4 1827528
710.9 1827196
711.4 1826880
711.9 1826944
712.4 1826976
712.9 1826944
713.4 1827312
713.9 1826840
714.4 1826856
714.9 1826888
715.4 1826912
715.9 1826992
716.4 1827128
716.9 1827416
717.4 1827444
717.9 1827556
718.4 1827888
718.9 1827352
719.4 1827368
719.9 1827256
720.4 1827480
720.9 1827448
721.4 1827368
721.9 1827464
722.4 1827368
722.9 1827336
723.4 1827684
723.9 1827336
724.4 1827272
724.9 1827620
725.4 1827496
725.9 1827432
726.4 1827620
726.9 1827400
727.4 1821728
727.9 1821728
728.4 1821728
728.9 1821728
729.4 1821728
729.9 1821696
730.4 1821696
730.9 1821696
731.4 1821696
731.9 1821696
732.4 1821728
732.9 1821728
733.4 1821728
733.9 1821728
734.4 1821728
734.9 1821696
735.4 1821696
735.9 1821696
736.4 1821696
736.9 1821696
737.4 1821696
737.9 1821696
738.4 1821696
739.0 1821664
739.5 1821664
740.0 1821664
740.5 1821728
741.0 1821728
741.5 1821728
742.0 1821728
742.5 1821728
743.0 1821728
743.5 1821728
744.0 1821696
744.5 1821696
745.0 1821696
745.5 1821696
746.0 1821696
746.5 1821696
747.0 1821696
747.5 1821696
748.0 1821696
748.5 1821696
749.0 1821696
749.5 1821696
750.0 1827196
750.5 1827684
751.0 1827508
751.5 1827336
752.0 1827320
752.5 1827748
753.0 1827384
753.5 1827400
754.0 1827288
754.5 1827968
755.0 1827680
755.5 1827224
756.0 1827316
756.5 1827396
757.0 1827348
757.5 1827464
758.0 1827292
758.5 1827672
759.0 1827460
759.5 1827224
760.0 1827288
760.5 1827148
761.0 1827180
761.5 1827352
762.0 1827588
762.5 1827336
763.0 1827432
763.5 1827384
764.0 1827384
764.5 1827296
765.0 1827128
765.5 1827300
766.0 1827364
766.5 1827476
767.0 1827048
767.5 1827552
768.0 1827284
768.5 1827332
769.0 1827548
769.5 1827252
770.0 1826872
770.5 1827092
771.0 1827344
771.5 1826840
772.0 1820860
774.8 1820860
776.4 1820920
776.9 1820920
778.1 1820920
780.5 1820920
781.3 1820920
781.8 1820920
782.3 1820920
783.0 1820888
783.5 1820888
784.0 1820888
785.0 1820888
785.5 1820888
786.0 1820888
787.3 1820920
787.8 1820920
788.5 1820888
789.9 1820888
790.4 1820888
790.9 1820888
791.7 1820888
792.2 1820888
792.7 1820888
793.2 1820888
793.7 1820888
794.5 1820856
795.0 1826876
795.5 1826844
796.0 1827964
796.5 1827640
797.0 1827452
797.5 1827120
798.0 1827088
798.5 1827040
799.0 1826992
799.5 1827276
800.0 1827400
800.5 1827668
801.0 1827540
801.5 1827792
802.0 1827272
802.5 1827336
803.0 1827352
803.5 1827416
804.0 1827556
804.5 1827304
805.0 1827708
805.5 1827080
806.0 1827348
806.5 1827536
807.0 1827696
807.5 1827332
808.0 1827252
808.5 1827316
809.0 1827144
809.5 1827508
810.0 1827196
810.5 1826972
811.0 1827208
811.5 1827304
812.0 1827320
812.5 1827604
813.0 1827948
813.5 1827636
814.0 1827416
814.5 1827288
815.0 1827200
815.5 1827580
816.0 1827676
816.5 1827596
817.0 1821608
817.5 1821576
818.0 1821576
818.5 1821576
820.3 1821576
820.8 1821568
821.5 1821568
822.1 1821568
822.6 1821568
823.1 1821568
823.6 1821536
825.3 1821536
825.8 1821536
826.3 1821536
827.3 1821536
827.9 1821568
828.7 1821568
829.2 1821568
829.7 1821568
831.0 1821536
831.5 1821536
833.0 1821536
833.5 1821536
834.0 1821536
835.3 1821536
835.8 1821536
836.3 1821536
837.0 1821536
837.8 1821536
838.3 1821568
838.8 1821568
839.3 1821568
839.8 1827808
840.3 1827468
840.8 1827896
841.3 1827424
841.8 1827580
842.3 1827660
842.8 1827012
843.3 1827360
843.8 1827504
844.3 1827644
844.8 1827496
845.3 1827560
845.8 1827400
846.3 1827308
846.8 1827008
847.3 1827276
847.8 1827624
848.3 1827276
848.8 1827180
849.3 1827088
849.8 1827080
850.3 1827208
850.8 1826500
851.3 1826832
851.8 1826720
852.3 1826580
852.8 1826564
853.3 1826452
853.8 1826896
854.3 1826864
854.8 1826936
855.3 1826968
855.8 1826748
856.3 1827048
856.8 1826796
857.3 1827096
857.8 1827316
858.3 1827268
858.8 1827204
859.3 1827268
859.8 1827236
860.3 1827176
860.8 1827336
861.3 1827156
861.8 1827316
862.3 1821400
862.8 1821400
863.3 1821400
865.0 1821400
866.8 1821400
867.8 1821400
871.5 1821368
872.0 1821432
875.4 1821432
877.2 1821432
880.6 1821432
882.4 1821432
884.1 1821432
884.6 1821400
885.1 1827364
885.6 1827568
886.1 1827124
886.6 1827348
887.1 1827600
887.6 1827236
888.1 1827552
888.6 1827584
889.1 1827600
889.6 1827616
890.1 1827172
890.6 1826860
891.1 1826496
891.6 1826748
892.1 1826716
892.6 1827064
893.1 1826908
893.6 1827032
894.1 1826780
894.6 1826624
895.1 1827176
895.6 1828364
896.1 1828176
896.6 1827928
897.1 1827292
897.6 1827500
898.1 1827580
898.6 1826584
899.1 1826976
899.6 1827320
900.1 1826940
900.6 1827032
901.1 1827316
901.6 1827220
902.1 1827268
902.6 1827316
903.1 1827300
903.6 1827220
904.1 1827236
904.6 1827268
905.1 1827344
905.6 1827280
906.1 1827312
906.6 1825888
907.1 1821640
907.6 1821640
911.1 1821636
912.8 1821636
916.1 1821636
918.2 1821636
921.6 1821636
925.0 1821636
926.7 1821604
927.2 1821604
929.1 1821604
929.6 1824300
930.1 1827608
930.6 1826820
931.1 1826708
931.6 1826788
932.1 1826724
932.6 1827244
933.1 1827944
933.6 1827308
934.1 1827404
934.6 1827684
935.1 1827636
935.6 1827604
936.1 1827492
936.6 1827632
937.1 1827124
937.6 1827480
938.1 1827052
938.6 1826972
939.1 1826880
939.6 1827016
940.1 1827016
940.6 1826688
941.1 1826732
941.6 1826828
942.1 1826512
942.6 1826796
943.1 1827080
943.6 1826904
944.1 1826764
944.6 1826600
945.1 1827296
945.6 1827752
946.1 1827184
946.6 1827532
947.1 1827628
947.6 1827564
948.1 1827580
948.6 1827516
949.1 1827500
949.6 1827560
950.1 1827244
950.6 1827624
951.1 1827656
951.6 1827528
952.1 1820804
952.6 1820804
953.1 1820804
953.6 1820804
955.1 1820800
955.6 1820800
956.1 1820800
956.6 1820768
958.3 1820768
958.8 1820768
959.3 1820800
959.8 1820800
960.3 1820800
963.7 1820800
965.5 1820800
966.4 1820800
966.9 1820768
967.4 1820768
967.9 1820768
968.4 1820768
968.9 1820768
969.4 1820768
970.6 1820768
971.2 1820768
971.8 1820768
972.4 1820800
972.9 1820800
973.4 1820800
973.9 1820800
974.4 1820800
974.9 1826704
975.4 1826720
975.9 1826720
976.4 1826672
976.9 1827052
977.4 1826452
977.9 1827192
978.4 1827272
978.9 1827084
979.4 1827224
979.9 1826812
980.4 1826952
980.9 1826668
981.4 1826844
981.9 1826812
982.4 1826828
982.9 1826764
983.4 1826684
983.9 1826844
984.4 1826652
984.9 1827328
985.4 1827116
985.9 1826916
986.4 1827404
986.9 1827516
987.4 1827264
987.9 1826744
988.4 1826680
988.9 1826948
989.4 1827296
989.9 1827292
990.4 1827132
990.9 1827228
991.4 1827164
991.9 1827228
992.4 1827260
992.9 1827052
993.4 1827196
993.9 1826880
994.4 1827008
994.9 1827036
995.4 1827052
995.9 1827272
996.4 1827176
996.9 1822660
997.4 1821600
997.9 1821600
998.4 1821600
999.8 1821600
1000.4 1821628
1000.9 1821628
1001.9 1821596
1002.4 1821596
1003.4 1821596
1004.9 1821596
1005.4 1821596
1005.9 1821596
1006.4 1821596
1008.0 1821596
1008.5 1821596
1009.0 1821596
1009.5 1821564
1010.0 1821564
1010.5 1821628
1011.0 1821628
1011.5 1821628
1012.0 1821628
1012.8 1821628
1013.3 1821628
1013.8 1821628
1014.3 1821596
1014.9 1821596
1015.4 1821596
1015.9 1821596
1016.4 1821596
1016.9 1821596
1017.9 1821596
1018.4 1821596
1018.9 1821628
1019.5 1821628
1020.0 1827464
1020.5 1827736
1021.0 1827480
1021.5 1827544
1022.0 1827056
1022.5 1827008
1023.0 1827180
1023.5 1827180
1024.0 1827132
1024.5 1827244
1025.0 1827508
1025.5 1827112
1026.0 1827064
1026.5 1827652
1027.0 1827240
1027.5 1826892
1028.0 1827224
1028.5 1827432
1029.0 1827396
1029.5 1827316
1030.0 1827756
1030.5 1827456
1031.0 1827488
1031.5 1827328
1032.0 1827520
1032.5 1827520
1033.0 1827552
1033.5 1827552
1034.0 1827600
1034.5 1827536
1035.0 1827644
1035.5 1827264
1036.0 1827264
1036.5 1827344
1037.0 1827120
1037.5 1827028
1038.0 1826908
1038.5 1827160
1039.0 1827492
1039.5 1827796
1040.0 1827964
1040.5 1827552
1041.0 1827820
1041.5 1827660
1042.0 1821500
1043.7 1821500
1044.2 1821500
1045.0 1821468
1045.5 1821464
1046.0 1821464
1046.5 1821464
1048.2 1821496
1050.0 1821496
1050.5 1821496
1052.2 1821464
1054.0 1821464
1054.5 1821464
1055.0 1821464
1055.5 1821464
1057.2 1821464
1057.7 1821464
1059.5 1821464
1060.0 1821464
1061.5 1821496
1063.3 1821496
1063.8 1821496
1064.5 1821496
1065.0 1827320
1065.5 1827572
1066.0 1827176
1066.5 1826940
1067.0 1826932
1067.5 1827108
1068.0 1827640
1068.5 1827340
1069.0 1827580
1069.5 1827468
1070.0 1827416
1070.5 1827700
1071.0 1827624
1071.5 1827512
1072.0 1827276
1072.5 1827116
1073.0 1827608
1073.5 1827384
1074.0 1827512
1074.5 1827700
1075.0 1827568
1075.5 1827412
1076.0 1827672
1076.5 1827548
1077.0 1827452
1077.5 1827484
1078.0 1827720
1078.5 1827452
1079.0 1827152
1079.5 1827264
1080.0 1826880
1080.5 1826976
1081.0 1827196
1081.5 1827576
1082.0 1828012
1082.5 1827608
1083.0 1827592
1083.5 1827432
1084.0 1827464
1084.5 1827324
1085.0 1827348
1085.5 1827476
1086.0 1827128
1086.5 1826324
1087.0 1820772
1088.0 1820772
1088.9 1820772
1092.3 1820768
1094.1 1820768
1094.6 1820768
1095.1 1820736
1095.8 1820736
1096.4 1820736
1097.1 1820768
1097.6 1820768
1098.3 1820768
1098.8 1820768
1099.9 1820768
1101.0 1820736
1101.5 1820736
1102.0 1820736
1102.5 1820736
1106.1 1820736
1107.3 1820736
1107.8 1820736
1109.5 1820736
1110.0 1826628
1110.5 1826564
1111.0 1827164
1111.5 1827400
1112.0 1827352
1112.5 1827528
1113.0 1827132
1113.5 1827140
1114.0 1827504
1114.5 1827344
1115.0 1827120
1115.5 1827420
1116.0 1827420
1116.5 1827200
1117.0 1827168
1117.5 1827460
1118.0 1827412
1118.5 1827760
1119.0 1827492
1119.5 1827176
1120.0 1826924
1120.5 1827492
1121.0 1827412
1121.5 1827980
1122.0 1827412
1122.5 1827432
1123.0 1827272
1123.5 1827396
1124.0 1827160
1124.5 1827444
1125.0 1827316
1125.5 1827144
1126.0 1827396
1126.5 1827508
1127.0 1827380
1127.5 1827332
1128.0 1827364
1128.5 1827320
1129.0 1827524
1129.5 1827620
1130.0 1827524
1130.5 1827584
1131.0 1827332
1131.5 1828076
1132.0 1821408
1132.5 1821408
1133.2 1821408
1133.7 1821376
1135.5 1821376
1137.3 1821376
1137.8 1821376
1138.3 1821376
1138.8 1821376
1139.3 1821376
1139.8 1821408
1142.8 1821408
1148.0 1821376
1151.5 1821376
1153.3 1821376
1153.8 1821376
1154.5 1821376
1155.0 1827556
1155.5 1827524
1156.0 1827540
1156.5 1826892
1157.0 1826972
1157.5 1827192
1158.0 1827428
1158.5 1827452
1159.0 1827692
1159.5 1827232
1160.0 1827184
1160.5 1827880
1161.0 1827500
1161.5 1827372
1162.0 1827468
1162.5 1827516
1163.0 1827328
1163.5 1827596
1164.0 1827880
1164.5 1827880
1165.0 1827684
1165.5 1827324
1166.0 1827212
1166.5 1827244
1167.0 1827432
1167.5 1828456
1168.0 1827640
1168.5 1827416
1169.0 1827512
1169.5 1827796
1170.0 1827448
1170.5 1827684
1171.0 1827560
1171.5 1827448
1172.0 1827336
1172.5 1827780
1173.0 1827796
1173.5 1827620
1174.0 1827812
1174.5 1827448
1175.0 1827292
1175.5 1827640
1176.0 1827780
1176.5 1827528
1177.0 1821264
1178.9 1821264
1179.4 1821264
1180.5 1821264
1182.9 1821232
1186.3 1821232
1188.0 1821296
1189.5 1821296
1190.3 1821296
1192.0 1821296
1193.3 1821296
1195.4 1821264
1197.2 1821264
1198.9 1821264
1199.4 1821264
1199.9 1821264
1200.4 1827360
1200.9 1827408
1201.4 1827488
1201.9 1827252
1202.4 1827644
1202.9 1827408
1203.4 1827312
1203.9 1827144
1204.4 1827692
1204.9 1827328
1205.4 1827020
1205.9 1827240
1206.4 1827508
1206.9 1827412
1207.4 1827160
1207.9 1827224
1208.4 1827176
1208.9 1826940
1209.4 1827208
1209.9 1827288
1210.4 1827312
1210.9 1827328
1211.4 1827076
1211.9 1827532
1212.4 1827376
1212.9 1827692
1213.4 1827376
1213.9 1827644
1214.4 1827424
1214.9 1827440
1215.4 1827376
1215.9 1827488
1216.4 1827408
1216.9 1827300
1217.4 1827636
1217.9 1827544
1218.4 1827764
1218.9 1827480
1219.4 1827512
1219.9 1827480
1220.4 1827496
1220.9 1827496
1221.4 1827512
1221.9 1827480
1222.4 1821444
1224.2 1821444
1224.7 1821444
1225.2 1821444
1228.7 1821444
1230.4 1821412
1230.9 1821412
1232.1 1821412
1234.0 1821412
1234.5 1821412
1235.5 1821444
1236.0 1821444
1236.5 1821444
1240.0 1821444
1240.5 1821444
1241.0 1821444
1241.5 1821412
1244.5 1821412
1245.0 1827268
1245.5 1827172
1246.0 1827220
1246.5 1827360
1247.0 1827384
1247.5 1827480
1248.0 1827196
1248.5 1827164
1249.0 1827164
1249.5 1827196
1250.0 1826912
1250.5 1826816
1251.0 1826992
1251.5 1826896
1252.0 1827572
1252.5 1827164
1253.0 1827384
1253.5 1827560
1254.0 1827244
1254.5 1827796
1255.0 1827276
1255.5 1827196
1256.0 1827384
1256.5 1826992
1257.0 1827212
1257.5 1826896
1258.0 1826944
1258.5 1826912
1259.0 1826612
1259.5 1826692
1260.0 1826628
1260.5 1826660
1261.0 1826500
1261.5 1826944
1262.0 1827132
1262.5 1827432
1263.0 1827084
1263.5 1827288
1264.0 1827368
1264.5 1826976
1265.0 1827924
1265.5 1827368
1266.0 1827336
1266.5 1826756
1267.0 1826912
1267.5 1826564
1268.0 1821644
1268.9 1821644
1269.4 1821644
1269.9 1821644
1270.4 1821644
1270.9 1821644
1271.4 1821612
1271.9 1821612
1272.6 1821612
1273.1 1821612
1273.6 1821612
1274.1 1821612
1275.0 1821612
1275.5 1821644
1276.0 1821612
1276.5 1821612
1277.5 1821612
1278.0 1821612
1278.5 1821612
1279.0 1821612
1279.7 1821612
1280.2 1821612
1281.0 1821612
1281.5 1821612
1282.0 1821612
1282.8 1821580
1284.3 1821644
1284.8 1821644
1285.3 1821644
1285.8 1821644
1287.0 1821644
1287.5 1821644
1288.0 1821644
1288.8 1821612
1289.3 1821612
1289.8 1821612
1290.3 1827640
1290.8 1827512
1291.3 1827448
1291.8 1827464
1292.3 1827496
1292.8 1827400
1293.3 1827180
1293.8 1827140
1294.3 1827440
1294.8 1827360
1295.3 1827140
1295.8 1827456
1296.3 1827440
1296.8 1827472
1297.3 1827376
1297.8 1827376
1298.3 1827424
1298.8 1827140
1299.3 1827408
1299.8 1827360
1300.3 1827220
1300.8 1827300
1301.3 1827432
1301.8 1827624
1302.3 1827624
1302.8 1827308
1303.3 1827180
1303.8 1827604
1304.3 1827544
1304.8 1827576
1305.3 1827572
1305.8 1827620
1306.3 1827464
1306.8 1827228
1307.3 1827388
1307.8 1827228
1308.3 1827212
1308.8 1827024
1309.3 1827040
1309.8 1827212
1310.3 1826896
1310.8 1827132
1311.3 1827464
1311.8 1827400
1312.3 1827132
1312.8 1827132
1313.3 1822436
1313.8 1821212
1314.3 1821212
1315.1 1821212
1315.6 1821212
1316.1 1821212
1316.6 1821212
1317.1 1821180
1317.6 1821180
1318.1 1821180
1318.9 1821244
1319.5 1821244
1320.0 1821244
1320.5 1821244
1321.0 1821244
1321.6 1821244
1322.1 1821244
1322.6 1821212
1323.1 1821212
1323.6 1821212
1324.4 1821212
1325.4 1821212
1325.9 1821212
1326.9 1821212
1327.6 1821212
1328.1 1821212
1328.6 1821244
1329.4 1821244
1329.9 1821244
1330.4 1821244
1330.9 1821244
1331.4 1821244
1331.9 1821244
1332.6 1821244
1333.5 1821212
1334.0 1821212
1334.5 1821212
1335.0 1827456
1335.5 1827488
1336.0 1827456
1336.5 1827268
1337.0 1827332
1337.5 1827016
1338.0 1827444
1338.5 1827440
1339.0 1827488
1339.5 1828056
1340.0 1826756
1340.5 1826872
1341.0 1826952
1341.5 1827616
1342.0 1827552
1342.5 1827204
1343.0 1827520
1343.5 1827204
1344.0 1827252
1344.5 1826936
1345.0 1827092
1345.5 1826932
1346.0 1827012
1346.5 1826760
1347.0 1826632
1347.5 1826932
1348.0 1826632
1348.5 1826916
1349.0 1827280
1349.5 1827184
1350.0 1827260
1350.5 1827084
1351.0 1827480
1351.5 1827544
1352.0 1827100
1352.5 1827508
1353.0 1827480
1353.5 1827496
1354.0 1827276
1354.5 1827164
1355.0 1827496
1355.5 1827276
1356.0 1827276
1356.5 1827368
1357.0 1827368
1357.5 1827400
1358.0 1822300
1358.6 1821484
1359.1 1821484
1359.8 1821484
1360.3 1821484
1360.8 1821484
1361.3 1821484
1362.1 1821484
1362.6 1821452
1363.1 1821452
1363.8 1821516
1364.4 1821516
1364.9 1821516
1365.5 1821516
1366.0 1821516
1366.9 1821516
1367.4 1821516
1368.5 1821516
1369.0 1821484
1369.5 1821484
1370.0 1821484
1370.5 1821484
1372.5 1821484
1373.0 1821484
1373.5 1821548
1374.0 1821548
1374.7 1821516
1375.2 1821516
1375.7 1821516
1376.2 1821516
1376.7 1821516
1377.2 1821516
1377.7 1821516
1378.2 1821516
1378.7 1821516
1379.2 1821516
1379.7 1828420
1380.2 1827416
1380.7 1827544
1381.2 1827320
1381.7 1827716
1382.2 1827684
1382.7 1827764
1383.2 1827652
1383.7 1827844
1384.2 1827748
1384.7 1827464
1385.2 1827480
1385.7 1827060
1386.2 1827408
1386.7 1827772
1387.2 1827488
1387.7 1827724
1388.2 1827692
1388.7 1827204
1389.2 1827440
1389.7 1827284
1390.2 1827804
1390.7 1827392
1391.2 1827756
1391.7 1827708
1392.2 1827472
1392.7 1827504
1393.2 1827408
1393.7 1827376
1394.2 1827568
1394.7 1827656
1395.2 1827532
1395.7 1827564
1396.2 1827404
1396.7 1828288
1397.2 1827720
1397.7 1827532
1398.2 1827468
1398.7 1827500
1399.2 1827560
1399.7 1827228
1400.2 1827232
1400.7 1827232
1401.2 1827184
1401.7 1827264
1402.2 1821664
1403.5 1821632
1404.0 1821696
1405.9 1821692
1406.4 1821692
1407.1 1821692
1407.6 1821692
1409.6 1821692
1411.4 1821692
1412.4 1821692
1414.3 1821660
1415.4 1821660
1416.6 1821660
1417.3 1821660
1418.7 1821660
1419.6 1821692
1420.1 1821692
1423.3 1821660
1424.5 1821660
1425.0 1827616
1425.5 1827472
1426.0 1827360
1426.5 1827204
1427.0 1827472
1427.5 1827568
1428.0 1827488
1428.5 1827064
1429.0 1827536
1429.5 1827852
1430.0 1827504
1430.5 1827252
1431.0 1827236
1431.5 1827440
1432.0 1827376
1432.5 1827472
1433.0 1827520
1433.5 1827676
1434.0 1827424
1434.5 1827472
1435.0 1827284
1435.5 1827268
1436.0 1827504
1436.5 1827564
1437.0 1827332
1437.5 1827268
1438.0 1827472
1438.5 1827520
1439.0 1827456
1439.5 1827344
1440.0 1827596
1440.5 1827424
1441.0 1827488
1441.5 1827488
1442.0 1827644
1442.5 1827520
1443.0 1827376
1443.5 1827032
1444.0 1826952
1444.5 1826872
1445.0 1826696
1445.5 1826836
1446.0 1826760
1446.5 1826776
1447.0 1820728
1447.5 1820728
1449.3 1820696
1449.8 1820696
1450.5 1820696
1451.0 1820760
1452.3 1820760
1452.8 1820760
1453.3 1820760
1453.8 1820760
1456.1 1820728
1457.1 1820728
1457.6 1820728
1460.2 1820728
1461.3 1820728
1461.8 1820728
1462.3 1820728
1462.8 1820728
1463.7 1820760
1464.2 1820728
1464.7 1820728
1466.3 1820728
1466.8 1820728
1467.4 1820728
1467.9 1820728
1468.4 1820728
1468.9 1820728
1469.4 1820728
1469.9 1826760
1470.4 1826760
1470.9 1826680
1471.4 1826632
1471.9 1826536
1472.4 1826520
1472.9 1826412
1473.4 1826492
1473.9 1827152
1474.4 1827348
1474.9 1827408
1475.4 1827472
1475.9 1827248
1476.4 1827488
1476.9 1827644
1477.4 1827156
1477.9 1827296
1478.4 1827360
1478.9 1827328
1479.4 1827188
1479.9 1827420
1480.4 1827292
1480.9 1827264
1481.4 1827056
1481.9 1826808
1482.4 1826300
1482.9 1826332
1483.4 1826616
1483.9 1826680
1484.4 1827028
1484.9 1826728
1485.4 1826712
1485.9 1826552
1486.4 1826916
1486.9 1826676
1487.4 1827120
1487.9 1827592
1488.4 1827056
1488.9 1827276
1489.4 1827468
1489.9 1827484
1490.4 1827340
1490.9 1827340
1491.4 1827372
1492.0 1821416
1492.5 1821416
1494.3 1821416
1494.8 1821416
1495.7 1821416
1497.4 1821416
1497.9 1821416
1498.4 1821416
1498.9 1821384
1499.4 1821384
1501.2 1821384
1503.0 1821384
1503.5 1821384
1504.0 1821416
1504.9 1821416
1505.4 1821416
1505.9 1821416
1506.4 1821416
1507.5 1821384
1508.1 1821384
1508.6 1821384
1509.1 1821384
1510.9 1821384
1511.4 1821384
1511.9 1821384
1512.4 1821384
1513.3 1821416
1513.8 1821416
1514.5 1821416
1515.0 1827476
1515.5 1827412
1516.0 1827664
1516.5 1827380
1517.0 1827584
1517.5 1827460
1518.0 1827348
1518.5 1827476
1519.0 1827428
1519.5 1826828
1520.0 1827608
1520.5 1827580
1521.0 1827452
1521.5 1827072
1522.0 1827388
1522.5 1827360
1523.0 1827452
1523.5 1827216
1524.0 1827388
1524.5 1827720
1525.0 1827404
1525.5 1827324
1526.0 1827200
1526.5 1827516
1527.0 1827608
1527.5 1827548
1528.0 1827388
1528.5 1827436
1529.0 1827248
1529.5 1827324
1530.0 1827524
1530.5 1827648
1531.0 1827372
1531.5 1827492
1532.0 1827048
1532.5 1827348
1533.0 1827364
1533.5 1827444
1534.0 1827664
1534.5 1827712
1535.0 1827128
1535.5 1826828
1536.0 1826796
1536.5 1826812
1537.0 1821156
1537.5 1821156
1539.4 1821156
1541.2 1821152
1542.5 1821152
1544.0 1821152
1544.5 1821152
1545.0 1821120
1545.5 1821120
1547.3 1821120
1547.8 1821120
1549.6 1821120
1550.1 1821120
1550.6 1821120
1551.1 1821120
1552.9 1821120
1553.4 1821120
1554.7 1821120
1556.7 1821120
1557.6 1821120
1559.4 1821120
1559.9 1827084
1560.4 1827592
1560.9 1827416
1561.4 1827212
1561.9 1827196
1562.4 1827100
1562.9 1827148
1563.4 1827256
1563.9 1826912
1564.4 1826928
1564.9 1826896
1565.4 1827276
1565.9 1827700
1566.4 1827636
1566.9 1827560
1567.4 1827164
1567.9 1827464
1568.4 1827512
1568.9 1827560
1569.4 1827116
1569.9 1827376
1570.4 1827676
1570.9 1827032
1571.4 1826904
1571.9 1827092
1572.4 1827032
1572.9 1827156
1573.4 1827204
1573.9 1826952
1574.4 1826780
1574.9 1826552
1575.4 1826284
1575.9 1826520
1576.4 1827060
1576.9 1826900
1577.4 1827312
1577.9 1826948
1578.4 1827088
1578.9 1827468
1579.4 1827212
1579.9 1827328
1580.4 1827404
1580.9 1827624
1581.4 1827388
1581.9 1821344
1582.4 1821344
1582.9 1821344
1585.0 1821344
1585.5 1821344
1586.0 1821344
1587.9 1821312
1589.7 1821312
1590.2 1821312
1592.1 1821312
1593.9 1821344
1594.4 1821344
1598.0 1821312
1601.5 1821312
1602.9 1821312
1604.5 1821312
1605.0 1827256
1605.5 1827304
1606.0 1826940
1606.5 1828232
1607.0 1827324
1607.5 1827404
1608.0 1827436
1608.5 1827436
1609.0 1827044
1609.5 1827324
1610.0 1827232
1610.5 1827404
1611.0 1827308
1611.5 1827404
1612.0 1827356
1612.5 1827340
1613.0 1827452
1613.5 1827544
1614.0 1828448
1614.5 1827872
1615.0 1827336
1615.5 1827460
1616.0 1827268
1616.5 1827284
1617.0 1827208
1617.5 1827112
1618.0 1827364
1618.5 1827128
1619.0 1827616
1619.5 1827604
1620.0 1827404
1620.5 1826760
1621.0 1826964
1621.5 1826884
1622.0 1826900
1622.5 1826932
1623.0 1826772
1623.5 1826884
1624.0 1826680
1624.5 1826568
1625.0 1827136
1625.5 1827404
1626.0 1827404
1626.5 1827404
1627.0 1821304
1627.5 1821304
1629.4 1821304
1631.1 1821304
1632.4 1821304
1634.2 1821304
1635.3 1821336
1637.3 1821336
1638.6 1821336
1640.4 1821336
1640.9 1821336
1641.4 1821336
1642.4 1821336
1643.0 1821336
1644.8 1821304
1645.3 1821304
1647.2 1821304
1647.7 1821304
1648.4 1821304
1649.5 1821336
1650.0 1827184
1650.5 1827404
1651.0 1827404
1651.5 1827372
1652.0 1827248
1652.5 1826380
1653.0 1826396
1653.5 1826236
1654.0 1826460
1654.5 1826648
1655.0 1827232
1655.5 1826916
1656.0 1826884
1656.5 1827436
1657.0 1827372
1657.5 1827640
1658.0 1827292
1658.5 1827200
1659.0 1827040
1659.5 1827276
1660.0 1827228
1660.5 1827808
1661.0 1827664
1661.5 1827476
1662.0 1827224
1662.5 1827068
1663.0 1827128
1663.5 1826780
1664.0 1827304
1664.5 1827460
1665.0 1827444
1665.5 1827016
1666.0 1827048
1666.5 1827412
1667.0 1827460
1667.5 1827316
1668.0 1827412
1668.5 1827364
1669.0 1827080
1669.5 1826892
1670.0 1827080
1670.5 1827412
1671.0 1827632
1671.5 1827412
1672.0 1821408
1673.9 1821408
1674.4 1821408
1674.9 1821408
1676.4 1821400
1676.9 1821368
1677.6 1821368
1679.5 1821368
1680.0 1821368
1680.5 1821368
1681.9 1821400
1682.4 1821400
1686.1 1821400
1686.6 1821368
1690.2 1821368
1690.7 1821368
1691.2 1821368
1693.0 1821368
1694.5 1821368
1695.0 1827336
1695.5 1827444
1696.0 1827088
1696.5 1827200
1697.0 1827404
1697.5 1827420
1698.0 1827660
1698.5 1827420
1699.0 1827564
1699.5 1827784
1700.0 1827432
1700.5 1827368
1701.0 1827256
1701.5 1827496
1702.0 1826912
1702.5 1827512
1703.0 1827496
1703.5 1827116
1704.0 1827132
1704.5 1826832
1705.0 1827360
1705.5 1827392
1706.0 1827780
1706.5 1827536
1707.0 1827504
1707.5 1827504
1708.0 1827488
1708.5 1827284
1709.0 1827220
1709.5 1827692
1710.0 1827424
1710.5 1827344
1711.0 1827280
1711.5 1827756
1712.0 1827232
1712.5 1827220
1713.0 1827236
1713.5 1826824
1714.0 1827076
1714.5 1827060
1715.0 1827144
1715.5 1827192
1716.0 1827096
1716.5 1827556
1717.0 1821304
1717.5 1821336
1718.0 1821336
1718.5 1821336
1720.5 1821332
1721.0 1821300
1721.5 1821300
1723.5 1821300
1724.2 1821300
1726.2 1821300
1728.4 1821300
1728.9 1821300
1729.4 1821300
1730.1 1821268
1730.6 1821332
1731.1 1821332
1731.6 1821332
1733.6 1821332
1734.1 1821332
1735.3 1821332
1738.2 1821332
1738.7 1821332
1739.5 1821300
1740.0 1827316
1740.5 1827296
1741.0 1827344
1741.5 1827344
1742.0 1827280
1742.5 1827424
1743.0 1827424
1743.5 1827312
1744.0 1827312
1744.5 1826948
1745.0 1826728
1745.5 1826792
1746.0 1827044
1746.5 1827644
1747.0 1827772
1747.5 1827172
1748.0 1827252
1748.5 1826652
1749.0 1827060
1749.5 1826792
1750.0 1827140
1750.5 1827092
1751.0 1827532
1751.5 1827280
1752.0 1827296
1752.5 1827172
1753.0 1827408
1753.5 1826604
1754.0 1827440
1754.5 1827360
1755.0 1827516
1755.5 1827388
1756.0 1827452
1756.5 1827260
1757.0 1827356
1757.5 1827372
1758.0 1827356
1758.5 1827624
1759.0 1827876
1759.5 1827800
1760.0 1827260
1760.5 1827672
1761.0 1827168
1761.5 1827196
1763.6 1821504
1764.1 1821504
1764.6 1821504
1765.1 1821504
1765.6 1821504
1767.5 1821504
1768.0 1821504
1768.5 1821504
1769.0 1821536
1769.5 1821536
1773.2 1821536
1773.7 1821536
1775.5 1821536
1778.1 1821536
1781.6 1821504
1784.5 1821504
1785.0 1827236
1785.5 1827252
1786.0 1827492
1786.5 1827760
1787.0 1827396
1787.5 1827364
1788.0 1827080
1788.5 1827144
1789.0 1827792
1789.5 1827616
1790.0 1827364
1790.5 1827332
1791.0 1827680
1791.5 1828012
1792.0 1827064
1792.5 1827380
1793.0 1827600
1793.5 1827584
1794.0 1827664
1794.5 1827932
1795.0 1827496
1795.5 1827764
1796.0 1827400
1796.5 1827196
1797.0 1826864
1797.5 1826864
1798.0 1826848
1798.5 1826944
1799.0 1826960
1799.5 1826896
1800.0 1827164
1800.5 1827416
1801.0 1827448
1801.5 1828268
1802.0 1827368
1802.5 1827448
1803.0 1827448
1803.5 1827336
1804.0 1827384
1804.5 1827416
1805.0 1827692
1805.5 1827820
1806.0 1827440
1806.5 1828324
1807.0 1821592
1807.5 1821592
1813.7 1821588
1814.2 1821588
1816.1 1821620
1817.9 1821620
1818.4 1821620
1818.9 1821588
1823.9 1821588
1824.4 1821588
1826.2 1821588
1828.0 1821588
1828.5 1821588
1829.5 1821588
1830.0 1827388
1830.5 1827308
1831.0 1827372
1831.5 1827040
1832.0 1827044
1832.5 1826852
1833.0 1827136
1833.5 1826916
1834.0 1827028
1834.5 1827216
1835.0 1826672
1835.5 1826624
1836.0 1827380
1836.5 1827316
1837.0 1827616
1837.5 1827208
1838.0 1827460
1838.5 1827696
1839.0 1827428
1839.5 1827316
1840.0 1827600
1840.5 1827312
1841.0 1827612
1841.5 1827440
1842.0 1827360
1842.5 1827520
1843.0 1827216
1843.5 1827612
1844.0 1827868
1844.5 1827692
1845.0 1827408
1845.5 1827092
1846.0 1827440
1846.5 1827344
1847.0 1827296
1847.5 1827216
1848.0 1827440
1848.5 1827756
1849.0 1827344
1849.5 1827092
1850.0 1827296
1850.5 1827216
1851.0 1827404
1851.5 1827324
1852.0 1821352
1853.9 1821384
1855.7 1821384
1859.0 1821384
1860.2 1821384
1862.0 1821384
1863.9 1821384
1864.4 1821384
1866.2 1821352
1867.9 1821352
1868.6 1821352
1869.5 1821352
1870.9 1821352
1872.3 1821384
1872.9 1821384
1873.4 1821384
1873.9 1821352
1874.5 1821352
1875.0 1827040
1875.5 1827736
1876.0 1826884
1876.5 1827056
1877.0 1827356
1877.5 1827260
1878.0 1827120
1878.5 1827308
1879.0 1827544
1879.5 1827512
1880.0 1827656
1880.5 1827180
1881.0 1827212
1881.5 1827576
1882.0 1827404
1882.5 1827308
1883.0 1827688
1883.5 1827356
1884.0 1827436
1884.5 1827592
1885.0 1827224
1885.5 1827368
1886.0 1827240
1886.5 1827336
1887.0 1827460
1887.5 1826736
1888.0 1827084
1888.5 1827116
1889.0 1827084
1889.5 1827116
1890.0 1827312
1890.5 1827440
1891.0 1827296
1891.5 1827368
1892.0 1827288
1892.5 1827288
1893.0 1827668
1893.5 1826880
1894.0 1826580
1894.5 1826452
1895.0 1826896
1895.5 1827116
1896.0 1827212
1896.5 1827808
1897.0 1821380
1897.5 1821348
1898.0 1821348
1898.5 1821348
1899.3 1821348
1900.0 1821348
1900.8 1821340
1901.3 1821340
1902.2 1821340
1903.9 1821340
1904.4 1821340
1904.9 1821340
1906.3 1821308
1907.6 1821372
1908.9 1821372
1909.4 1821372
1911.3 1821372
1911.8 1821372
1912.8 1821340
1913.7 1821340
1914.2 1821340
1915.4 1821340
1918.2 1821340
1918.9 1821340
1919.5 1821340
1920.0 1827408
1920.5 1827312
1921.0 1827168
1921.5 1827564
1922.0 1827376
1922.5 1827324
1923.0 1828080
1923.5 1827604
1924.0 1827432
1924.5 1827352
1925.0 1827492
1925.5 1827240
1926.0 1827604
1926.5 1827416
1927.0 1827304
1927.5 1827304
1928.0 1827320
1928.5 1827304
1929.0 1827572
1929.5 1827352
1930.0 1827220
1930.5 1827016
1931.0 1827188
1931.5 1827648
1932.0 1827396
1932.5 1827648
1933.0 1827396
1933.5 1827508
1934.0 1827188
1934.5 1827204
1935.0 1827312
1935.5 1827612
1936.0 1827264
1936.5 1827548
1937.0 1827596
1937.5 1827596
1938.0 1827708
1938.5 1827108
1939.0 1826792
1939.5 1827012
1940.0 1827260
1940.5 1827472
1941.0 1827576
1941.5 1826992
1942.0 1827308
1942.5 1827452
1943.0 1821636
1944.7 1821604
1946.1 1821596
1949.5 1821596
1950.0 1821596
1950.5 1821596
1953.8 1821596
1957.2 1821596
1962.3 1821564
1964.5 1821628
1965.0 1827488
1965.5 1827032
1966.0 1826876
1966.5 1827080
1967.0 1827064
1967.5 1827380
1968.0 1827096
1968.5 1827016
1969.0 1827276
1969.5 1827692
1970.0 1828224
1970.5 1827752
1971.0 1827388
1971.5 1827324
1972.0 1827388
1972.5 1827404
1973.0 1827340
1973.5 1827356
1974.0 1827244
1974.5 1827324
1975.0 1827348
1975.5 1827412
1976.0 1827236
1976.5 1827268
1977.0 1827128
1977.5 1827144
1978.0 1826812
1978.5 1827144
1979.0 1827616
1979.5 1827092
1980.0 1827228
1980.5 1827464
1981.0 1827560
1981.5 1827560
1982.0 1827544
1982.5 1827528
1983.0 1827576
1983.5 1827372
1984.0 1827276
1984.5 1827260
1985.0 1827348
1985.5 1827600
1986.0 1827616
1986.5 1827220
1987.0 1827348
1987.5 1827552
1988.0 1821376
1988.5 1821376
1989.0 1821376
1990.8 1821368
1992.5 1821368
1994.3 1821368
1996.0 1821368
1997.1 1821368
1997.6 1821400
1998.1 1821400
1999.8 1821400
2000.3 1821368
2010.8 1821368
2011.3 1821368
2011.8 1821368
2012.3 1821368
2012.8 1821368
2013.3 1821368
2013.8 1821400
2015.9 1823088
2017.1 1823568
2017.6 1823600
2018.1 1823600
2018.6 1823600
2019.1 1823600
2019.6 1823600
2020.1 1823704
2020.6 1824248
2021.1 1824544
2021.6 1824900
2022.1 1825352
2022.6 1825652
2023.1 1825952
2023.6 1826516
2024.1 1826804
2024.6 1827800
2025.1 1828628
2025.6 1828500
2026.1 1828236
2026.6 1828164
2027.1 1828644
2027.6 1829160
2028.1 1829300
2028.6 1828672
2029.1 1828768
2029.6 1828940
2030.1 1828160
2030.6 1828240
2031.1 1828152
2031.6 1828112
2032.1 1829148
2032.6 1827612
2033.1 1827884
2033.6 1828012
2034.1 1828816
2034.6 1828784
2035.1 1828052
2035.6 1827596
2036.1 1827640
2036.6 1827544
2037.1 1827464
2037.6 1827528
2038.1 1827732
2038.6 1827860
2039.1 1827592
2039.6 1827372
2040.1 1827308
2040.6 1827016
2041.1 1827048
2041.6 1827524
2042.1 1827568
2042.6 1827376
2043.1 1827300
2043.6 1827284
2044.1 1827536
2044.6 1827664
2045.1 1827172
2045.6 1826996
2046.1 1827376
2046.6 1827896
2047.1 1827888
2047.6 1827504
2048.1 1827232
2048.6 1828656
2049.1 1827456
2049.6 1827004
2050.1 1827320
2050.6 1827128
2051.1 1826860
2051.6 1826648
2052.1 1826764
2052.6 1826796
2053.1 1826908
2053.6 1826940
2054.1 1827016
2054.6 1820924
2055.1 1827244
2055.6 1827680
2056.1 1827436
2056.6 1827356
2057.1 1827212
2057.6 1827388
2058.1 1826928
2058.6 1827104
2059.1 1827244
2059.6 1827196
2060.1 1827016
2060.6 1827228
2061.1 1827340
2061.6 1827448
2062.1 1828408
2062.6 1828472
2063.1 1827956
2063.6 1828220
2064.1 1827904
2064.6 1827668
2065.1 1827844
2065.6 1827744
2066.1 1827792
2066.6 1827696
2067.1 1827524
2067.6 1827380
2068.1 1827620
2068.6 1827476
2069.1 1827368
2069.6 1827004
2070.1 1827036
2070.6 1826524
2071.1 1826744
2071.6 1827008
2072.1 1827028
2072.6 1827580
2073.1 1827768
2073.6 1827420
2074.1 1827680
2074.6 1827340
2075.1 1827560
2075.6 1827260
2076.1 1828472
2076.6 1827772
2077.1 1828280
2077.6 1827008
2078.1 1826876
2078.6 1826844
2079.1 1826796
2079.6 1826700
2080.1 1827228
2080.6 1821576
2081.6 1821576
2082.1 1821576
2082.6 1821576
2083.1 1821608
2083.6 1821608
2084.2 1821608
2084.7 1821608
2085.2 1821608
2085.7 1821568
2086.9 1821568
2088.2 1821568
2089.9 1821568
2091.3 1821568
2091.8 1821568
2092.8 1821568
2093.3 1821568
2093.8 1821600
2094.3 1821600
2094.8 1821600
2096.8 1821600
2097.3 1821600
2097.8 1821600
2098.3 1821600
2098.8 1821600
2099.5 1821600
2100.0 1827960
2100.5 1827452
2101.0 1827484
2101.5 1827452
2102.0 1827516
2102.5 1827360
2103.0 1827580
2103.5 1827532
2104.0 1827564
2104.5 1827012
2105.0 1827652
2105.5 1827624
2106.0 1827432
2106.5 1827372
2107.0 1826868
2107.5 1826456
2108.0 1826740
2108.5 1827324
2109.0 1827340
2109.5 1826836
2110.0 1826712
2110.5 1827060
2111.0 1826996
2111.5 1827376
2112.0 1827168
2112.5 1827376
2113.0 1827264
2113.5 1827312
2114.0 1827232
2114.5 1827168
2115.0 1827360
2115.5 1827452
2116.0 1827168
2116.5 1827196
2117.0 1827440
2117.5 1827280
2118.0 1827360
2118.5 1827596
2119.0 1828264
2119.5 1828404
2120.0 1827664
2120.5 1827524
2121.0 1827256
2121.5 1827476
2122.0 1827872
2123.1 1821652
2123.6 1821652
2124.3 1821652
2125.3 1821648
2125.8 1821648
2127.7 1821616
2128.4 1821680
2128.9 1821680
2129.4 1821680
2131.2 1821680
2132.7 1821680
2133.2 1821680
2133.7 1821680
2134.2 1821680
2134.9 1821680
2135.9 1821648
2137.2 1821648
2138.6 1821648
2139.1 1821648
2139.8 1821648
2140.8 1821680
2141.8 1821680
2142.4 1821648
2142.9 1821648
2143.4 1821648
2144.1 1821648
2144.6 1821648
2145.1 1828792
2145.6 1828240
2146.1 1827520
2146.6 1828384
2147.1 1827520
2147.6 1827568
2148.1 1827504
2148.6 1827944
2149.1 1827488
2149.6 1827528
2150.1 1827588
2150.6 1827444
2151.1 1827700
2151.6 1827508
2152.1 1827824
2152.6 1827556
2153.1 1827084
2153.6 1827572
2154.1 1827712
2154.6 1827648
2155.1 1827652
2155.6 1827764
2156.1 1827496
2156.6 1827748
2157.1 1827352
2157.6 1827336
2158.1 1827448
2158.6 1828080
2159.1 1827672
2159.6 1827164
2160.1 1827484
2160.6 1827420
2161.1 1827404
2161.6 1827468
2162.1 1827720
2162.6 1827484
2163.1 1827672
2163.6 1826696
2164.1 1826492
2164.6 1826080
2165.1 1826568
2165.6 1826836
2166.1 1826836
2166.6 1826896
2167.1 1821144
2167.7 1821144
2168.8 1821144
2169.3 1821144
2170.0 1821140
2170.5 1821140
2171.2 1821140
2171.7 1821140
2172.5 1821140
2173.8 1821108
2174.7 1821108
2175.3 1821108
2175.9 1821108
2176.8 1821172
2177.3 1821172
2177.8 1821172
2178.3 1821172
2179.3 1821172
2179.9 1821140
2180.7 1821140
2182.3 1821140
2182.8 1821140
2183.8 1821140
2184.5 1821140
2186.3 1821140
2187.7 1821140
2188.2 1821140
2188.7 1821140
2189.5 1821172
2190.0 1827288
2190.5 1827036
2191.0 1827068
2191.5 1827004
2192.0 1827320
2192.5 1827176
2193.0 1827840
2193.5 1827492
2194.0 1827808
2194.5 1828044
2195.0 1827392
2195.5 1827804
2196.0 1827756
2196.5 1827560
2197.0 1827544
2197.5 1827876
2198.0 1827920
2198.5 1827924
2199.0 1827700
2199.5 1827384
2200.0 1827564
2200.5 1827404
2201.0 1827484
2201.5 1827500
2202.0 1827828
2202.5 1827784
2203.0 1827800
2203.5 1827800
2204.0 1827972
2204.5 1827752
2205.0 1827444
2205.5 1827884
2206.0 1828340
2206.5 1827988
2207.0 1827876
2207.5 1827804
2208.0 1827636
2208.5 1827568
2209.0 1827776
2209.5 1827460
2210.0 1827500
2210.5 1827800
2211.0 1827184
2211.5 1827752
2212.0 1821236
2212.5 1821236
2213.1 1821204
2215.1 1821204
2216.8 1821200
2217.3 1821200
2217.8 1821200
2218.3 1821200
2219.1 1821200
2220.3 1821200
2220.8 1821200
2223.3 1821168
2223.8 1821168
2225.0 1821232
2225.5 1821232
2226.8 1821232
2228.3 1821232
2228.8 1821232
2230.7 1821232
2231.2 1821232
2231.7 1821200
2232.2 1821200
2232.7 1821200
2233.2 1821200
2233.7 1821200
2234.2 1821200
2234.7 1825036
2235.2 1826976
2235.7 1827056
2236.2 1827008
2236.7 1826976
2237.2 1827276
2237.7 1827336
2238.2 1827352
2238.7 1827544
2239.2 1827636
2239.7 1826300
2240.2 1826984
2240.7 1826904
2241.2 1827284
2241.7 1827284
2242.2 1826684
2242.7 1827456
2243.2 1827724
2243.7 1827392
2244.2 1827804
2244.7 1827424
2245.2 1827524
2245.7 1827648
2246.2 1827396
2246.7 1827588
2247.2 1827172
2247.7 1828032
2248.2 1828360
2248.7 1828036
2249.2 1827796
2249.7 1826860
2250.2 1827740
2250.7 1827536
2251.2 1827408
2251.7 1827520
2252.2 1827488
2252.7 1827488
2253.2 1827172
2253.7 1827532
2254.2 1827424
2254.7 1827380
2255.2 1827848
2255.7 1827548
2256.2 1827440
2256.7 1826760
2257.2 1827220
2257.7 1827408
2258.2 1827568
2258.7 1821572
2259.3 1821572
2259.9 1821572
2260.7 1821568
2261.7 1821568
2262.4 1821568
2263.2 1821568
2264.5 1821536
2265.1 1821536
2265.6 1821536
2267.0 1821568
2268.1 1821568
2268.6 1821568
2269.1 1821568
2269.6 1821536
2270.1 1821536
2270.6 1821536
2271.7 1821536
2272.2 1821536
2272.7 1821536
2273.2 1821536
2275.1 1821536
2275.6 1821536
2276.3 1821568
2277.6 1821568
2278.1 1821568
2278.6 1821568
2279.5 1821568
2280.0 1829672
2280.5 1828888
2281.0 1827560
2281.5 1827492
2282.0 1827316
2282.5 1826860
2283.0 1827272
2283.5 1827272
2284.0 1827300
2284.5 1827096
2285.0 1827396
2285.5 1827936
2286.0 1827396
2286.5 1827868
2287.0 1827380
2287.5 1827712
2288.0 1827996
2288.5 1827712
2289.0 1827588
2289.5 1827476
2290.0 1827092
2290.5 1826856
2291.0 1827140
2291.5 1827360
2292.0 1827488
2292.5 1827312
2293.0 1827756
2293.5 1827376
2294.0 1827772
2294.5 1827772
2295.0 1826944
2295.5 1826848
2296.0 1826960
2296.5 1826408
2297.0 1826960
2297.5 1827288
2298.0 1827432
2298.5 1827812
2299.0 1827668
2299.5 1827496
2300.0 1827416
2300.5 1826988
2301.0 1827252
2301.5 1827520
2302.0 1826044
2302.5 1821320
2303.5 1821320
2304.0 1821320
2304.5 1821320
2305.0 1821320
2305.5 1821320
2306.7 1821320
2307.2 1821320
2308.3 1821288
2308.8 1821352
2309.3 1821352
2309.8 1821352
2310.3 1821352
2311.1 1821352
2311.6 1821352
2312.2 1821352
2312.7 1821352
2313.2 1821352
2314.2 1821320
2314.9 1821320
2315.5 1821320
2316.2 1821320
2316.9 1821320
2317.4 1821320
2318.1 1821352
2318.6 1821352
2319.1 1821352
2319.6 1821352
2320.1 1821320
2320.7 1821320
2321.3 1821320
2321.8 1821320
2322.3 1821320
2322.8 1821320
2323.3 1821320
2324.1 1821288
2324.6 1821288
2325.1 1827464
2325.6 1827268
2326.1 1826796
2326.6 1826968
2327.1 1827172
2327.6 1827124
2328.1 1827440
2328.6 1827440
2329.1 1827220
2329.6 1827108
2330.1 1827136
2330.6 1827616
2331.1 1827632
2331.6 1827332
2332.1 1827428
2332.6 1828072
2333.1 1827712
2333.6 1827508
2334.1 1827256
2334.6 1827728
2335.1 1827440
2335.6 1827908
2336.1 1827720
2336.6 1827624
2337.1 1827736
2337.6 1827420
2338.1 1827924
2338.6 1827576
2339.1 1827812
2339.6 1827448
2340.1 1827496
2340.6 1827148
2341.1 1827368
2341.6 1827448
2342.1 1827416
2342.6 1827700
2343.1 1827420
2343.6 1827308
2344.1 1827464
2344.6 1827368
2345.1 1827348
2345.6 1827412
2346.1 1827476
2346.6 1827712
2347.1 1827444
2347.6 1826140
2348.9 1821280
2349.4 1821280
2350.2 1821344
2350.9 1821340
2352.0 1821340
2352.5 1821340
2353.0 1821340
2353.9 1821340
2354.7 1821308
2355.3 1821308
2355.8 1821308
2356.3 1821308
2356.8 1821308
2357.5 1821308
2358.1 1821308
2358.6 1821308
2359.9 1821308
2360.4 1821340
2360.9 1821340
2361.4 1821340
2361.9 1821340
2362.4 1821340
2362.9 1821340
2363.4 1821340
2364.4 1821340
2364.9 1821340
2365.4 1821340
2365.9 1821308
2368.1 1821308
2368.6 1821308
2369.2 1821308
2369.7 1827928
2370.2 1827596
2370.7 1827424
2371.2 1827392
2371.7 1827596
2372.2 1827500
2372.7 1827596
2373.2 1827424
2373.7 1827264
2374.2 1827660
2374.7 1827100
2375.2 1827180
2375.7 1827352
2376.2 1827256
2376.7 1827856
2377.2 1827304
2377.7 1827272
2378.2 1826948
2378.7 1827436
2379.2 1827720
2379.7 1827640
2380.2 1827088
2380.7 1827468
2381.2 1827200
2381.7 1827388
2382.2 1827388
2382.7 1827292
2383.2 1827656
2383.7 1827340
2384.2 1827624
2384.7 1827620
2385.2 1827652
2385.7 1827604
2386.2 1827620
2386.7 1827652
2387.2 1827416
2387.7 1827480
2388.2 1827480
2388.7 1827352
2389.2 1827748
2389.7 1827344
2390.2 1827264
2390.7 1827548
2391.2 1827636
2391.7 1827664
2392.2 1821520
2392.7 1821520
2393.9 1821520
2394.4 1821520
2395.7 1821516
2396.2 1821484
2396.7 1821484
2397.2 1821484
2397.8 1821484
2398.3 1821484
2398.8 1821516
2399.3 1821516
2401.8 1821516
2403.7 1821516
2404.2 1821484
2404.7 1821484
2405.2 1821484
2405.7 1821484
2406.2 1821484
2406.9 1821484
2407.4 1821484
2407.9 1821484
2408.4 1821484
2408.9 1821484
2409.4 1821484
2410.3 1821516
2410.8 1821516
2411.8 1821516
2414.5 1821516
2415.0 1827508
2415.5 1827428
2416.0 1827316
2416.5 1827428
2417.0 1827252
2417.5 1827284
2418.0 1827632
2418.5 1827584
2419.0 1827648
2419.5 1827696
2420.0 1827544
2420.5 1827496
2421.0 1827308
2421.5 1827736
2422.0 1827436
2422.5 1827844
2423.0 1827544
2423.5 1827340
2424.0 1827276
2424.5 1827356
2425.0 1827320
2425.5 1827916
2426.0 1827972
2426.5 1827692
2427.0 1827440
2427.5 1827408
2428.0 1827184
2428.5 1827424
2429.0 1827060
2429.5 1827360
2430.0 1826988
2430.5 1827712
2431.0 1827648
2431.5 1827616
2432.0 1827412
2432.5 1827080
2433.0 1827112
2433.5 1827144
2434.0 1827204
2434.5 1827104
2435.0 1826880
2435.5 1826944
2436.0 1827180
2436.5 1827068
2437.0 1821448
2437.5 1821448
2438.9 1821448
2439.4 1821448
2439.9 1821444
2440.4 1821444
2441.0 1821476
2442.6 1821476
2444.3 1821476
2446.1 1821476
2447.9 1821476
2448.4 1821476
2448.9 1821476
2449.4 1821476
2449.9 1821476
2451.7 1821444
2452.2 1821444
2452.7 1821444
2453.2 1821444
2457.6 1821476
2458.1 1821476
2458.6 1821476
2459.5 1821444
2460.0 1827616
2460.5 1827836
2461.0 1827664
2461.5 1827616
2462.0 1827348
2462.5 1827412
2463.0 1827632
2463.5 1827648
2464.0 1827664
2464.5 1827680
2465.0 1827568
2465.5 1827600
2466.0 1827520
2466.5 1827412
2467.0 1827648
2467.5 1827600
2468.0 1827124
2468.5 1827656
2469.0 1827332
2469.5 1827052
2470.0 1827108
2470.5 1827000
2471.0 1827424
2471.5 1827532
2472.0 1827364
2472.5 1827248
2473.0 1827612
2473.5 1827740
2474.0 1828056
2474.5 1827548
2475.0 1827292
2475.5 1827936
2476.0 1827228
2476.5 1827704
2477.0 1827496
2477.5 1827372
2478.0 1827040
2478.5 1827388
2479.0 1826944
2479.5 1827136
2480.0 1827220
2480.5 1827284
2481.0 1826704
2481.5 1827176
2482.0 1821496
2482.5 1821496
2484.1 1821496
2484.6 1821496
2490.0 1821496
2491.7 1821496
2493.5 1821496
2494.0 1821496
2494.5 1821464
2496.3 1821528
2496.8 1821528
2497.4 1821528
2497.9 1821528
2498.4 1821528
2500.2 1821528
2501.9 1821528
2502.6 1821496
2503.1 1821496
2503.6 1821496
2504.4 1821496
2504.9 1821496
2505.4 1827088
2505.9 1826976
2506.4 1827200
2506.9 1826680
2507.4 1826788
2507.9 1827136
2508.4 1827828
2508.9 1827656
2509.4 1827348
2509.9 1827364
2510.4 1827372
2510.9 1827468
2511.4 1827452
2511.9 1827576
2512.4 1827432
2512.9 1827260
2513.4 1827148
2513.9 1827828
2514.4 1827908
2514.9 1828396
2515.4 1827592
2515.9 1827256
2516.4 1827904
2516.9 1827260
2517.4 1827148
2517.9 1826880
2518.4 1827228
2518.9 1827856
2519.4 1827776
2519.9 1827508
2520.4 1827504
2520.9 1827144
2521.4 1827064
2521.9 1827048
2522.4 1827176
2522.9 1826700
2523.4 1826828
2523.9 1827016
2524.4 1827236
2524.9 1827080
2525.4 1827088
2525.9 1827388
2526.4 1827008
2526.9 1827452
2527.4 1821400
2527.9 1821432
2528.4 1821432
2529.0 1821432
2529.5 1821432
2530.2 1821432
2530.7 1821392
2531.2 1821392
2531.9 1821392
2532.5 1821392
2533.0 1821392
2533.5 1821392
2534.0 1821392
2534.5 1821392
2535.0 1821392
2535.5 1821360
2536.3 1821424
2536.8 1821424
2537.3 1821424
2537.8 1821424
2539.0 1821424
2539.5 1821424
2540.0 1821424
2540.5 1821424
2541.1 1821424
2541.6 1821392
2542.7 1821392
2543.6 1821392
2544.1 1821392
2544.6 1821392
2545.2 1821392
2545.7 1821424
2546.2 1821424
2546.7 1821392
2547.2 1821392
2548.0 1821392
2548.9 1821392
2549.5 1821392
2550.0 1827600
2550.5 1827480
2551.0 1827464
2551.5 1827480
2552.0 1827592
2552.5 1827136
2553.0 1827196
2553.5 1827368
2554.0 1827616
2554.5 1827308
2555.0 1827488
2555.5 1827252
2556.0 1827488
2556.5 1827552
2557.0 1827456
2557.5 1827648
2558.0 1827536
2558.5 1827648
2559.0 1827504
2559.5 1827520
2560.0 1827260
2560.5 1827544
2561.0 1827560
2561.5 1827196
2562.0 1827432
2562.5 1827544
2563.0 1827164
2563.5 1827496
2564.0 1827340
2564.5 1827324
2565.0 1827396
2565.5 1827488
2566.0 1827268
2566.5 1827220
2567.0 1827268
2567.5 1827392
2568.0 1827692
2568.5 1827504
2569.0 1827788
2569.5 1827648
2570.0 1827384
2570.5 1828248
2571.0 1827504
2571.5 1827820
2572.0 1821572
2572.5 1821572
2573.2 1821572
2574.8 1821572
2575.7 1821568
2576.2 1821568
2576.7 1821536
2577.6 1821536
2578.1 1821536
2578.6 1821536
2579.1 1821536
2579.6 1821536
2580.3 1821536
2580.8 1821536
2581.3 1821536
2581.8 1821600
2582.3 1821568
2582.8 1821568
2583.3 1821568
2583.8 1821568
2584.3 1821568
2586.2 1821568
2586.7 1821568
2587.2 1821568
2587.9 1821568
2589.4 1821536
2589.9 1821536
2590.7 1821536
2591.2 1821568
2592.7 1821568
2593.4 1821568
2593.9 1821568
2594.4 1821568
2594.9 1821568
2595.4 1827816
2595.9 1827280
2596.4 1827248
2596.9 1826996
2597.4 1827376
2597.9 1827280
2598.4 1827248
2598.9 1827356
2599.4 1827388
2599.9 1827184
2600.4 1827448
2600.9 1827088
2601.4 1826960
2601.9 1827496
2602.4 1827288
2602.9 1827512
2603.4 1827116
2603.9 1827528
2604.4 1827528
2604.9 1827560
2605.4 1827504
2605.9 1827504
2606.4 1827392
2606.9 1827592
2607.4 1827384
2607.9 1827592
2608.4 1827164
2608.9 1827512
2609.4 1827636
2609.9 1827488
2610.4 1827640
2610.9 1827464
2611.4 1827576
2611.9 1827480
2612.4 1827432
2612.9 1827528
2613.4 1827536
2613.9 1827528
2614.4 1826660
2614.9 1826804
2615.4 1826780
2615.9 1827080
2616.4 1827332
2616.9 1827504
2617.4 1821864
2617.9 1821864
2618.4 1821864
2618.9 1821864
2619.4 1821864
2620.4 1821864
2620.9 1821860
2621.4 1821860
2622.0 1821860
2622.5 1821828
2623.2 1821828
2623.7 1821828
2624.5 1821828
2625.0 1821828
2625.7 1821860
2626.9 1821860
2627.4 1821860
2627.9 1821860
2628.4 1821860
2629.2 1821828
2629.9 1821828
2630.7 1821828
2631.3 1821828
2631.8 1821828
2632.3 1821828
2632.8 1821828
2633.3 1821828
2633.9 1821796
2634.4 1821860
2634.9 1821860
2635.4 1821860
2635.9 1821860
2636.4 1821860
2636.9 1821860
2637.4 1821860
2638.4 1821860
2639.0 1821828
2639.5 1821828
2640.0 1827404
2640.5 1827640
2641.0 1827752
2641.5 1827484
2642.0 1827516
2642.5 1827624
2643.0 1827420
2643.5 1828204
2644.0 1827628
2644.5 1827612
2645.0 1827780
2645.5 1827416
2646.0 1827876
2646.5 1827008
2647.0 1826960
2647.5 1827608
2648.0 1827196
2648.5 1827356
2649.0 1827324
2649.5 1827780
2650.0 1827532
2650.5 1827456
2651.0 1827680
2651.5 1827220
2652.0 1827852
2652.5 1827616
2653.0 1827504
2653.5 1827852
2654.0 1827692
2654.5 1827584
2655.0 1827436
2655.5 1827452
2656.0 1827580
2656.5 1827452
2657.0 1827548
2657.5 1828124
2658.0 1827944
2658.5 1827596
2659.0 1827768
2659.5 1827420
2660.0 1827396
2660.5 1827380
2661.0 1827556
2661.5 1826752
2662.0 1821504
2662.5 1821504
2663.0 1821504
2663.5 1821504
2664.0 1821504
2666.0 1821464
2667.7 1821528
2668.8 1821528
2669.3 1821528
2669.8 1821528
2670.3 1821528
2672.1 1821528
2672.8 1821528
2674.5 1821496
2675.0 1821496
2676.3 1821496
2676.9 1821496
2678.6 1821496
2679.1 1821496
2680.8 1821528
2684.2 1821528
2684.7 1821528
2685.2 1827136
2685.7 1827248
2686.2 1827248
2686.7 1827080
2687.2 1826892
2687.7 1827272
2688.2 1827332
2688.7 1827064
2689.2 1827684
2689.7 1827632
2690.2 1827540
2690.7 1827916
2691.2 1827656
2691.7 1827832
2692.2 1828052
2692.7 1827468
2693.2 1827388
2693.7 1827592
2694.2 1827516
2694.7 1827608
2695.2 1827696
2695.7 1827340
2696.2 1826948
2696.7 1826948
2697.2 1826900
2697.7 1827012
2698.2 1827060
2698.7 1827184
2699.2 1827864
2699.7 1827452
2700.2 1827744
2700.7 1827584
2701.2 1827696
2701.7 1827808
2702.2 1827616
2702.7 1828012
2703.2 1827492
2703.7 1827760
2704.2 1827824
2704.7 1827536
2705.2 1827784
2705.7 1827484
2706.2 1827248
2706.7 1827328
2707.2 1821456
2709.3 1821456
2709.8 1821456
2711.1 1821480
2711.6 1821480
2713.5 1821480
2714.0 1821480
2715.7 1821480
2717.6 1821480
2718.1 1821480
2718.6 1821480
2719.1 1821448
2720.8 1821448
2722.5 1821448
2723.0 1821448
2724.8 1821448
2725.3 1821448
2725.8 1821448
2726.7 1821480
2728.4 1821448
2728.9 1821448
2729.4 1821448
2729.9 1826940
2730.4 1826876
2730.9 1826892
2731.4 1826796
2731.9 1826876
2732.4 1827552
2732.9 1827332
2733.4 1827460
2733.9 1827428
2734.4 1827488
2734.9 1826852
2735.4 1827152
2735.9 1826976
2736.4 1826944
2736.9 1827356
2737.4 1827624
2737.9 1827260
2738.4 1827420
2738.9 1827260
2739.4 1827292
2739.9 1826764
2740.4 1827176
2740.9 1826812
2741.4 1826844
2741.9 1827096
2742.4 1827392
2742.9 1827616
2743.4 1827536
2743.9 1827364
2744.4 1827712
2744.9 1827272
2745.4 1827640
2745.9 1827608
2746.4 1827388
2746.9 1827688
2747.4 1827576
2747.9 1827672
2748.4 1827688
2748.9 1827592
2749.4 1827340
2749.9 1827364
2750.4 1827284
2750.9 1827472
2751.4 1827568
2751.9 1821788
2752.4 1821788
2752.9 1821788
2753.6 1821788
2754.2 1821788
2754.7 1821788
2755.3 1822032
2755.9 1822032
2756.4 1822032
2757.5 1822000
2758.1 1822000
2758.6 1822000
2759.1 1822000
2759.7 1822032
2760.3 1822032
2760.8 1822032
2761.3 1822032
2761.8 1822032
2762.3 1822000
2763.0 1822000
2763.6 1822000
2764.1 1822000
2764.8 1822000
2765.3 1822000
2765.8 1822000
2766.3 1822000
2766.8 1822000
2768.0 1822032
2768.5 1822032
2769.0 1822032
2769.5 1822032
2770.0 1822032
2770.6 1822032
2771.1 1822032
2771.6 1822032
2772.1 1822032
2772.6 1822032
2773.1 1822032
2774.1 1822000
2774.6 1822000
2775.1 1827672
2775.6 1827128
2776.1 1826892
2776.6 1827332
2777.1 1827080
2777.6 1827364
2778.1 1827348
2778.6 1827284
2779.1 1827460
2779.6 1827916
2780.1 1827688
2780.6 1827388
2781.1 1827812
2781.6 1827576
2782.1 1827056
2782.6 1827452
2783.1 1827868
2783.6 1827664
2784.1 1827584
2784.6 1827380
2785.1 1827924
2785.6 1827308
2786.1 1827084
2786.6 1827356
2787.1 1827880
2787.6 1827388
2788.1 1828128
2788.6 1828252
2789.1 1827736
2789.6 1827380
2790.1 1828028
2790.6 1828380
2791.1 1828648
2791.6 1827736
2792.1 1827564
2792.6 1827656
2793.1 1827484
2793.6 1827800
2794.1 1827292
2794.6 1827656
2795.1 1827640
2795.6 1827664
2796.1 1827192
2796.6 1826892
2797.1 1820960
2797.6 1820960
2798.1 1820960
2798.6 1821024
2799.1 1821024
2799.6 1821024
2800.1 1821024
2800.6 1821016
2801.1 1820984
2801.6 1820984
2802.1 1820984
2802.6 1820984
2803.1 1820984
2803.6 1820984
2804.1 1820984
2804.6 1820984
2805.1 1821016
2805.6 1821016
2806.1 1820984
2806.6 1820984
2807.1 1820984
2807.6 1820984
2808.1 1820984
2808.6 1820984
2809.1 1820984
2809.6 1820984
2810.1 1820984
2810.6 1820984
2811.1 1820952
2811.6 1820952
2812.1 1821016
2812.6 1821016
2813.1 1821016
2813.6 1821016
2814.1 1821016
2814.6 1821016
2815.1 1820984
2815.6 1820984
2816.1 1820984
2816.7 1820984
2817.2 1820984
2817.7 1820984
2818.2 1820984
2818.7 1820984
2819.2 1820984
2819.7 1821984
2820.2 1826956
2820.7 1826780
2821.2 1827096
2821.7 1827680
2822.2 1827128
2822.7 1827144
2823.2 1827332
2823.7 1827356
2824.2 1827372
2824.7 1827188
2825.2 1826876
2825.7 1826624
2826.2 1826420
2826.7 1826828
2827.2 1826844
2827.7 1827000
2828.2 1826972
2828.7 1826624
2829.2 1826528
2829.7 1826544
2830.2 1827088
2830.7 1826900
2831.2 1827072
2831.7 1826852
2832.2 1827180
2832.7 1827420
2833.2 1827828
2833.7 1828000
2834.2 1828524
2834.7 1827736
2835.2 1827476
2835.7 1827444
2836.2 1827332
2836.7 1827176
2837.2 1827048
2837.7 1827048
2838.2 1827064
2838.7 1827332
2839.2 1827364
2839.7 1827428
2840.2 1827672
2840.7 1827560
2841.2 1827656
2841.7 1827940
2842.2 1821764
2842.7 1821764
2843.2 1821764
2843.7 1821764
2844.2 1821764
2844.7 1821732
2845.2 1821724
2845.7 1821724
2846.2 1821724
2846.7 1821724
2847.2 1821724
2847.7 1821724
2848.2 1821724
2848.7 1821756
2849.2 1821756
2849.7 1821756
2850.2 1821756
2850.7 1821756
2851.2 1821756
2851.7 1821756
2852.2 1821756
2852.7 1821756
2853.2 1821724
2853.7 1821724
2854.2 1821724
2854.7 1821724
2855.2 1821724
2855.7 1821724
2856.2 1821756
2856.7 1821756
2857.3 1821756
2857.8 1821724
2858.3 1821724
2858.8 1821724
2859.3 1821724
2859.8 1821724
2860.3 1821724
2860.8 1821724
2861.3 1821724
2861.8 1821724
2862.3 1821724
2862.8 1821692
2863.3 1821756
2863.8 1821756
2864.3 1821756
2864.8 1827608
2865.3 1827828
2865.8 1827448
2866.3 1827624
2866.8 1827924
2867.3 1827420
2867.8 1827244
2868.3 1827308
2868.8 1827244
2869.3 1827040
2869.8 1826700
2870.3 1827016
2870.8 1827240
2871.3 1826692
2871.8 1827016
2872.3 1827632
2872.8 1827412
2873.3 1827568
2873.8 1827584
2874.3 1827552
2874.8 1826956
2875.3 1827104
2875.8 1827008
2876.3 1827244
2876.8 1827228
2877.3 1827196
2877.8 1827404
2878.3 1827116
2878.8 1827260
2879.3 1827228
2879.8 1827236
2880.3 1827204
2880.8 1827140
2881.3 1827284
2881.8 1827536
2882.3 1826936
2882.8 1826984
2883.3 1827364
2883.8 1827472
2884.3 1827852
2884.8 1828000
2885.3 1827672
2885.8 1827496
2886.3 1826928
2886.8 1827260
2887.3 1820948
2887.8 1820948
2888.3 1820948
2888.8 1820948
2889.3 1820948
2889.8 1820948
2890.3 1820948
2890.8 1820940
2891.3 1820940
2891.8 1820908
2892.3 1820908
2892.8 1820908
2893.3 1820908
2893.9 1820908
2894.4 1820908
2894.9 1820940
2895.4 1820940
2895.9 1820940
2896.4 1820940
2896.9 1820908
2897.4 1820908
2897.9 1820908
2898.4 1820908
2898.9 1820908
2899.4 1820908
2899.9 1820908
2900.4 1820908
2901.1 1820908
2901.6 1820876
2902.1 1820940
2902.7 1820940
2903.2 1820940
2903.7 1820940
2904.2 1820940
2904.8 1820940
2905.3 1820940
2905.9 1820908
2906.4 1820908
2906.9 1820908
2907.4 1820908
2907.9 1820908
2908.4 1820908
2908.9 1820908
2909.4 1820908
2909.9 1826656
2910.4 1826828
2910.9 1827016
2911.4 1827048
2911.9 1826796
2912.4 1826716
2912.9 1826652
2913.4 1826860
2913.9 1827096
2914.4 1826796
2914.9 1826896
2915.4 1827132
2915.9 1827640
2916.4 1827484
2916.9 1827512
2917.4 1827480
2917.9 1827432
2918.4 1827892
2918.9 1827496
2919.4 1827620
2919.9 1827472
2920.4 1827488
2920.9 1827584
2921.4 1827408
2921.9 1827472
2922.4 1827220
2922.9 1827440
2923.4 1827504
2923.9 1827060
2924.4 1827456
2924.9 1827212
2925.4 1827912
2925.9 1827612
2926.4 1827552
2926.9 1827284
2927.4 1827772
2927.9 1827616
2928.4 1827456
2928.9 1827472
2929.4 1827156
2929.9 1827292
2930.4 1827480
2930.9 1827100
2931.4 1827276
2931.9 1827228
2932.4 1827796
2932.9 1827828
2933.4 1821572
2933.9 1821540
2934.4 1821540
2934.9 1821540
2935.4 1821540
2935.9 1821532
2936.4 1821532
2936.9 1821532
2937.4 1821532
2937.9 1821596
2938.4 1821596
2938.9 1821564
2939.5 1821564
2940.0 1821564
2940.5 1821564
2941.0 1821564
2941.5 1821564
2942.0 1821564
2942.5 1821564
2943.0 1821564
2943.5 1821564
2944.1 1821532
2944.6 1821532
2945.1 1821532
2945.6 1821564
2946.1 1821564
2946.6 1821564
2947.1 1821564
2947.6 1821564
2948.1 1821564
2948.6 1821564
2949.2 1821532
2949.7 1821532
2950.2 1821532
2950.7 1821532
2951.2 1821532
2951.7 1821532
2952.2 1821532
2952.7 1821532
2953.3 1821532
2953.8 1821564
2954.3 1821564
2954.8 1821564
2955.3 1827212
2955.8 1827472
2956.3 1827600
2956.8 1827232
2957.3 1827312
2957.8 1827504
2958.3 1826920
2958.8 1827140
2959.3 1827496
2959.8 1827440
2960.3 1827036
2960.8 1827288
2961.3 1827496
2961.8 1827400
2962.3 1827432
2962.8 1827700
2963.3 1827876
2963.8 1827384
2964.3 1827352
2964.8 1827512
2965.3 1827536
2965.8 1827756
2966.3 1827488
2966.8 1827332
2967.3 1827080
2967.8 1826792
2968.3 1826824
2968.8 1827044
2969.3 1827236
2969.8 1827424
2970.3 1827212
2970.8 1827432
2971.3 1827164
2971.8 1827212
2972.3 1827132
2972.8 1827544
2973.3 1827448
2973.8 1827416
2974.3 1827384
2974.8 1827448
2975.3 1827696
2975.8 1827760
2976.3 1827396
2976.8 1827728
2977.3 1827632
2977.8 1827112
2978.3 1826704
2978.8 1821188
2979.3 1821188
2979.8 1821188
2980.3 1821188
2980.8 1821188
2981.3 1821188
2981.8 1821220
2982.3 1821220
2982.8 1821220
2983.3 1821220
2983.8 1821220
2984.3 1821220
2984.8 1821220
2985.3 1821220
2985.8 1821220
2986.3 1821220
2986.8 1821220
2987.3 1821188
2987.8 1821188
2988.3 1821188
2988.8 1821220
2989.3 1821220
2989.8 1821220
2990.3 1821220
2990.8 1821188
2991.4 1821188
2991.9 1821188
2992.4 1821188
2992.9 1821188
2993.4 1821188
2993.9 1821188
2994.4 1821188
2994.9 1821188
2995.4 1821156
2995.9 1821156
2996.4 1821220
2996.9 1821220
2997.4 1821220
2997.9 1821220
2998.4 1821220
2998.9 1821220
2999.4 1821220
2999.9 1827144
3000.4 1826860
