0.5 1730360
1.0 1730392
2.1 1730392
2.6 1730392
3.1 1730392
3.8 1730392
4.3 1730392
4.8 1730392
5.3 1730392
6.4 1730360
7.0 1730360
7.5 1730360
10.1 1730360
10.6 1730360
11.2 1730360
12.4 1730360
13.1 1730392
13.8 1730392
15.9 1730392
16.4 1730392
17.4 1730392
17.9 1730392
18.4 1730392
18.9 1730392
19.4 1730392
19.9 1730392
20.4 1730392
21.3 1730360
21.8 1730360
22.3 1730392
22.8 1730392
23.7 1730392
25.7 1730392
27.2 1730360
28.8 1730360
29.5 1730360
30.0 1738524
30.5 1738160
31.0 1738244
31.5 1738940
32.0 1739696
32.5 1738912
33.0 1738456
33.5 1738828
34.0 1739272
34.5 1739332
35.0 1738712
35.5 1739204
36.0 1738700
36.5 1738892
37.0 1738644
37.5 1738800
38.0 1738596
38.5 1738200
39.0 1738344
39.5 1738296
40.0 1738324
40.5 1738072
41.0 1738308
41.5 1738560
42.0 1738672
42.5 1738500
43.0 1738752
43.5 1738624
44.0 1738356
44.5 1738416
45.0 1739164
45.5 1739972
46.0 1738824
46.5 1738792
47.0 1738664
47.5 1738856
48.0 1739248
48.5 1738776
49.0 1739076
49.5 1738872
50.0 1738616
50.5 1738680
51.0 1738756
51.5 1738724
52.0 1738568
52.5 1732532
53.0 1732532
53.6 1732500
54.1 1732500
54.7 1732500
55.2 1732500
56.5 1732496
58.1 1732496
58.7 1732496
59.2 1732496
59.8 1732496
61.0 1732464
61.5 1732464
62.2 1732464
62.7 1732464
63.2 1732528
63.7 1732528
64.2 1732528
65.9 1732528
66.6 1732528
67.3 1732496
68.5 1732496
70.2 1732496
71.9 1732496
72.8 1732496
73.6 1732496
74.5 1732496
75.0 1739152
75.5 1739248
76.0 1739232
76.5 1739012
77.0 1738572
77.5 1738776
78.0 1739092
78.5 1738792
79.0 1738872
79.5 1738588
80.0 1738752
80.5 1738564
81.0 1738580
81.5 1738580
82.0 1738516
82.5 1738672
83.0 1738532
83.5 1738356
84.0 1738784
84.5 1738484
85.0 1738796
85.5 1738844
86.0 1738592
86.5 1738844
87.0 1738228
87.5 1738356
88.0 1738132
88.5 1738024
89.0 1738420
89.5 1739160
90.0 1738856
90.5 1738848
91.0 1738720
91.5 1739100
92.0 1738944
92.5 1738452
93.0 1738548
93.5 1738548
94.0 1738848
94.5 1738392
95.0 1738396
95.5 1738720
96.0 1738516
96.5 1738940
97.0 1732844
97.5 1732844
98.0 1732844
98.5 1732844
99.0 1732812
99.5 1732812
100.0 1732812
100.5 1732812
101.1 1732840
101.6 1732840
102.1 1732840
102.6 1732840
103.1 1732808
103.6 1732808
104.1 1732808
104.6 1732808
105.1 1732808
105.6 1732808
106.1 1732808
106.6 1732808
107.1 1732808
107.6 1732776
108.1 1732776
108.6 1732840
109.1 1732840
109.6 1732840
110.1 1732840
110.6 1732840
111.1 1732840
111.6 1732840
112.1 1732840
112.6 1732808
113.1 1732808
113.6 1732808
114.1 1732808
114.6 1732808
115.1 1732808
115.6 1732840
116.1 1732840
116.6 1732840
117.1 1732808
117.6 1732808
118.2 1732808
118.7 1732808
119.2 1732808
119.7 1738920
120.2 1738504
120.7 1738756
121.2 1738724
121.7 1739320
122.2 1738600
122.7 1738648
123.2 1738160
123.7 1738092
124.2 1738616
124.7 1738676
125.2 1738740
125.7 1738816
126.2 1738564
126.7 1738660
127.2 1738564
127.7 1738532
128.2 1738892
128.7 1738516
129.2 1738692
129.7 1738632
130.2 1739112
130.7 1738780
131.2 1738464
131.7 1738672
132.2 1738496
132.7 1738732
133.2 1738828
133.7 1739128
134.2 1738876
134.7 1738888
135.2 1738776
135.7 1738556
136.2 1738572
136.7 1738604
137.2 1738572
137.7 1738144
138.2 1738792
138.7 1738600
139.2 1739132
139.7 1739144
140.2 1738764
140.7 1738780
141.2 1738748
141.7 1738764
142.2 1732624
142.7 1732624
143.2 1732624
143.7 1732624
144.2 1732624
144.7 1732624
145.2 1732592
145.7 1732588
146.2 1732588
146.7 1732588
147.2 1732588
147.7 1732588
148.2 1732620
148.7 1732620
149.2 1732620
149.7 1732620
150.2 1732620
150.8 1732620
151.3 1732588
151.8 1732588
152.3 1732588
152.8 1732588
153.3 1732588
153.8 1732588
154.3 1732588
154.8 1732588
155.3 1732620
155.8 1732620
156.3 1732620
156.8 1732620
157.3 1732620
157.8 1732620
158.3 1732620
158.8 1732588
159.3 1732588
159.8 1732588
160.3 1732588
160.8 1732588
161.3 1732588
161.8 1732588
162.3 1732588
162.8 1732652
163.3 1732652
163.8 1732620
164.3 1732620
164.8 1732620
165.3 1738792
165.8 1738444
166.3 1738776
166.8 1738556
167.3 1738652
167.8 1738492
168.3 1739076
168.8 1738744
169.3 1738932
169.8 1738872
170.3 1738628
170.8 1738772
171.3 1739056
171.8 1739008
172.3 1738520
172.8 1738616
173.3 1738992
173.8 1738900
174.3 1738676
174.8 1739008
175.3 1738496
175.8 1738812
176.3 1738716
176.8 1738464
177.3 1738764
177.8 1738684
178.3 1738380
178.8 1738528
179.3 1738384
179.8 1738164
180.3 1738508
180.8 1738476
181.3 1738572
181.8 1738524
182.3 1738068
182.8 1738192
183.3 1738084
183.8 1738636
184.3 1738208
184.8 1738224
185.3 1738376
185.8 1738440
186.3 1738708
186.8 1738772
187.3 1738612
187.8 1732648
188.3 1732648
188.8 1732648
189.3 1732648
189.8 1732680
190.3 1732680
190.8 1732676
191.3 1732676
191.9 1732676
192.4 1732676
192.9 1732676
193.4 1732676
193.9 1732676
194.4 1732676
194.9 1732644
195.4 1732644
195.9 1732644
196.4 1732644
196.9 1732644
197.4 1732676
197.9 1732676
198.4 1732676
198.9 1732676
199.4 1732644
200.0 1732644
200.5 1732644
201.0 1732644
201.5 1732644
202.0 1732644
202.5 1732644
203.0 1732644
203.5 1732644
204.0 1732612
204.5 1732612
205.0 1732612
205.5 1732676
206.0 1732676
206.5 1732676
207.0 1732676
207.5 1732676
208.0 1732676
208.5 1732676
209.0 1732676
209.5 1732644
210.0 1738804
210.5 1738864
211.0 1739084
211.5 1738564
212.0 1738896
212.5 1739004
213.0 1738672
213.5 1738720
214.0 1738296
214.5 1738280
215.0 1738304
215.5 1738936
216.0 1739092
216.5 1738760
217.0 1738792
217.5 1738648
218.0 1738856
218.5 1738648
219.0 1738856
219.5 1738964
220.0 1739188
220.5 1738824
221.0 1738528
221.5 1738620
222.0 1739064
222.5 1738668
223.0 1739096
223.5 1738796
224.0 1738732
224.5 1738640
225.0 1739012
225.5 1738648
226.0 1738600
226.5 1738728
227.0 1738712
227.5 1738524
228.0 1738664
228.5 1738412
229.0 1738476
229.5 1738696
230.0 1738176
230.5 1738396
231.0 1738284
231.5 1738160
232.0 1735244
232.5 1732660
233.0 1732660
234.0 1732724
235.2 1732716
237.1 1732716
239.0 1732716
240.4 1732716
241.5 1732684
242.5 1732684
243.0 1732684
245.1 1732684
246.3 1732684
246.8 1732684
247.3 1732684
248.3 1732684
248.8 1732684
249.3 1732684
249.8 1732716
250.3 1732716
250.8 1732716
251.3 1732716
251.8 1732716
252.3 1732716
252.8 1732716
253.3 1732716
253.8 1732684
254.3 1732684
254.8 1738816
255.3 1738492
255.8 1738472
256.4 1737992
256.9 1738920
257.4 1738824
257.9 1738728
258.4 1738444
258.9 1738680
259.4 1738868
259.9 1738400
260.4 1738484
260.9 1738800
261.4 1738752
261.9 1738720
262.4 1738672
262.9 1738720
263.4 1738688
263.9 1739116
264.4 1738976
264.9 1738852
265.4 1738708
265.9 1738580
266.4 1738724
266.9 1738896
267.4 1739008
267.9 1738976
268.4 1738896
268.9 1739040
269.4 1738708
269.9 1738784
270.4 1738640
270.9 1738768
271.4 1738548
271.9 1737980
272.4 1737884
272.9 1738468
273.4 1738736
273.9 1738580
274.4 1738280
274.9 1738396
275.4 1738900
275.9 1738728
276.4 1738460
276.9 1739044
277.4 1732748
277.9 1732780
278.4 1732780
278.9 1732780
279.4 1732780
279.9 1732780
280.4 1732772
280.9 1732772
281.4 1732772
281.9 1732772
282.4 1732772
282.9 1732772
283.4 1732740
284.0 1732740
284.5 1732740
285.0 1732740
285.5 1732772
286.0 1732772
286.5 1732772
287.0 1732772
287.5 1732740
288.0 1732740
288.5 1732740
289.0 1732740
289.5 1732740
290.0 1732740
290.5 1732740
291.0 1732740
291.5 1732740
292.1 1732708
292.6 1732772
293.1 1732772
293.6 1732772
294.1 1732772
294.6 1732772
295.1 1732772
295.7 1732772
296.2 1732772
296.7 1732740
297.2 1732740
297.7 1732740
298.2 1732740
298.7 1732740
299.2 1732740
299.7 1737608
300.2 1738792
300.7 1738348
301.2 1738492
301.7 1739120
302.2 1738568
302.7 1739108
303.2 1738332
303.7 1738208
304.2 1737908
304.7 1738360
305.2 1738724
305.7 1738584
306.2 1738992
306.7 1738692
307.2 1738644
307.7 1738596
308.2 1738636
308.7 1738604
309.2 1738732
309.7 1738616
310.2 1738600
310.7 1739044
311.2 1738600
311.7 1738536
312.2 1738932
312.7 1738568
313.2 1738884
313.7 1738632
314.2 1738712
314.7 1738812
315.2 1738656
315.7 1738752
316.2 1738656
316.7 1738752
317.2 1738752
317.7 1738608
318.2 1738592
318.7 1738608
319.2 1738592
319.7 1738488
320.2 1738616
320.7 1738808
321.2 1737860
321.7 1738176
322.2 1738192
322.7 1738160
323.2 1734996
323.7 1732280
324.2 1732248
324.7 1732248
325.2 1732248
325.7 1732244
326.2 1732308
326.7 1732308
327.2 1732308
327.7 1732308
328.2 1732308
328.7 1732308
329.2 1732276
329.7 1732276
330.2 1732276
330.8 1732276
331.3 1732276
331.8 1732276
332.3 1732276
332.8 1732276
333.3 1732340
333.8 1732308
334.3 1732308
334.8 1732308
335.3 1732308
335.8 1732308
336.3 1732308
336.8 1732308
337.3 1732308
337.8 1732308
338.3 1732308
338.8 1732276
339.3 1732276
339.8 1732276
340.3 1732276
340.8 1732276
341.3 1732308
341.8 1732308
342.3 1732308
342.8 1732308
343.3 1732276
343.8 1732276
344.3 1732276
344.8 1739288
345.3 1738700
345.8 1738544
346.3 1738444
346.8 1738760
347.3 1738872
347.8 1738632
348.3 1738604
348.8 1738732
349.3 1738700
349.8 1738680
350.3 1738740
350.8 1738584
351.3 1738112
351.8 1738080
352.3 1738192
352.8 1738964
353.3 1738664
353.8 1738364
354.3 1738584
354.8 1738612
355.3 1738832
355.8 1739020
356.3 1738736
356.8 1738800
357.3 1738944
357.8 1738548
358.3 1738676
358.8 1738596
359.3 1737776
359.8 1738388
360.3 1738372
360.8 1738588
361.3 1738088
361.8 1738484
362.3 1738656
362.8 1738672
363.3 1738860
363.8 1738592
364.3 1738592
364.8 1738652
365.3 1738764
365.8 1738004
366.3 1738352
366.8 1738540
367.3 1738652
367.8 1738636
368.3 1732440
368.8 1732440
369.3 1732440
369.8 1732440
370.4 1732436
370.9 1732500
371.4 1732468
371.9 1732468
372.4 1732468
372.9 1732468
373.4 1732468
373.9 1732468
374.4 1732468
375.0 1732468
375.5 1732468
376.0 1732468
376.5 1732436
377.0 1732436
377.5 1732436
378.0 1732436
378.5 1732436
379.0 1732468
379.5 1732468
380.0 1732468
380.5 1732468
381.0 1732468
381.5 1732436
382.0 1732436
382.5 1732436
383.0 1732436
383.5 1732436
384.1 1732436
384.6 1732436
385.1 1732436
385.6 1732404
386.1 1732468
386.6 1732468
387.1 1732468
387.6 1732468
388.1 1732468
388.6 1732468
389.1 1732468
389.6 1732468
390.1 1738680
390.6 1738712
391.1 1738600
391.6 1738616
392.1 1738696
392.6 1738940
393.1 1738704
393.6 1738576
394.1 1738528
394.6 1738104
395.1 1738276
395.6 1738228
396.1 1738148
396.6 1738416
397.1 1738556
397.6 1738572
398.1 1738888
398.6 1738840
399.1 1737972
399.6 1738588
400.1 1737984
400.6 1737812
401.1 1737732
401.6 1737892
402.1 1737844
402.6 1737780
403.1 1737860
403.6 1737876
404.1 1738096
404.6 1738364
405.1 1738564
405.6 1738564
406.1 1738644
406.6 1738172
407.1 1738644
407.6 1738816
408.1 1738752
408.6 1738784
409.1 1738376
409.6 1738280
410.1 1738624
410.6 1738988
411.1 1738576
411.6 1738988
412.1 1738656
412.6 1738448
413.1 1738560
413.6 1732728
414.1 1732728
414.6 1732728
415.1 1732728
415.6 1732724
416.1 1732724
416.6 1732724
417.1 1732692
417.6 1732692
418.1 1732692
418.6 1732724
419.1 1732724
419.6 1732724
420.1 1732724
420.6 1732724
421.1 1732692
421.6 1732692
422.1 1732692
422.6 1732692
423.2 1732692
423.7 1732692
424.2 1732692
424.7 1732692
425.3 1732692
425.8 1732692
426.3 1732724
426.9 1732724
427.4 1732724
427.9 1732724
428.4 1732724
428.9 1732724
429.4 1732724
429.9 1732724
430.4 1732724
430.9 1732692
431.4 1732692
431.9 1732692
432.5 1732692
433.0 1732692
433.5 1732692
434.0 1732724
434.5 1732724
435.0 1739196
435.5 1738800
436.0 1738848
436.5 1738760
437.0 1738604
437.5 1738652
438.0 1738336
438.5 1738604
439.0 1738288
439.5 1738084
440.0 1738188
440.5 1738568
441.0 1738680
441.5 1738568
442.0 1738680
442.5 1738836
443.0 1738820
443.5 1738616
444.0 1738600
444.5 1738852
445.0 1738704
445.5 1738564
446.0 1738676
446.5 1738424
447.0 1738124
447.5 1738296
448.0 1738392
448.5 1738264
449.0 1738424
449.5 1738312
450.0 1738400
450.5 1738844
451.0 1738624
451.5 1738736
452.0 1738136
452.5 1738260
453.0 1737896
453.5 1737836
454.0 1738088
454.5 1738024
455.0 1738112
455.5 1738048
456.0 1738080
456.5 1738536
457.0 1738128
457.5 1738112
458.0 1737356
458.5 1732028
459.0 1732028
459.5 1732028
460.0 1731996
460.5 1731996
461.0 1731992
461.5 1731992
462.0 1731992
462.5 1731992
463.0 1731992
463.5 1731992
464.1 1732056
464.6 1732024
465.1 1732024
465.6 1732024
466.1 1732024
466.6 1732024
467.1 1732024
467.6 1732024
468.1 1732024
468.6 1732024
469.1 1731992
469.6 1731992
470.1 1731992
470.7 1731992
471.2 1731992
471.7 1732024
472.2 1732024
472.7 1732024
473.2 1732024
473.7 1732024
474.2 1731992
474.7 1731992
475.2 1731992
475.7 1731992
476.2 1731992
476.7 1731992
477.2 1731992
477.7 1731992
478.2 1731992
478.7 1732024
479.2 1732024
479.7 1734328
480.2 1738132
480.7 1738164
481.2 1737816
481.7 1737768
482.2 1737832
482.7 1737444
483.2 1738028
483.7 1737996
484.2 1738108
484.7 1738056
485.2 1738592
485.7 1738576
486.2 1738276
486.7 1738468
487.2 1738212
487.7 1738512
488.2 1738700
488.7 1738700
489.2 1738892
489.7 1738416
490.2 1738148
490.7 1738068
491.2 1738004
491.7 1737800
492.2 1738020
492.7 1738684
493.2 1738540
493.7 1738776
494.2 1738572
494.7 1738568
495.2 1738952
495.7 1738776
496.2 1738908
496.7 1738640
497.2 1738432
497.7 1738856
498.2 1738956
498.7 1739000
499.2 1738924
499.7 1738448
500.2 1737864
500.7 1738164
501.2 1738208
501.7 1738320
502.2 1738240
502.7 1738240
503.2 1738540
503.7 1732488
504.2 1732488
504.7 1732488
505.2 1732488
505.7 1732488
506.3 1732548
506.8 1732516
507.3 1732516
507.8 1732516
508.3 1732516
508.9 1732516
509.4 1732516
509.9 1732516
510.4 1732516
510.9 1732516
511.4 1732484
512.0 1732484
512.5 1732484
513.0 1732484
513.5 1732484
514.0 1732516
514.5 1732516
515.0 1732516
515.5 1732516
516.0 1732516
516.5 1732516
517.0 1732484
517.5 1732484
518.0 1732484
518.5 1732484
519.0 1732484
519.5 1732484
520.0 1732484
520.5 1732484
521.0 1732516
521.5 1732516
522.0 1732516
522.5 1732516
523.1 1732516
523.6 1732516
524.1 1732516
524.6 1732516
525.1 1738512
525.6 1738464
526.1 1738812
526.6 1738076
527.1 1738252
527.6 1738804
528.1 1738504
528.6 1738740
529.1 1739088
529.6 1738820
530.1 1738356
530.6 1738400
531.1 1738420
531.6 1738780
532.1 1738640
532.6 1738496
533.1 1738228
533.6 1738056
534.1 1738812
534.6 1738356
535.1 1738728
535.6 1738636
536.1 1738744
536.6 1738808
537.1 1738540
537.6 1738236
538.1 1738696
538.6 1738572
539.1 1738524
539.6 1738760
540.1 1739024
540.6 1738220
541.1 1738488
541.6 1738520
542.1 1738584
542.6 1738788
543.1 1739444
543.6 1738972
544.1 1738908
544.6 1738972
545.1 1738856
545.6 1738492
546.1 1738288
546.6 1738416
547.1 1738304
547.6 1738224
548.1 1738964
548.6 1732828
549.1 1732828
549.6 1732828
550.1 1732828
550.6 1732824
551.1 1732824
551.6 1732824
552.1 1732824
552.6 1732824
553.1 1732856
553.6 1732856
554.1 1732856
554.6 1732856
555.1 1732856
555.6 1732856
556.1 1732856
556.7 1732856
557.2 1732856
557.7 1732824
558.2 1732824
558.7 1732824
559.2 1732824
559.7 1732824
560.2 1732824
560.7 1732824
561.2 1732856
561.7 1732856
562.2 1732824
562.7 1732824
563.2 1732824
563.7 1732824
564.3 1732824
564.8 1732824
565.3 1732824
565.8 1732824
566.3 1732824
566.8 1732824
567.3 1732824
567.8 1732856
568.3 1732856
568.8 1732856
569.3 1732856
569.8 1738808
570.3 1738616
570.8 1738756
571.3 1738788
571.8 1738568
572.3 1738520
572.8 1738804
573.3 1738788
573.8 1738864
574.3 1738472
574.8 1738436
575.3 1738640
575.8 1738736
576.3 1738896
576.8 1738704
577.3 1738704
577.8 1738516
578.3 1738848
578.8 1738768
579.3 1738516
579.8 1738656
580.3 1738372
580.8 1738388
581.3 1738320
581.8 1737912
582.3 1738040
582.8 1738116
583.3 1738340
583.8 1738288
584.3 1738260
584.8 1738208
585.3 1738696
585.8 1738336
586.3 1738272
586.8 1738036
587.3 1738192
587.8 1738240
588.3 1738224
588.8 1738160
589.3 1738020
589.8 1738332
590.3 1737984
590.8 1738204
591.3 1738124
591.8 1738332
592.3 1738552
592.8 1738252
593.3 1732460
593.8 1732460
594.3 1732460
594.9 1732460
595.4 1732424
595.9 1732424
596.4 1732424
596.9 1732424
597.4 1732456
597.9 1732456
598.5 1732456
599.0 1732456
599.5 1732456
600.0 1732424
600.5 1732424
601.0 1732424
601.5 1732424
602.0 1732424
602.5 1732424
603.0 1732424
603.5 1732424
604.0 1732424
604.5 1732392
605.0 1732456
605.5 1732456
606.0 1732456
606.5 1732456
607.0 1732456
607.5 1732456
608.0 1732456
608.5 1732456
609.0 1732456
609.5 1732424
610.0 1732424
610.5 1732424
611.1 1732424
611.6 1732424
612.1 1732456
612.6 1732456
613.1 1732456
613.6 1732456
614.1 1732424
614.6 1737268
615.1 1738680
615.6 1738648
616.1 1738396
616.6 1738712
617.1 1738964
617.6 1738400
618.1 1738816
618.6 1739004
619.1 1739196
619.6 1738732
620.1 1738892
620.6 1738432
621.1 1738668
621.6 1738560
622.1 1738732
622.6 1739000
623.1 1738748
623.6 1738604
624.1 1738732
624.6 1738824
625.1 1738808
625.6 1738680
626.1 1738556
626.6 1738428
627.1 1738696
627.6 1738444
628.1 1738524
628.6 1738460
629.1 1738648
629.6 1738896
630.1 1738488
630.6 1738472
631.1 1738312
631.6 1738584
632.1 1738124
632.6 1738252
633.1 1738692
633.6 1738472
634.1 1738424
634.6 1738496
635.1 1738636
635.6 1738636
636.1 1738636
636.6 1738968
637.1 1738352
637.6 1738764
638.1 1732476
638.6 1732476
639.2 1732476
639.7 1732476
640.2 1732476
640.7 1732504
641.2 1732504
641.7 1732504
642.2 1732504
642.7 1732472
643.2 1732472
643.7 1732472
644.2 1732472
644.7 1732472
645.2 1732472
645.7 1732472
646.2 1732472
646.7 1732472
647.2 1732472
647.8 1732504
648.3 1732504
648.8 1732504
649.3 1732504
649.9 1732504
650.4 1732504
650.9 1732504
651.4 1732504
651.9 1732504
652.4 1732472
652.9 1732472
653.4 1732472
653.9 1732472
654.4 1732472
654.9 1732472
655.4 1732472
655.9 1732504
656.4 1732472
656.9 1732472
657.4 1732472
657.9 1732472
658.4 1732472
658.9 1732472
659.4 1732472
659.9 1738680
660.4 1738240
660.9 1737908
661.4 1737576
661.9 1737972
662.4 1737980
662.9 1738580
663.4 1738484
663.9 1738436
664.4 1738404
664.9 1738544
665.4 1738480
665.9 1738416
666.4 1738228
666.9 1738388
667.4 1738432
667.9 1738876
668.4 1738684
668.9 1738416
669.4 1738936
669.9 1738808
670.4 1738380
670.9 1738508
671.4 1738948
671.9 1738444
672.4 1738332
672.9 1738396
673.4 1738760
673.9 1738632
674.4 1738364
674.9 1738392
675.4 1738440
675.9 1738788
676.4 1738456
676.9 1738456
677.4 1738204
677.9 1738220
678.4 1738284
678.9 1737916
679.4 1738364
679.9 1738264
680.4 1738216
680.9 1738060
681.4 1738200
681.9 1737948
682.4 1737932
682.9 1738028
683.4 1732348
683.9 1732348
684.5 1732316
685.0 1732316
685.5 1732312
686.0 1732312
686.5 1732312
687.0 1732344
687.5 1732344
688.0 1732344
688.5 1732344
689.0 1732344
689.5 1732344
690.0 1732312
690.5 1732312
691.0 1732312
691.5 1732312
692.0 1732312
692.5 1732312
693.0 1732312
693.5 1732312
694.0 1732280
694.5 1732344
695.0 1732344
695.5 1732344
696.0 1732344
696.5 1732344
697.0 1732344
697.5 1732344
698.0 1732344
698.5 1732344
699.0 1732344
699.5 1732344
700.0 1732312
700.5 1732312
701.0 1732312
701.5 1732312
702.1 1732312
702.6 1732312
703.1 1732312
703.6 1732312
704.1 1732312
704.6 1732312
705.1 1738436
705.6 1738220
706.1 1739080
706.6 1739080
707.1 1738828
707.6 1737960
708.1 1738672
708.6 1738400
709.1 1738464
709.6 1738544
710.1 1738444
710.6 1738444
711.1 1739076
711.6 1739152
712.1 1738980
712.6 1738572
713.1 1738680
713.6 1738728
714.1 1738884
714.6 1738696
715.1 1738672
715.6 1738700
716.1 1738940
716.6 1738720
717.1 1738452
717.6 1738560
718.1 1738956
718.6 1738860
719.1 1738752
719.6 1738656
720.1 1738744
720.6 1738380
721.1 1738632
721.6 1738484
722.1 1738520
722.6 1738428
723.1 1738868
723.6 1738840
724.1 1738776
724.6 1738584
725.1 1738424
725.6 1738312
726.1 1738344
726.6 1738660
727.1 1738472
727.6 1738504
728.1 1738108
728.6 1732412
729.2 1732412
729.7 1732412
730.2 1732412
730.7 1732408
731.2 1732408
731.7 1732376
732.2 1732376
732.7 1732376
733.2 1732376
733.8 1732376
734.3 1732376
734.8 1732376
735.3 1732440
735.8 1732408
736.3 1732408
736.8 1732408
737.3 1732408
737.8 1732408
738.3 1732408
738.8 1732408
739.3 1732408
739.8 1732408
740.3 1732408
740.8 1732376
741.3 1732376
741.8 1732376
742.3 1732376
742.8 1732408
743.3 1732408
743.8 1732408
744.3 1732408
744.8 1732408
745.3 1732376
745.8 1732376
746.3 1732376
746.8 1732376
747.3 1732376
747.9 1732376
748.4 1732376
748.9 1732376
749.4 1732376
749.9 1738312
750.4 1738500
750.9 1738184
751.4 1738296
751.9 1738264
752.4 1738216
752.9 1738940
753.4 1738704
753.9 1739036
754.4 1738768
754.9 1738744
755.4 1738712
755.9 1738604
756.4 1738824
756.9 1738460
757.4 1738664
757.9 1738396
758.4 1738412
758.9 1738648
759.4 1738980
759.9 1738472
760.4 1738732
760.9 1738292
761.4 1738512
761.9 1738588
762.4 1738700
762.9 1738748
763.4 1738876
763.9 1738716
764.4 1738700
764.9 1738680
765.4 1738428
765.9 1738744
766.4 1738552
766.9 1738744
767.4 1738884
767.9 1738728
768.4 1738852
768.9 1738932
769.4 1738884
769.9 1738676
770.4 1738456
770.9 1738692
771.4 1738724
771.9 1738756
772.4 1738628
772.9 1738520
773.4 1732380
773.9 1732380
774.4 1732380
774.9 1732380
775.4 1732380
775.9 1732376
776.4 1732376
776.9 1732376
777.5 1732376
778.0 1732376
778.5 1732344
779.0 1732344
779.5 1732344
780.0 1732344
780.5 1732344
781.0 1732408
781.5 1732408
782.0 1732408
782.6 1732408
783.1 1732376
783.6 1732376
784.1 1732376
784.6 1732376
785.1 1732376
785.7 1732376
786.2 1732376
786.7 1732376
787.2 1732408
787.7 1732376
788.2 1732376
788.7 1732376
789.2 1732376
789.7 1732376
790.2 1732376
790.7 1732376
791.2 1732376
791.7 1732376
792.2 1732376
792.7 1732344
793.2 1732344
793.7 1732344
794.2 1732408
794.7 1737440
795.2 1738404
795.7 1739004
796.2 1738908
796.7 1738656
797.2 1738924
797.7 1738892
798.2 1738480
798.7 1738756
799.2 1738712
799.7 1739020
800.2 1738924
800.7 1738860
801.2 1738700
801.7 1738648
802.2 1738396
802.7 1738616
803.2 1738868
803.7 1738552
804.2 1738568
804.7 1739272
805.2 1739132
805.7 1738924
806.2 1738656
806.7 1739004
807.2 1739068
807.7 1739080
808.2 1738624
808.7 1738688
809.2 1738656
809.7 1738668
810.2 1739048
810.7 1738572
811.2 1738888
811.7 1739000
812.2 1738424
812.7 1738264
813.2 1738676
813.7 1737952
814.2 1738756
814.7 1737852
815.2 1738024
815.7 1737728
816.2 1737728
816.7 1737948
817.2 1738184
817.7 1738544
818.2 1734792
818.7 1732832
819.2 1732832
819.7 1732800
820.2 1732800
820.7 1732792
821.2 1732792
821.7 1732792
822.2 1732792
822.7 1732792
823.2 1732792
823.8 1732792
824.3 1732792
824.8 1732792
825.3 1732824
825.8 1732824
826.3 1732824
826.8 1732824
827.3 1732824
827.8 1732824
828.4 1732824
828.9 1732824
829.4 1732792
829.9 1732792
830.4 1732792
830.9 1732792
831.4 1732824
831.9 1732824
832.4 1732824
832.9 1732824
833.4 1732792
833.9 1732792
834.4 1732792
834.9 1732792
835.4 1732792
835.9 1732792
836.5 1732792
837.0 1732792
837.5 1732792
838.0 1732792
838.5 1732760
839.0 1732824
839.5 1732824
840.0 1738460
840.5 1738380
841.0 1738560
841.5 1738588
842.0 1738792
842.5 1738792
843.0 1738292
843.5 1738640
844.0 1738576
844.5 1738640
845.0 1738304
845.5 1738336
846.0 1738304
846.5 1738636
847.0 1738460
847.5 1738464
848.0 1737896
848.5 1737864
849.0 1737848
849.5 1738212
850.0 1738356
850.5 1738436
851.0 1738624
851.5 1738924
852.0 1738736
852.5 1738656
853.0 1738736
853.5 1738388
854.0 1738608
854.5 1738988
855.0 1739052
855.5 1738660
856.0 1738788
856.5 1738660
857.0 1738312
857.5 1738376
858.0 1738360
858.5 1738724
859.0 1738612
859.5 1738788
860.0 1738656
860.5 1738308
861.0 1739160
861.5 1738608
862.0 1738576
862.5 1738832
863.0 1737672
863.5 1732180
864.0 1732180
864.5 1732180
865.0 1732172
865.5 1732172
866.1 1732140
866.6 1732140
867.1 1732140
867.6 1732140
868.1 1732140
868.6 1732172
869.1 1732172
869.6 1732172
870.1 1732172
870.6 1732172
871.1 1732140
871.6 1732140
872.1 1732140
872.6 1732140
873.1 1732140
873.6 1732140
874.1 1732140
874.6 1732140
875.1 1732140
875.6 1732108
876.1 1732172
876.6 1732172
877.1 1732172
877.7 1732172
878.2 1732172
878.7 1732172
879.2 1732172
879.7 1732172
880.2 1732140
880.7 1732140
881.2 1732140
881.7 1732140
882.2 1732140
882.8 1732140
883.3 1732140
883.8 1732172
884.3 1732172
884.8 1738936
885.3 1737672
885.8 1737920
886.3 1738136
886.8 1737928
887.3 1737836
887.8 1737804
888.3 1738168
888.8 1738308
889.3 1738276
889.8 1738540
890.3 1738572
890.8 1738400
891.3 1738244
891.8 1738872
892.3 1738460
892.8 1738540
893.3 1738636
893.8 1738760
894.3 1738492
894.8 1738172
895.3 1738536
895.8 1738600
896.3 1738928
896.8 1738348
897.3 1738316
897.8 1738916
898.3 1738252
898.8 1738316
899.3 1738772
899.8 1738628
900.3 1738340
900.8 1738532
901.3 1738484
901.8 1738864
902.3 1738532
902.8 1738580
903.3 1738504
903.8 1738456
904.3 1738140
904.8 1738216
905.3 1738328
905.8 1738008
906.3 1738136
906.8 1738136
907.3 1738028
907.8 1737788
908.3 1732028
909.9 1732028
910.5 1732024
911.7 1732024
912.9 1732024
914.0 1732024
914.5 1732024
915.2 1732024
917.2 1732056
917.7 1732056
918.3 1732024
920.9 1732024
921.9 1732024
922.7 1732024
924.5 1732024
926.1 1732024
929.5 1732024
930.0 1738012
930.5 1738312
931.0 1738184
931.5 1738264
932.0 1738580
932.5 1738328
933.0 1738392
933.5 1738232
934.0 1738408
934.5 1738264
935.0 1738308
935.5 1738340
936.0 1738276
936.5 1738008
937.0 1737944
937.5 1738072
938.0 1738040
938.5 1738104
939.0 1737992
939.5 1738332
940.0 1738464
940.5 1738704
941.0 1738624
941.5 1738592
942.0 1738336
942.5 1738260
943.0 1738136
943.5 1738356
944.0 1737884
944.5 1738276
945.0 1738696
945.5 1738636
946.0 1738240
946.5 1738320
947.0 1737968
947.5 1738288
948.0 1738620
948.5 1738808
949.0 1738792
949.5 1738824
950.0 1738836
950.5 1739032
951.0 1738648
951.5 1738664
952.0 1738380
952.5 1738460
953.0 1738836
954.8 1732760
955.3 1732756
957.8 1732788
959.6 1732788
960.5 1732788
961.6 1732756
962.9 1732756
964.5 1732756
968.5 1732756
969.0 1732756
970.3 1732756
972.1 1732756
973.0 1732724
973.7 1732788
974.2 1732788
974.7 1736300
975.2 1738200
975.7 1738136
976.2 1738060
976.7 1737492
977.2 1737508
977.7 1737872
978.2 1737536
978.7 1738852
979.2 1738296
979.7 1738760
980.2 1738572
980.7 1738572
981.2 1738744
981.7 1738856
982.2 1738984
982.7 1738304
983.2 1738368
983.7 1738256
984.2 1738240
984.7 1738332
985.2 1738584
985.7 1738660
986.2 1738660
986.7 1738488
987.2 1738648
987.7 1738756
988.2 1738504
988.7 1738488
989.2 1738756
989.7 1738752
990.2 1738644
990.7 1738752
991.2 1738832
991.7 1738832
992.2 1738768
992.7 1738768
993.2 1738864
993.7 1738800
994.2 1738736
994.7 1739016
995.2 1739016
995.7 1738436
996.2 1738276
996.7 1739096
997.2 1738844
997.7 1738640
998.2 1738204
998.8 1732348
1000.0 1732380
1002.9 1732372
1003.8 1732372
1004.7 1732340
1006.4 1732340
1007.2 1732340
1007.7 1732340
1008.5 1732340
1010.0 1732340
1010.6 1732340
1011.3 1732340
1011.8 1732340
1012.8 1732308
1014.8 1732372
1017.0 1732372
1018.8 1732372
1019.5 1732372
1020.0 1738752
1020.5 1738624
1021.0 1738732
1021.5 1739412
1022.0 1738448
1022.5 1738812
1023.0 1738512
1023.5 1738860
1024.0 1738748
1024.5 1738700
1025.0 1738824
1025.5 1738760
1026.0 1738696
1026.5 1738776
1027.0 1738492
1027.5 1738872
1028.0 1738444
1028.5 1738476
1029.0 1738744
1029.5 1738476
1030.0 1738616
1030.5 1738912
1031.0 1738464
1031.5 1738308
1032.0 1738260
1032.5 1738212
1033.0 1738384
1033.5 1738352
1034.0 1738624
1034.5 1738576
1035.0 1738824
1035.5 1738760
1036.0 1738808
1036.5 1738808
1037.0 1738808
1037.5 1738760
1038.0 1738680
1038.5 1738768
1039.0 1738628
1039.5 1738768
1040.0 1739236
1040.5 1738760
1041.0 1738712
1041.5 1738728
1042.0 1738636
1042.5 1738760
1043.0 1738792
1045.1 1732708
1046.8 1732704
1048.7 1732672
1049.3 1732672
1049.8 1732672
1051.8 1732672
1053.6 1732672
1055.4 1732672
1057.3 1732672
1058.4 1732640
1060.5 1732640
1061.0 1732640
1061.5 1732704
1064.5 1732704
1065.0 1738340
1065.5 1738228
1066.0 1738796
1066.5 1738544
1067.0 1738292
1067.5 1738212
1068.0 1738084
1068.5 1738260
1069.0 1738292
1069.5 1739368
1070.0 1739432
1070.5 1738768
1071.0 1738816
1071.5 1738628
1072.0 1738784
1072.5 1738720
1073.0 1738420
1073.5 1738688
1074.0 1738896
1074.5 1738720
1075.0 1738796
1075.5 1738908
1076.0 1738560
1076.5 1738416
1077.0 1738748
1077.5 1738812
1078.0 1738828
1078.5 1738780
1079.0 1738560
1079.5 1738576
1080.0 1738708
1080.5 1738692
1081.0 1738788
1081.5 1738756
1082.0 1738488
1082.5 1738204
1083.0 1738376
1083.5 1738376
1084.0 1738796
1084.5 1738332
1085.0 1738180
1085.5 1738464
1086.0 1738576
1086.5 1738876
1087.0 1738592
1087.5 1738404
1088.0 1737276
1089.1 1732720
1090.4 1732752
1093.1 1732748
1093.6 1732748
1095.7 1732716
1096.7 1732716
1097.9 1732716
1098.8 1732716
1101.0 1732716
1102.8 1732716
1103.7 1732716
1104.2 1732684
1105.5 1732684
1106.7 1732748
1107.4 1732748
1108.1 1732748
1108.6 1732748
1109.5 1732748
1110.0 1738840
1110.5 1738728
1111.0 1738872
1111.5 1738760
1112.0 1738824
1112.5 1738904
1113.0 1738808
1113.5 1738616
1114.0 1738712
1114.5 1738652
1115.0 1738844
1115.5 1738860
1116.0 1738528
1116.5 1738840
1117.0 1739040
1117.5 1738504
1118.0 1738644
1118.5 1738860
1119.0 1738788
1119.5 1738788
1120.0 1738404
1120.5 1738500
1121.0 1738720
1121.5 1738656
1122.0 1738640
1122.5 1738464
1123.0 1738136
1123.5 1738896
1124.0 1738736
1124.5 1738752
1125.0 1738380
1125.5 1738728
1126.0 1738760
1126.5 1738728
1127.0 1738792
1127.5 1738428
1128.0 1738364
1128.5 1738696
1129.0 1738648
1129.5 1738428
1130.0 1738424
1130.5 1738408
1131.0 1738472
1131.5 1738328
1132.0 1738408
1132.5 1737920
1133.0 1738636
1133.6 1732652
1134.1 1732652
1134.8 1732652
1135.3 1732648
1136.6 1732648
1137.1 1732616
1139.1 1732616
1140.8 1732680
1141.7 1732680
1142.2 1732680
1142.9 1732680
1144.1 1732680
1144.9 1732680
1145.5 1732680
1146.3 1732680
1146.8 1732648
1148.9 1732648
1150.7 1732648
1151.2 1732648
1152.2 1732648
1152.7 1732680
1154.1 1732680
1154.6 1734956
1155.1 1738588
1155.6 1738460
1156.1 1738124
1156.6 1738540
1157.1 1738712
1157.6 1738616
1158.1 1738712
1158.6 1738904
1159.1 1738680
1159.6 1738784
1160.1 1738608
1160.6 1738688
1161.1 1738656
1161.6 1738672
1162.1 1738672
1162.6 1738656
1163.1 1738548
1163.6 1738324
1164.1 1738624
1164.6 1738760
1165.1 1738340
1165.6 1738464
1166.1 1738512
1166.6 1738260
1167.1 1738448
1167.6 1738404
1168.1 1738748
1168.6 1738260
1169.1 1738732
1169.6 1738212
1170.1 1738192
1170.6 1738396
1171.1 1738980
1171.6 1738604
1172.1 1738508
1172.6 1738396
1173.1 1738712
1173.6 1738664
1174.1 1738964
1174.6 1738744
1175.1 1738472
1175.6 1738376
1176.1 1738704
1176.6 1738472
1177.1 1738392
1177.6 1738012
1178.1 1737936
1178.6 1731884
1179.4 1731884
1179.9 1731884
1180.4 1732096
1182.4 1732096
1183.1 1732160
1184.9 1732160
1186.7 1732160
1187.4 1732160
1188.4 1732160
1189.1 1732160
1189.6 1732160
1191.6 1732128
1193.4 1732128
1194.4 1732128
1195.7 1732128
1197.4 1732128
1198.3 1732160
1198.8 1732160
1199.5 1732160
1200.0 1738084
1200.5 1738432
1201.0 1738352
1201.5 1738212
1202.0 1738416
1202.5 1738916
1203.0 1738696
1203.5 1738636
1204.0 1738544
1204.5 1738196
1205.0 1738316
1205.5 1738160
1206.0 1738348
1206.5 1738444
1207.0 1738460
1207.5 1738492
1208.0 1737924
1208.5 1737876
1209.0 1738096
1209.5 1739076
1210.0 1738912
1210.5 1738724
1211.0 1738960
1211.5 1738740
1212.0 1738512
1212.5 1738480
1213.0 1738336
1213.5 1738764
1214.0 1738556
1214.5 1738492
1215.0 1738680
1215.5 1738648
1216.0 1738600
1216.5 1738396
1217.0 1738332
1217.5 1738380
1218.0 1738316
1218.5 1738316
1219.0 1738712
1219.5 1738412
1220.0 1738656
1220.5 1738608
1221.0 1738388
1221.5 1737980
1222.0 1737916
1222.5 1737788
1223.0 1737852
1223.5 1731864
1225.7 1731860
1226.7 1731860
1228.7 1731860
1229.9 1731860
1230.9 1731828
1231.5 1731828
1232.5 1731828
1233.3 1731828
1234.3 1731828
1237.7 1731828
1238.5 1731828
1239.0 1731828
1239.7 1731892
1241.5 1731860
1242.0 1731860
1242.5 1731860
1243.7 1731860
1244.5 1731860
1245.0 1737880
1245.5 1737708
1246.0 1737768
1246.5 1737944
1247.0 1738068
1247.5 1738668
1248.0 1738456
1248.5 1739244
1249.0 1738660
1249.5 1738676
1250.0 1738988
1250.5 1738860
1251.0 1738388
1251.5 1738768
1252.0 1738688
1252.5 1738468
1253.0 1738528
1253.5 1738372
1254.0 1738624
1254.5 1738656
1255.0 1738744
1255.5 1738900
1256.0 1738632
1256.5 1738916
1257.0 1738680
1257.5 1738948
1258.0 1738664
1258.5 1738300
1259.0 1738568
1259.5 1739088
1260.0 1738548
1260.5 1738548
1261.0 1738848
1261.5 1738848
1262.0 1738612
1262.5 1738628
1263.0 1738864
1263.5 1738724
1264.0 1738816
1264.5 1738720
1265.0 1738692
1265.5 1738120
1266.0 1738072
1266.5 1738088
1267.0 1738152
1267.5 1738216
1268.0 1738608
1268.9 1732700
1270.8 1732696
1272.0 1732696
1274.2 1732664
1276.2 1732664
1276.8 1732664
1278.1 1732664
1280.3 1732664
1280.9 1732696
1282.7 1732696
1283.2 1732696
1286.6 1732664
1287.8 1732664
1288.8 1732664
1289.5 1732664
1290.0 1738352
1290.5 1738384
1291.0 1738524
1291.5 1738440
1292.0 1738240
1292.5 1738336
1293.0 1738588
1293.5 1738620
1294.0 1738636
1294.5 1738384
1295.0 1738584
1295.5 1738612
1296.0 1739276
1296.5 1738848
1297.0 1739120
1297.5 1738300
1298.0 1738220
1298.5 1738756
1299.0 1738584
1299.5 1738648
1300.0 1738188
1300.5 1737872
1301.0 1737968
1301.5 1737696
1302.0 1738060
1302.5 1738076
1303.0 1738312
1303.5 1738628
1304.0 1738500
1304.5 1739068
1305.0 1738892
1305.5 1738908
1306.0 1738860
1306.5 1738672
1307.0 1738576
1307.5 1738876
1308.0 1738500
1308.5 1738388
1309.0 1738640
1309.5 1738576
1310.0 1738700
1310.5 1738824
1311.0 1738572
1311.5 1738588
1312.0 1738668
1312.5 1738604
1313.0 1738556
1313.5 1732728
1314.7 1732728
1316.5 1732720
1318.4 1732688
1320.2 1732688
1322.1 1732688
1323.7 1732688
1326.0 1732688
1326.6 1732688
1327.5 1732720
1328.9 1732720
1329.4 1732688
1333.0 1732688
1333.5 1732688
1334.5 1732688
1335.0 1738076
1335.5 1738044
1336.0 1737824
1336.5 1737968
1337.0 1737760
1337.5 1737808
1338.0 1737936
1338.5 1737916
1339.0 1738236
1339.5 1738300
1340.0 1738200
1340.5 1738404
1341.0 1738056
1341.5 1737960
1342.0 1738228
1342.5 1738276
1343.0 1738356
1343.5 1738372
1344.0 1738292
1344.5 1738276
1345.0 1738700
1345.5 1738668
1346.0 1738460
1346.5 1738764
1347.0 1738888
1347.5 1738776
1348.0 1738776
1348.5 1738936
1349.0 1738540
1349.5 1738588
1350.0 1738624
1350.5 1738404
1351.0 1738388
1351.5 1738688
1352.0 1738988
1352.5 1738560
1353.0 1738576
1353.5 1738592
1354.0 1738608
1354.5 1738656
1355.0 1738920
1355.5 1738888
1356.0 1738936
1356.5 1738316
1357.0 1739220
1357.5 1738888
1358.0 1738460
1360.4 1732932
1360.9 1732924
1361.4 1732924
1361.9 1732924
1362.4 1732924
1362.9 1732924
1363.4 1732924
1365.8 1732924
1367.1 1732892
1367.7 1732892
1368.2 1732956
1368.7 1732956
1369.2 1732956
1369.7 1732956
1370.2 1732956
1370.7 1732956
1372.6 1732956
1376.2 1732924
1376.7 1732924
1377.2 1732924
1378.1 1732924
1379.0 1732924
1379.5 1732924
1380.0 1738812
1380.5 1738716
1381.0 1738652
1381.5 1738620
1382.0 1738556
1382.5 1738572
1383.0 1738744
1383.5 1738748
1384.0 1738588
1384.5 1738588
1385.0 1738844
1385.5 1738876
1386.0 1738828
1386.5 1738876
1387.0 1738940
1387.5 1738544
1388.0 1738640
1388.5 1738624
1389.0 1738624
1389.5 1738704
1390.0 1738448
1390.5 1738556
1391.0 1738476
1391.5 1738384
1392.0 1738352
1392.5 1738376
1393.0 1738952
1393.5 1739140
1394.0 1738796
1394.5 1738336
1395.0 1738736
1395.5 1738340
1396.0 1738452
1396.5 1738560
1397.0 1738828
1397.5 1738436
1398.0 1738260
1398.5 1738244
1399.0 1738372
1399.5 1738324
1400.0 1738428
1400.5 1738332
1401.0 1738160
1401.5 1738412
1402.0 1738284
1402.5 1738080
1403.0 1738284
1403.5 1732596
1404.0 1732596
1404.5 1732596
1405.0 1732564
1405.5 1732564
1406.0 1732560
1406.5 1732560
1407.0 1732560
1407.5 1732560
1408.0 1732592
1408.5 1732592
1409.0 1732592
1409.5 1732592
1410.0 1732592
1410.5 1732560
1411.0 1732560
1411.5 1732560
1412.1 1732560
1412.6 1732560
1413.1 1732560
1413.6 1732560
1414.1 1732528
1414.7 1732528
1415.2 1732528
1415.7 1732528
1416.2 1732592
1416.7 1732592
1417.2 1732592
1417.7 1732592
1418.2 1732592
1418.7 1732592
1419.2 1732560
1419.7 1732560
1420.2 1732560
1420.7 1732568
1421.2 1739696
1421.7 1739996
1422.2 1739996
1422.7 1739996
1423.2 1740060
1423.7 1740028
1424.2 1740028
1424.7 1744544
1425.2 1746932
1425.7 1746252
1426.2 1746424
1426.7 1746260
1427.2 1746432
1427.7 1746868
1428.2 1746808
1428.7 1747268
1429.2 1747048
1429.7 1747016
1430.2 1746924
1430.7 1746544
1431.2 1746860
1431.7 1746952
1432.2 1746680
1432.7 1746664
1433.2 1746648
1433.7 1746712
1434.2 1746936
1434.7 1747280
1435.2 1746620
1435.7 1746652
1436.2 1747172
1436.7 1746796
1437.2 1746384
1437.7 1746416
1438.2 1746576
1438.7 1746480
1439.2 1746416
1439.7 1746700
1440.2 1746652
1440.7 1746984
1441.2 1746764
1441.7 1746744
1442.2 1746760
1442.7 1746964
1443.2 1746680
1443.7 1746980
1444.2 1746712
1444.7 1745908
1445.2 1746428
1445.7 1746792
1446.2 1747076
1446.7 1747024
1447.2 1740680
1447.8 1740680
1448.3 1740680
1448.8 1740680
1449.3 1740680
1449.8 1740680
1450.3 1740680
1450.8 1740680
1451.3 1740680
1451.8 1740892
1452.3 1740956
1452.8 1740956
1453.3 1741148
1453.8 1741148
1454.3 1741020
1454.8 1741020
1455.3 1741020
1455.8 1740768
1456.3 1740736
1456.8 1740736
1457.3 1740736
1457.8 1740736
1458.3 1740732
1458.8 1740732
1459.3 1740732
1459.9 1740732
1460.4 1740764
1461.0 1740732
1461.5 1740732
1462.0 1740732
1462.5 1740732
1463.0 1740732
1463.5 1740732
1464.0 1740732
1464.5 1740732
1465.0 1740732
1465.5 1740732
1466.1 1740732
1466.6 1740732
1467.1 1740732
1467.6 1740764
1468.1 1740764
1468.6 1740764
1469.1 1740764
1469.6 1744076
1470.1 1746888
1470.6 1746760
1471.1 1746572
1471.6 1746808
1472.1 1746792
1472.6 1746332
1473.1 1746224
1473.6 1746620
1474.1 1747012
1474.6 1747136
1475.1 1747072
1475.6 1746992
1476.1 1746692
1476.6 1746944
1477.1 1747164
1477.6 1746724
1478.1 1746708
1478.6 1746740
1479.1 1746520
1479.6 1746324
1480.1 1746468
1480.6 1746532
1481.1 1746564
1481.6 1746580
1482.1 1745996
1482.6 1746084
1483.1 1746480
1483.6 1746240
1484.1 1747276
1484.6 1747148
1485.1 1746784
1485.6 1746720
1486.1 1746816
1486.6 1747084
1487.1 1747176
1487.6 1746972
1488.1 1746864
1488.6 1747272
1489.1 1747112
1489.6 1746976
1490.1 1746540
1490.6 1746508
1491.1 1746824
1491.6 1746728
1492.1 1746664
1492.6 1746712
1493.1 1744936
1493.7 1740740
1494.2 1740740
1494.7 1740740
1495.2 1740736
1495.7 1740800
1496.2 1740800
1496.7 1740800
1497.2 1740800
1497.7 1740800
1498.2 1740768
1498.7 1740768
1499.2 1740768
1499.7 1740768
1500.2 1740768
1500.7 1740768
1501.2 1740768
1501.7 1740768
1502.2 1740768
1502.7 1740768
1503.2 1740768
1503.7 1740800
1504.2 1740800
1504.7 1740800
1505.2 1740800
1505.7 1740800
1506.3 1740800
1506.8 1740800
1507.3 1740800
1507.8 1740768
1508.3 1740768
1508.8 1740768
1509.3 1740768
1509.8 1740768
1510.3 1740768
1510.8 1740768
1511.3 1740800
1511.8 1740800
1512.3 1740768
1512.8 1740768
1513.3 1740768
1513.8 1740768
1514.3 1740768
1514.8 1746788
1515.3 1746700
1515.8 1746748
1516.3 1746732
1516.8 1747204
1517.3 1747016
1517.8 1746400
1518.3 1746464
1518.8 1746700
1519.3 1746592
1519.8 1746672
1520.3 1746580
1520.8 1746564
1521.3 1746564
1521.8 1746500
1522.3 1747124
1522.8 1746852
1523.3 1747108
1523.8 1747044
1524.3 1746964
1524.8 1747248
1525.3 1746880
1525.8 1746884
1526.3 1746504
1526.8 1746692
1527.3 1746944
1527.8 1746852
1528.3 1746896
1528.8 1746724
1529.3 1746788
1529.8 1746748
1530.3 1746796
1530.8 1746732
1531.3 1746780
1531.8 1746732
1532.3 1746608
1532.8 1746528
1533.3 1747032
1533.8 1747032
1534.3 1746416
1534.8 1746412
1535.3 1746776
1535.8 1747044
1536.3 1746840
1536.8 1746256
1537.3 1746760
1537.8 1746792
1538.3 1741064
1538.8 1741064
1539.3 1741064
1539.8 1741064
1540.3 1741060
1540.8 1741060
1541.3 1741060
1541.8 1741092
1542.3 1741092
1542.8 1741092
1543.3 1741092
1543.8 1741092
1544.3 1741092
1544.8 1741092
1545.3 1741092
1545.8 1741060
1546.3 1741060
1546.8 1741060
1547.3 1741060
1547.8 1741060
1548.3 1741060
1548.8 1741060
1549.4 1741060
1549.9 1741060
1550.4 1741060
1550.9 1741092
1551.4 1741092
1551.9 1741092
1552.4 1741092
1552.9 1741092
1553.4 1741092
1553.9 1741092
1554.4 1741060
1554.9 1741060
1555.4 1741060
1555.9 1741060
1556.4 1741060
1556.9 1741060
1557.5 1741092
1558.0 1741092
1558.5 1741092
1559.0 1741060
1559.5 1741060
1560.0 1746368
1560.5 1747016
1561.0 1746920
1561.5 1746812
1562.0 1746684
1562.5 1746952
1563.0 1746764
1563.5 1746840
1564.0 1746872
1564.5 1746684
1565.0 1746900
1565.5 1746868
1566.0 1746728
1566.5 1746712
1567.0 1746680
1567.5 1746900
1568.0 1746728
1568.5 1746932
1569.0 1747060
1569.5 1746900
1570.0 1746804
1570.5 1746772
1571.0 1747056
1571.5 1746756
1572.0 1747024
1572.5 1746836
1573.0 1746548
1573.5 1746440
1574.0 1746328
1574.5 1746488
1575.0 1746588
1575.5 1746224
1576.0 1746192
1576.5 1746096
1577.0 1746116
1577.5 1745988
1578.0 1746664
1578.5 1746348
1579.0 1746508
1579.5 1746492
1580.0 1746484
1580.5 1746452
1581.0 1746200
1581.5 1746340
1582.0 1746232
1582.5 1745664
1583.0 1746328
1583.5 1740008
1584.0 1740008
1584.5 1740072
1585.0 1740072
1585.5 1740068
1586.0 1740068
1586.5 1740068
1587.0 1740068
1587.5 1740036
1588.0 1740036
1588.5 1740036
1589.0 1740036
1589.5 1740036
1590.0 1740036
1590.5 1740036
1591.0 1740036
1591.5 1740036
1592.0 1740068
1592.5 1740068
1593.0 1740068
1593.5 1740068
1594.0 1740068
1594.5 1740068
1595.0 1740068
1595.6 1740068
1596.1 1740068
1596.6 1740036
1597.1 1740036
1597.6 1740036
1598.1 1740036
1598.6 1740036
1599.1 1740068
1599.7 1740068
1600.2 1740068
1600.7 1740068
1601.2 1740068
1601.7 1740036
1602.2 1740036
1602.7 1740036
1603.2 1740036
1603.7 1740036
1604.3 1740036
1604.8 1746280
1605.3 1745896
1605.8 1746024
1606.3 1745928
1606.8 1745992
1607.3 1745992
1607.8 1746024
1608.3 1745692
1608.8 1746940
1609.3 1746968
1609.8 1747136
1610.3 1746804
1610.8 1747248
1611.3 1747028
1611.8 1746648
1612.3 1746932
1612.8 1746884
1613.3 1746492
1613.8 1746712
1614.3 1746872
1614.8 1746248
1615.3 1746756
1615.8 1746708
1616.3 1746564
1616.8 1746580
1617.3 1747100
1617.8 1746724
1618.3 1746692
1618.8 1746596
1619.3 1746468
1619.8 1746652
1620.3 1746588
1620.8 1746764
1621.3 1747016
1621.8 1746732
1622.3 1746620
1622.8 1746492
1623.3 1746652
1623.8 1746476
1624.3 1746620
1624.8 1747052
1625.3 1746612
1625.8 1746676
1626.3 1746676
1626.8 1746724
1627.3 1746456
1627.8 1746564
1628.3 1740528
1628.8 1740528
1629.3 1740528
1629.8 1740528
1630.3 1740528
1630.8 1740492
1631.3 1740492
1631.8 1740492
1632.3 1740492
1632.8 1740524
1633.3 1740524
1633.8 1740524
1634.3 1740524
1634.8 1740492
1635.3 1740492
1635.8 1740492
1636.4 1740492
1636.9 1740492
1637.4 1740492
1637.9 1740492
1638.4 1740492
1638.9 1740492
1639.4 1740460
1639.9 1740460
1640.4 1740460
1640.9 1740524
1641.5 1740524
1642.0 1740524
1642.5 1740524
1643.0 1740524
1643.5 1740524
1644.0 1740524
1644.5 1740492
1645.0 1740492
1645.5 1740492
1646.0 1740492
1646.5 1740492
1647.0 1740524
1647.5 1740524
1648.0 1740524
1648.5 1740524
1649.0 1740492
1649.5 1740492
1650.0 1746556
1650.5 1746048
1651.0 1746252
1651.5 1746208
1652.0 1746492
1652.5 1746396
1653.0 1746584
1653.5 1746960
1654.0 1747356
1654.5 1746744
1655.0 1746572
1655.5 1746748
1656.0 1746920
1656.5 1746968
1657.0 1746968
1657.5 1747000
1658.0 1746748
1658.5 1746776
1659.0 1746920
1659.5 1747204
1660.0 1746924
1660.5 1746960
1661.0 1747116
1661.5 1746708
1662.0 1746944
1662.5 1746676
1663.0 1746784
1663.5 1746944
1664.0 1746724
1664.5 1746740
1665.0 1746556
1665.5 1746668
1666.0 1746764
1666.5 1746480
1667.0 1746856
1667.5 1746904
1668.0 1746952
1668.5 1746872
1669.0 1746996
1669.5 1746792
1670.0 1747004
1670.5 1746596
1671.0 1746880
1671.5 1746832
1672.0 1746960
1672.5 1746992
1673.0 1744100
1673.5 1740908
1674.0 1740908
1674.5 1740908
1675.0 1740908
1675.5 1740932
1676.0 1740932
1676.5 1740932
1677.0 1740900
1677.5 1740900
1678.0 1740900
1678.5 1740900
1679.0 1740900
1679.5 1740900
1680.0 1740900
1680.5 1740900
1681.0 1740900
1681.5 1740900
1682.0 1740900
1682.5 1740900
1683.1 1740932
1683.6 1740932
1684.1 1740932
1684.6 1740932
1685.1 1740932
1685.6 1740932
1686.1 1740932
1686.6 1740900
1687.1 1740900
1687.6 1740900
1688.1 1740900
1688.6 1740900
1689.1 1740900
1689.6 1740900
1690.1 1740900
1690.6 1740900
1691.1 1740900
1691.6 1740900
1692.1 1740900
1692.7 1740900
1693.2 1740900
1693.7 1740900
1694.2 1740900
1694.7 1742276
1695.2 1746440
1695.7 1746588
1696.2 1746476
1696.7 1746572
1697.2 1746508
1697.7 1746556
1698.2 1746100
1698.7 1746304
1699.2 1746700
1699.7 1746204
1700.2 1747224
1700.7 1747320
1701.2 1747176
1701.7 1746924
1702.2 1746860
1702.7 1746828
1703.2 1746976
1703.7 1747048
1704.2 1746956
1704.7 1747304
1705.2 1746504
1705.7 1746696
1706.2 1746504
1706.7 1746428
1707.2 1746332
1707.7 1746684
1708.2 1745892
1708.7 1746908
1709.2 1747556
1709.7 1747284
1710.2 1747332
1710.7 1746716
1711.2 1746208
1711.7 1746812
1712.2 1747028
1712.7 1748380
1713.2 1748876
1713.7 1748372
1714.2 1747904
1714.7 1747888
1715.2 1747820
1715.7 1747664
1716.2 1747072
1716.7 1747072
1717.2 1747788
1717.7 1747696
1718.2 1747624
1718.7 1744964
1719.2 1741924
1719.7 1741672
1720.4 1741640
1720.9 1741704
1721.4 1741704
1721.9 1741664
1722.6 1741664
1723.1 1741412
1723.6 1741412
1724.1 1741476
1724.6 1741444
1725.1 1741160
1725.8 1741160
1726.3 1741160
1726.8 1741160
1727.3 1741160
1727.8 1741160
1728.3 1741160
1728.8 1741160
1729.8 1741192
1730.3 1741192
1730.8 1741188
1731.3 1741188
1731.8 1741188
1732.5 1741188
1733.0 1741188
1733.5 1741156
1734.0 1741156
1734.5 1741156
1735.4 1741440
1735.9 1741676
1736.4 1741716
1736.9 1741708
1737.4 1741700
1738.0 1741684
1738.5 1741684
1739.0 1741740
1739.5 1741740
1740.0 1747736
1740.5 1747972
1741.0 1748160
1741.5 1748240
1742.0 1747972
1742.5 1747916
1743.0 1747652
1743.5 1746988
1744.0 1747560
1744.5 1747500
1745.0 1747152
1745.5 1747884
1746.0 1748632
1746.5 1748364
1747.0 1748160
1747.5 1748024
1748.0 1748216
1748.5 1748232
1749.0 1748372
1749.5 1748168
1750.0 1748016
1750.5 1747888
1751.0 1748048
1751.5 1747840
1752.0 1748000
1752.5 1748456
1753.0 1748060
1753.5 1748520
1754.0 1748188
1754.5 1748220
1755.0 1747868
1755.5 1748352
1756.0 1748004
1756.5 1748036
1757.0 1747876
1757.5 1748008
1758.0 1747924
1758.5 1748208
1759.0 1748428
1759.5 1748096
1760.0 1748536
1760.5 1748172
1761.0 1748532
1761.5 1748276
1762.0 1741600
1763.8 1741600
1764.9 1741600
1768.4 1741592
1770.2 1741592
1771.9 1741592
1775.0 1741592
1775.5 1741592
1776.5 1741624
1777.0 1741624
1777.5 1741624
1778.0 1741624
1779.6 1741624
1780.1 1741624
1780.7 1741624
1781.2 1741624
1782.2 1741592
1782.7 1741592
1784.5 1741592
1785.0 1747560
1785.5 1747496
1786.0 1747424
1786.5 1747768
1787.0 1747976
1787.5 1747928
1788.0 1747896
1788.5 1748132
1789.0 1747736
1789.5 1747752
1790.0 1747388
1790.5 1747152
1791.0 1747120
1791.5 1748236
1792.0 1748788
1792.5 1748332
1793.0 1748104
1793.5 1747804
1794.0 1747916
1794.5 1748120
1795.0 1747932
1795.5 1748456
1796.0 1748156
1796.5 1748140
1797.0 1747792
1797.5 1748028
1798.0 1748092
1798.5 1747964
1799.0 1748344
1799.5 1748552
1800.0 1748200
1800.5 1748452
1801.0 1748184
1801.5 1747772
1802.0 1747900
1802.5 1748104
1803.0 1748072
1803.5 1748136
1804.0 1748200
1804.5 1747964
1805.0 1748100
1805.5 1747892
1806.0 1748132
1806.5 1748212
1807.0 1742144
1808.4 1742176
1808.9 1742176
1809.4 1742176
1811.1 1742140
1811.6 1742140
1812.4 1742140
1812.9 1742140
1813.7 1742140
1814.2 1742140
1815.9 1742140
1816.4 1742140
1817.4 1742140
1818.4 1742108
1818.9 1742108
1821.2 1742172
1822.0 1742172
1822.5 1742172
1823.5 1742172
1824.0 1742172
1824.5 1742172
1826.2 1742140
1826.7 1742140
1827.2 1742140
1827.7 1742140
1829.4 1742140
1829.9 1748008
1830.4 1748484
1830.9 1748220
1831.4 1748316
1831.9 1748144
1832.4 1748144
1832.9 1748064
1833.4 1748080
1833.9 1747968
1834.4 1748016
1834.9 1748828
1835.4 1747824
1835.9 1748076
1836.4 1748076
1836.9 1748204
1837.4 1748076
1837.9 1748268
1838.4 1748108
1838.9 1748268
1839.4 1747524
1839.9 1747848
1840.4 1747440
1840.9 1748064
1841.4 1747784
1841.9 1747644
1842.4 1747660
1842.9 1747720
1843.4 1748148
1843.9 1748052
1844.4 1748180
1844.9 1748000
1845.4 1748428
1845.9 1747940
1846.4 1748112
1846.9 1747984
1847.4 1748112
1847.9 1748284
1848.4 1748096
1848.9 1748096
1849.4 1748144
1849.9 1747596
1850.4 1747800
1850.9 1747816
1851.4 1747928
1851.9 1747864
1852.4 1742128
1852.9 1742160
1853.6 1742160
1855.1 1742160
1855.6 1742152
1856.6 1742120
1857.1 1742120
1857.6 1742120
1858.6 1742120
1859.1 1742120
1860.1 1742120
1860.6 1742120
1861.1 1742120
1861.8 1742120
1863.7 1742152
1865.1 1742152
1866.3 1742152
1866.8 1742152
1868.1 1742152
1869.1 1742152
1871.0 1742152
1872.0 1742152
1873.5 1742120
1874.4 1742120
1874.9 1748020
1875.4 1748276
1875.9 1747720
1876.4 1747720
1876.9 1748008
1877.4 1747940
1877.9 1748196
1878.4 1747988
1878.9 1748132
1879.4 1748180
1879.9 1748112
1880.4 1748128
1880.9 1747732
1881.4 1747748
1881.9 1748316
1882.4 1748224
1882.9 1747892
1883.4 1748380
1883.9 1748428
1884.4 1748236
1884.9 1748092
1885.4 1748156
1885.9 1748044
1886.4 1748536
1886.9 1748392
1887.4 1748844
1887.9 1748028
1888.4 1748028
1888.9 1747636
1889.4 1747620
1889.9 1747756
1890.4 1747820
1890.9 1748136
1891.4 1747992
1891.9 1748152
1892.4 1748152
1892.9 1748072
1893.4 1748292
1893.9 1748356
1894.4 1748104
1894.9 1748236
1895.4 1748300
1895.9 1749252
1896.4 1748984
1896.9 1742384
1897.4 1742352
1897.9 1742352
1899.1 1742352
1899.6 1742352
1900.1 1742352
1901.1 1742344
1901.6 1742344
1902.5 1742344
1904.1 1742344
1906.2 1742312
1907.7 1742312
1908.2 1742312
1909.4 1742344
1909.9 1742344
1911.8 1742344
1912.5 1742344
1913.8 1742344
1915.6 1742312
1917.0 1742312
1917.9 1742312
1918.4 1742312
1918.9 1742312
1919.5 1742312
1920.0 1748216
1920.5 1747772
1921.0 1748176
1921.5 1748092
1922.0 1748088
1922.5 1748136
1923.0 1747708
1923.5 1747960
1924.0 1748168
1924.5 1748088
1925.0 1748164
1925.5 1747816
1926.0 1748772
1926.5 1750872
1927.0 1752304
1927.5 1754196
1928.0 1752428
1928.5 1753820
1929.0 1753772
1929.5 1753192
1930.0 1753032
1930.5 1753032
1931.0 1752968
1931.5 1753300
1932.0 1749600
1932.5 1749036
1933.0 1748848
1933.5 1748516
1934.0 1748904
1934.5 1749104
1935.0 1748872
1935.5 1748572
1936.0 1748396
1936.5 1748692
1937.0 1748884
1937.5 1748788
1938.0 1748328
1938.5 1748236
1939.0 1748392
1939.5 1748392
1940.0 1748660
1940.5 1749088
1941.0 1749008
1941.5 1748912
1942.0 1748748
1942.5 1748908
1943.0 1748732
1943.5 1743184
1944.5 1742664
1945.5 1742664
1946.1 1742664
1946.7 1742624
1947.2 1742624
1947.7 1742624
1948.6 1742624
1949.1 1742624
1950.5 1742624
1951.3 1742656
1953.2 1742656
1954.1 1742656
1956.1 1742624
1957.4 1742624
1957.9 1742752
1958.4 1742624
1959.2 1742624
1959.7 1742624
1960.4 1742624
1961.8 1742624
1962.4 1742592
1962.9 1742656
1963.5 1742652
1964.5 1742652
1965.0 1748996
1965.5 1748460
1966.0 1748508
1966.5 1748760
1967.0 1748744
1967.5 1748680
1968.0 1748824
1968.5 1749060
1969.0 1748744
1969.5 1748776
1970.0 1748708
1970.5 1748788
1971.0 1749388
1971.5 1748708
1972.0 1748724
1972.5 1748564
1973.0 1748628
1973.5 1748472
1974.0 1748124
1974.5 1748172
1975.0 1748136
1975.5 1747948
1976.0 1747804
1976.5 1748152
1977.0 1748328
1977.5 1748216
1978.0 1748232
1978.5 1747884
1979.0 1747980
1979.5 1749100
1980.0 1748648
1980.5 1748664
1981.0 1748964
1981.5 1748552
1982.0 1748964
1982.5 1748648
1983.0 1749140
1983.5 1748916
1984.0 1749012
1984.5 1748916
1985.0 1749052
1985.5 1748560
1986.0 1748640
1986.5 1748864
1987.0 1748720
1987.5 1748720
1988.0 1748792
1988.5 1742492
1989.0 1742492
1989.5 1742492
1990.0 1742524
1990.5 1742524
1991.0 1742488
1991.5 1742488
1992.0 1742488
1992.5 1742488
1993.0 1742488
1993.5 1742488
1994.0 1742488
1994.5 1742488
1995.0 1742488
1995.5 1742456
1996.0 1742456
1996.5 1742456
1997.0 1742520
1997.5 1742520
1998.0 1742520
1998.5 1742520
1999.0 1742520
1999.5 1742520
2000.0 1742520
2000.5 1742520
2001.0 1742520
2001.5 1742488
2002.0 1742488
2002.5 1742488
2003.0 1742488
2003.5 1742488
2004.0 1742488
2004.5 1742488
2005.0 1742488
2005.5 1742520
2006.0 1742520
2006.5 1742520
2007.0 1742520
2007.5 1742520
2008.0 1742520
2008.5 1742520
2009.0 1742520
2009.5 1742488
2010.0 1748620
2010.5 1748716
2011.0 1748700
2011.5 1748448
2012.0 1748448
2012.5 1747856
2013.0 1748296
2013.5 1748548
2014.0 1748612
2014.5 1748724
2015.0 1749020
2015.5 1748508
2016.0 1748648
2016.5 1748680
2017.0 1748964
2017.5 1748584
2018.0 1748364
2018.5 1748396
2019.0 1748348
2019.5 1748524
2020.0 1748308
2020.5 1748340
2021.0 1748088
2021.5 1748484
2022.0 1748072
2022.5 1748120
2023.0 1748120
2023.5 1748008
2024.0 1748072
2024.5 1748388
2025.0 1748840
2025.5 1748544
2026.0 1748320
2026.5 1749048
2027.0 1748684
2027.5 1748872
2028.0 1748684
2028.5 1748952
2029.0 1748872
2029.5 1748776
2030.0 1748680
2030.5 1748740
2031.0 1748728
2031.5 1748680
2032.0 1748868
2032.5 1748932
2033.0 1748632
2033.5 1742580
2034.0 1742580
2034.5 1742580
2035.0 1742580
2035.5 1742608
2036.0 1742608
2036.5 1742608
2037.0 1742608
2037.5 1742576
2038.0 1742576
2038.5 1742576
2039.0 1742576
2039.7 1742576
2040.2 1742576
2040.7 1742576
2041.2 1742576
2041.7 1742576
2042.2 1742608
2042.7 1742608
2043.3 1742608
2043.8 1742608
2044.3 1742608
2044.8 1742608
2045.3 1742608
2045.8 1742608
2046.3 1742608
2046.8 1742608
2047.3 1742576
2047.8 1742576
2048.3 1742576
2048.8 1742576
2049.3 1742576
2049.8 1742608
2050.3 1742608
2050.8 1742608
2051.3 1742608
2051.8 1742576
2052.3 1742576
2052.8 1742576
2053.3 1742576
2053.8 1742576
2054.3 1742576
2054.8 1742576
2055.3 1748928
2055.8 1748488
2056.3 1748800
2056.8 1748832
2057.3 1749152
2057.8 1748896
2058.3 1748404
2058.8 1748468
2059.3 1748692
2059.8 1748660
2060.3 1748824
2060.8 1748760
2061.3 1748636
2061.8 1748808
2062.3 1748812
2062.8 1748748
2063.3 1749032
2063.8 1748464
2064.3 1748336
2064.8 1748336
2065.3 1748348
2065.8 1748412
2066.3 1748552
2066.8 1748852
2067.3 1748852
2067.8 1748504
2068.3 1748632
2068.8 1748380
2069.3 1748648
2069.8 1748648
2070.3 1748184
2070.8 1748296
2071.3 1748280
2071.8 1748424
2072.3 1748596
2072.8 1748692
2073.3 1748692
2073.8 1748548
2074.3 1748896
2074.8 1748848
2075.3 1748624
2075.8 1748908
2076.3 1748764
2076.8 1748892
2077.3 1748908
2077.8 1749000
2078.3 1748812
2078.8 1742960
2079.3 1742960
2079.8 1742960
2080.3 1742952
2080.8 1742952
2081.3 1742952
2081.8 1742920
2082.3 1742920
2082.8 1742920
2083.3 1742920
2083.8 1742920
2084.3 1742920
2084.8 1742920
2085.4 1742952
2085.9 1742952
2086.4 1742952
2086.9 1742952
2087.4 1742952
2087.9 1742952
2088.4 1742952
2088.9 1742952
2089.4 1742952
2089.9 1742952
2090.4 1742920
2090.9 1742920
2091.4 1742920
2091.9 1742952
2092.4 1742952
2092.9 1742952
2093.4 1742952
2093.9 1742952
2094.4 1742920
2094.9 1742920
2095.4 1742920
2095.9 1742920
2096.4 1742920
2096.9 1742920
2097.4 1742920
2097.9 1742920
2098.4 1742920
2098.9 1742920
2099.4 1742920
2099.9 1748696
2100.4 1748284
2100.9 1748528
2101.4 1748672
2101.9 1748228
2102.4 1748560
2102.9 1748560
2103.4 1748448
2103.9 1748768
2104.4 1749152
2104.9 1748944
2105.4 1749224
2105.9 1748864
2106.4 1748580
2106.9 1748976
2107.4 1748676
2107.9 1749180
2108.4 1748724
2108.9 1748768
2109.4 1748800
2109.9 1748556
2110.4 1748556
2110.9 1748540
2111.4 1748684
2111.9 1748748
2112.4 1748604
2112.9 1748524
2113.4 1748732
2113.9 1748856
2114.4 1748760
2114.9 1748696
2115.4 1748756
2115.9 1748852
2116.4 1748664
2116.9 1748552
2117.4 1748744
2117.9 1748316
2118.4 1748364
2118.9 1748536
2119.4 1748664
2119.9 1748844
2120.4 1748404
2120.9 1748640
2121.4 1748544
2121.9 1748528
2122.4 1748576
2122.9 1748480
2123.4 1742552
2123.9 1742552
2124.4 1742552
2124.9 1742552
2125.4 1742548
2125.9 1742548
2126.4 1742580
2126.9 1742580
2127.4 1742548
2127.9 1742548
2128.4 1742548
2128.9 1742548
2129.4 1742548
2129.9 1742548
2130.4 1742548
2130.9 1742548
2131.4 1742548
2131.9 1742548
2132.4 1742516
2132.9 1742516
2133.4 1742580
2133.9 1742580
2134.4 1742580
2134.9 1742580
2135.4 1742580
2135.9 1742580
2136.4 1742580
2136.9 1742580
2137.4 1742548
2137.9 1742548
2138.4 1742548
2138.9 1742548
2139.4 1742548
2139.9 1742548
2140.4 1742548
2140.9 1742548
2141.4 1742548
2141.9 1742548
2142.4 1742548
2142.9 1742548
2143.5 1742548
2144.0 1742548
2144.5 1742548
2145.0 1748960
2145.5 1749244
2146.0 1748832
2146.5 1748768
2147.0 1748468
2147.5 1748596
2148.0 1748184
2148.5 1748328
2149.0 1748392
2149.5 1748628
2150.0 1748468
2150.5 1748356
2151.0 1748512
2151.5 1748388
2152.0 1748796
2152.5 1748752
2153.0 1748780
2153.5 1748640
2154.0 1748356
2154.5 1748196
2155.0 1748128
2155.5 1748256
2156.0 1748304
2156.5 1748276
2157.0 1748052
2157.5 1748896
2158.0 1748520
2158.5 1748888
2159.0 1748856
2159.5 1748556
2160.0 1748064
2160.5 1748756
2161.0 1748616
2161.5 1748280
2162.0 1748348
2162.5 1748552
2163.0 1748252
2163.5 1748820
2164.0 1749104
2164.5 1748884
2165.0 1748836
2165.5 1748868
2166.0 1748692
2166.5 1748552
2167.0 1748520
2167.5 1748740
2168.0 1748916
2168.5 1742808
2169.0 1742808
2169.5 1742808
2170.0 1742776
2170.5 1743024
2171.0 1743024
2171.5 1743024
2172.0 1743056
2172.5 1743056
2173.0 1743056
2173.5 1743056
2174.0 1743056
2174.5 1743024
2175.0 1743024
2175.5 1743024
2176.0 1743024
2176.5 1743024
2177.1 1743024
2177.6 1743024
2178.1 1743024
2178.6 1743024
2179.1 1743024
2179.6 1743056
2180.1 1743056
2180.6 1743056
2181.1 1743056
2181.6 1743056
2182.1 1743056
2182.6 1743056
2183.1 1743056
2183.6 1743056
2184.1 1743024
2184.6 1743024
2185.1 1743024
2185.6 1743024
2186.1 1743024
2186.6 1743024
2187.1 1743024
2187.6 1743056
2188.1 1743056
2188.6 1743024
2189.1 1743024
2189.6 1743024
2190.1 1749084
2190.6 1748408
2191.1 1748500
2191.6 1748436
2192.1 1748280
2192.6 1748376
2193.1 1748296
2193.6 1748052
2194.1 1748368
2194.6 1748148
2195.1 1748252
2195.6 1748284
2196.1 1748172
2196.6 1747952
2197.1 1748064
2197.6 1748488
2198.1 1748520
2198.6 1749020
2199.1 1748608
2199.6 1748720
2200.1 1748760
2200.6 1748588
2201.1 1748716
2201.6 1748288
2202.1 1748584
2202.6 1748176
2203.1 1748620
2203.6 1748604
2204.1 1748760
2204.6 1749012
2205.1 1748832
2205.6 1748376
2206.1 1748200
2206.6 1748248
2207.1 1748436
2207.6 1748468
2208.1 1748548
2208.6 1749224
2209.1 1748816
2209.6 1748532
2210.1 1748656
2210.6 1748592
2211.1 1748120
2211.6 1748008
2212.1 1748308
2212.6 1748008
2213.1 1747588
2213.7 1742468
2214.2 1742468
2214.7 1742468
2215.2 1742468
2215.7 1742464
2216.2 1742432
2216.7 1742432
2217.2 1742432
2217.7 1742432
2218.2 1742432
2218.7 1742432
2219.2 1742432
2219.7 1742464
2220.2 1742464
2220.7 1742432
2221.2 1742432
2221.7 1742432
2222.2 1742432
2222.7 1742432
2223.2 1742432
2223.7 1742432
2224.2 1742432
2224.7 1742432
2225.2 1742432
2225.7 1742400
2226.2 1742400
2226.7 1742464
2227.2 1742464
2227.7 1742460
2228.2 1742460
2228.7 1742460
2229.2 1742460
2229.7 1742460
2230.2 1742428
2230.7 1742428
2231.2 1742428
2231.7 1742428
2232.3 1742428
2232.8 1742176
2233.3 1742176
2233.8 1742176
2234.3 1742240
2234.8 1742208
2235.3 1748356
2235.8 1748464
2236.3 1748544
2236.8 1748260
2237.3 1748544
2237.8 1748844
2238.3 1748464
2238.8 1748892
2239.3 1748528
2239.8 1748764
2240.3 1748844
2240.8 1748968
2241.3 1748732
2241.8 1748860
2242.3 1748924
2242.8 1748732
2243.3 1748684
2243.8 1748652
2244.3 1748464
2244.8 1748592
2245.3 1748520
2245.8 1748504
2246.3 1748788
2246.8 1748868
2247.3 1748188
2247.8 1748648
2248.3 1748520
2248.8 1748600
2249.3 1748204
2249.8 1748648
2250.3 1748136
2250.8 1748372
2251.3 1748816
2251.8 1748564
2252.3 1748540
2252.8 1748128
2253.3 1748412
2253.8 1748524
2254.3 1748492
2254.8 1748636
2255.3 1748632
2255.8 1748788
2256.3 1748332
2256.8 1748804
2257.3 1748504
2257.8 1748804
2258.3 1748632
2258.8 1742784
2259.3 1742784
2259.8 1742784
2260.3 1742784
2260.8 1742776
2261.3 1742776
2261.8 1742776
2262.3 1742808
2262.8 1742808
2263.3 1742808
2263.8 1742808
2264.3 1742808
2264.8 1742808
2265.3 1742808
2265.9 1742808
2266.4 1742808
2266.9 1742776
2267.4 1742776
2267.9 1742776
2268.4 1742776
2268.9 1742776
2269.4 1742776
2269.9 1742776
2270.4 1742808
2270.9 1742808
2271.4 1742776
2271.9 1742776
2272.4 1742776
2272.9 1742776
2273.5 1742776
2274.0 1742776
2274.5 1742776
2275.1 1742776
2275.6 1742776
2276.1 1742776
2276.6 1742744
2277.1 1742808
2277.7 1742808
2278.2 1742808
2278.7 1742808
2279.2 1742808
2279.7 1749760
2280.2 1748796
2280.7 1747912
2281.2 1748056
2281.7 1747788
2282.2 1747992
2282.7 1747944
2283.2 1748120
2283.7 1748260
2284.2 1748232
2284.7 1748448
2285.2 1748176
2285.7 1748176
2286.2 1748240
2286.7 1748224
2287.2 1747988
2287.7 1747704
2288.2 1747656
2288.7 1748036
2289.2 1747800
2289.7 1747716
2290.2 1748064
2290.7 1747796
2291.2 1748284
2291.7 1747860
2292.2 1747952
2292.7 1748064
2293.2 1748412
2293.7 1748536
2294.2 1748632
2294.7 1748560
2295.2 1748512
2295.7 1748448
2296.2 1748936
2296.7 1748528
2297.2 1748764
2297.7 1748212
2298.2 1748624
2298.7 1748952
2299.2 1748812
2299.7 1748600
2300.2 1748536
2300.7 1749196
2301.2 1748520
2301.7 1748520
2302.2 1748424
2302.7 1748424
2303.2 1742412
2303.7 1742412
2304.2 1742412
2304.7 1742408
2305.2 1742440
2305.7 1742440
2306.2 1742440
2306.7 1742440
2307.2 1742440
2307.8 1742440
2308.3 1742440
2308.8 1742440
2309.3 1742440
2309.8 1742408
2310.3 1742408
2310.9 1742408
2311.4 1742408
2311.9 1742408
2312.4 1742440
2312.9 1742440
2313.4 1742440
2313.9 1742440
2314.4 1742408
2315.0 1742408
2315.5 1742408
2316.0 1742408
2316.5 1742408
2317.0 1742408
2317.5 1742408
2318.0 1742408
2318.6 1742408
2319.1 1742408
2319.6 1742408
2320.1 1742408
2320.6 1742440
2321.1 1742440
2321.7 1742440
2322.2 1742440
2322.7 1742440
2323.2 1742440
2323.7 1742440
2324.2 1742440
2324.7 1749644
2325.2 1748880
2325.7 1748704
2326.2 1748404
2326.7 1748768
2327.2 1748848
2327.7 1748784
2328.2 1748548
2328.7 1748500
2329.2 1748500
2329.7 1748544
2330.2 1748640
2330.7 1748464
2331.2 1748732
2331.7 1748400
2332.2 1748308
2332.7 1748624
2333.2 1748528
2333.7 1748716
2334.2 1748464
2334.7 1748444
2335.2 1748476
2335.7 1748540
2336.2 1748444
2336.7 1748668
2337.2 1748428
2337.7 1748508
2338.2 1748604
2338.7 1748540
2339.2 1748540
2339.7 1748768
2340.2 1748988
2340.7 1748452
2341.2 1748736
2341.7 1748832
2342.2 1748688
2342.7 1748800
2343.2 1748864
2343.7 1748532
2344.2 1748500
2344.7 1748496
2345.2 1748288
2345.7 1748236
2346.2 1748316
2346.7 1748156
2347.2 1748316
2347.7 1747636
2348.2 1745812
2348.7 1741988
2349.3 1741988
2349.8 1741988
2350.3 1741984
2350.8 1741984
2351.3 1741952
2351.8 1741952
2352.3 1741952
2352.8 1741952
2353.3 1741952
2353.8 1741984
2354.3 1741984
2354.8 1741984
2355.3 1741984
2355.8 1741984
2356.3 1741952
2356.8 1741952
2357.3 1741952
2357.9 1741952
2358.4 1741952
2358.9 1741952
2359.4 1741952
2359.9 1741952
2360.4 1741952
2360.9 1741952
2361.4 1741984
2361.9 1741984
2362.4 1741984
2363.0 1741984
2363.5 1741984
2364.0 1741984
2364.5 1741984
2365.0 1741984
2365.5 1741952
2366.0 1741952
2366.5 1741952
2367.0 1741952
2367.5 1741952
2368.0 1741952
2368.5 1741984
2369.0 1741984
2369.5 1741984
2370.0 1747712
2370.5 1747712
2371.0 1747664
2371.5 1748012
2372.0 1748036
2372.5 1748192
2373.0 1748428
2373.5 1748316
2374.0 1748524
2374.5 1748760
2375.0 1748688
2375.5 1748768
2376.0 1748592
2376.5 1748704
2377.0 1748624
2377.5 1748672
2378.0 1748752
2378.5 1748312
2379.0 1748200
2379.5 1748468
2380.0 1748208
2380.5 1748096
2381.0 1747908
2381.5 1748412
2382.0 1748744
2382.5 1748824
2383.0 1748808
2383.5 1748664
2384.0 1748996
2384.5 1748712
2385.0 1748408
2385.5 1748488
2386.0 1748504
2386.5 1748440
2387.0 1748028
2387.5 1748660
2388.0 1748756
2388.5 1748904
2389.0 1747976
2389.5 1748100
2390.0 1748112
2390.5 1748160
2391.0 1748176
2391.5 1748080
2392.0 1743016
2392.5 1743080
2394.8 1752336
2396.5 1758224
2398.7 1765672
2399.3 1764748
2400.2 1767380
2401.1 1773708
2403.0 1785656
2403.7 1788156
2405.8 1766912
2406.3 1766912
2408.2 1766912
2410.9 1761524
2411.4 1761524
2411.9 1761524
2412.4 1761524
2412.9 1761524
2413.4 1761524
2413.9 1761524
2414.4 1761524
2414.9 1767108
2415.4 1767220
2415.9 1766316
2416.4 1766648
2416.9 1766616
2417.4 1766836
2417.9 1767296
2418.4 1767280
2418.9 1767404
2419.4 1767324
2419.9 1767152
2420.4 1767264
2420.9 1767068
2421.4 1767260
2421.9 1767196
2422.4 1767496
2422.9 1767544
2423.4 1767464
2423.9 1767340
2424.4 1766912
2424.9 1767228
2425.4 1767180
2425.9 1767272
2426.4 1767932
2426.9 1767380
2427.4 1767316
2427.9 1767380
2428.4 1767540
2428.9 1766908
2429.4 1767240
2429.9 1767272
2430.4 1767256
2430.9 1767200
2431.4 1767152
2431.9 1766804
2432.4 1767200
2432.9 1767072
2433.4 1767348
2433.9 1767444
2434.4 1767760
2434.9 1767492
2435.4 1767616
2435.9 1767264
2436.4 1767468
2436.9 1767152
2437.4 1760892
2437.9 1760892
2438.4 1760892
2438.9 1760892
2439.4 1760892
2439.9 1760924
2440.4 1760924
2440.9 1760924
2441.4 1760920
2441.9 1760920
2442.4 1760920
2442.9 1760888
2443.4 1760888
2443.9 1760888
2444.4 1760888
2444.9 1760888
2445.4 1760888
2445.9 1760888
2446.4 1760888
2446.9 1760856
2447.4 1760920
2447.9 1760920
2448.4 1760920
2448.9 1760920
2449.4 1760920
2449.9 1760920
2450.5 1760920
2451.0 1760920
2451.5 1760920
2452.0 1760920
2452.5 1760888
2453.0 1760888
2453.5 1760888
2454.0 1760888
2454.5 1760888
2455.0 1760888
2455.5 1760888
2456.0 1760920
2456.5 1760888
2457.0 1760888
2457.5 1760888
2458.0 1760888
2458.5 1760888
2459.0 1760888
2459.5 1760888
2460.0 1768044
2460.5 1767512
2461.0 1767576
2461.5 1767480
2462.0 1767496
2462.5 1767276
2463.0 1767464
2463.5 1767052
2464.0 1767148
2464.5 1767384
2465.0 1767276
2465.5 1767232
2466.0 1767452
2466.5 1767388
2467.0 1767120
2467.5 1767072
2468.0 1766676
2468.5 1766804
2469.0 1766900
2469.5 1766804
2470.0 1767260
2470.5 1767164
2471.0 1767084
2471.5 1766988
2472.0 1767148
2472.5 1767052
2473.0 1766848
2473.5 1766800
2474.0 1767116
2474.5 1766752
2475.0 1767304
2475.5 1767472
2476.0 1767444
2476.5 1767032
2477.0 1767380
2477.5 1767412
2478.0 1767080
2478.5 1767064
2479.0 1767364
2479.5 1767332
2480.0 1767360
2480.5 1767220
2481.0 1767124
2481.5 1767140
2482.0 1761388
2482.6 1761388
2483.1 1761388
2483.6 1761388
2484.1 1761420
2484.6 1761420
2485.1 1761420
2485.6 1761416
2486.1 1761416
2486.6 1761416
2487.1 1761416
2487.6 1761416
2488.1 1761416
2488.6 1761384
2489.1 1761384
2489.6 1761384
2490.1 1761384
2490.6 1761384
2491.1 1761416
2491.6 1761416
2492.1 1761416
2492.6 1761384
2493.1 1761384
2493.6 1761384
2494.1 1761384
2494.7 1761384
2495.2 1761384
2495.7 1761384
2496.2 1761384
2496.7 1761384
2497.2 1761352
2497.7 1761416
2498.2 1761416
2498.7 1761416
2499.2 1761416
2499.7 1761416
2500.2 1761416
2500.7 1761416
2501.2 1761416
2501.7 1761384
2502.2 1761384
2502.7 1761384
2503.2 1761384
2503.7 1761384
2504.2 1761384
2504.7 1761384
2505.2 1767200
2505.7 1767168
2506.2 1767120
2506.7 1767184
2507.2 1767088
2507.7 1767248
2508.2 1767168
2508.7 1766836
2509.2 1767028
2509.7 1767704
2510.2 1767488
2510.7 1767124
2511.2 1767012
2511.7 1767472
2512.2 1767424
2512.7 1767392
2513.2 1767708
2513.7 1767220
2514.2 1767456
2514.7 1766824
2515.2 1767148
2515.7 1767212
2516.2 1766896
2516.7 1766896
2517.2 1767368
2517.7 1767620
2518.2 1767212
2518.7 1767148
2519.2 1767132
2519.7 1767084
2520.2 1766984
2520.7 1767220
2521.2 1767160
2521.7 1767096
2522.2 1767160
2522.7 1767396
2523.2 1767112
2523.7 1767176
2524.2 1767048
2524.7 1767208
2525.2 1767052
2525.7 1766764
2526.2 1767260
2526.7 1767496
2527.2 1761292
2527.7 1761292
2528.2 1761292
2528.8 1761292
2529.3 1761292
2529.8 1761260
2530.3 1761260
2530.8 1761320
2531.3 1761320
2531.8 1761320
2532.3 1761320
2532.8 1761320
2533.3 1761320
2533.8 1761320
2534.4 1761320
2534.9 1761288
2535.4 1761288
2535.9 1761288
2536.4 1761288
2536.9 1761288
2537.4 1761288
2537.9 1761320
2538.4 1761320
2539.0 1761320
2539.5 1761288
2540.0 1761288
2540.5 1761288
2541.1 1761288
2541.6 1761288
2542.1 1761288
2542.6 1761288
2543.1 1761288
2543.6 1761288
2544.1 1761256
2544.6 1761256
2545.1 1761256
2545.7 1761256
2546.2 1761320
2546.7 1761320
2547.2 1761320
2547.7 1761320
2548.2 1761320
2548.7 1761320
2549.2 1761288
2549.7 1761288
2550.2 1767180
2550.7 1767196
2551.2 1767260
2551.7 1767184
2552.2 1767168
2552.7 1767292
2553.2 1766804
2553.7 1766284
2554.2 1766536
2554.7 1766504
2555.2 1767020
2555.7 1767048
2556.2 1767000
2556.7 1767032
2557.2 1767032
2557.7 1767080
2558.2 1767176
2558.7 1767032
2559.2 1766936
2559.7 1767464
2560.2 1767252
2560.7 1766540
2561.2 1767140
2561.7 1767068
2562.2 1767164
2562.7 1767732
2563.2 1767464
2563.7 1767164
2564.2 1767432
2564.7 1767480
2565.2 1767160
2565.7 1767348
2566.2 1767192
2566.7 1766952
2567.2 1766812
2567.7 1766716
2568.2 1767096
2568.7 1767112
2569.2 1767424
2569.7 1767112
2570.2 1767288
2570.7 1767084
2571.2 1767072
2571.7 1766816
2572.2 1761184
2572.7 1761184
2573.2 1761184
2573.7 1761184
2574.2 1761184
2574.7 1761152
2575.2 1761152
2575.8 1761144
2576.4 1761144
2576.9 1761144
2577.4 1761144
2577.9 1761176
2578.5 1761176
2579.0 1761176
2579.5 1761176
2580.0 1761144
2580.5 1761144
2581.0 1761144
2581.5 1761144
2582.0 1761144
2582.5 1761144
2583.0 1761144
2583.5 1761144
2584.0 1761112
2584.5 1761176
2585.0 1761176
2585.5 1761176
2586.0 1761176
2586.5 1761176
2587.0 1761176
2587.5 1761176
2588.0 1761176
2588.5 1761144
2589.0 1761144
2589.5 1761144
2590.0 1761144
2590.5 1761144
2591.0 1761144
2591.5 1761144
2592.0 1761176
2592.5 1761176
2593.0 1761176
2593.5 1761176
2594.0 1761176
2594.5 1761144
2595.0 1766832
2595.5 1767380
2596.0 1767384
2596.5 1766892
2597.0 1767164
2597.5 1766784
2598.0 1767164
2598.5 1767116
2599.0 1767164
2599.5 1767352
2600.0 1767016
2600.5 1767176
2601.0 1767252
2601.5 1767096
2602.0 1767188
2602.5 1767680
2603.0 1766964
2603.5 1766988
2604.0 1767320
2604.5 1767744
2605.0 1767148
2605.5 1767052
2606.0 1767084
2606.5 1767432
2607.0 1766988
2607.5 1767888
2608.0 1767068
2608.5 1767336
2609.0 1767068
2609.5 1767256
2610.0 1767124
2610.5 1767060
2611.0 1767092
2611.5 1767092
2612.0 1767188
2612.5 1766588
2613.0 1766508
2613.5 1766700
2614.0 1766968
2614.5 1767344
2615.0 1767072
2615.5 1766724
2616.0 1766900
2616.5 1767292
2617.0 1761012
2617.6 1761012
2618.1 1761012
2618.6 1761012
2619.1 1761012
2619.6 1761012
2620.1 1761008
2620.6 1761008
2621.1 1761008
2621.6 1761008
2622.1 1761040
2622.6 1761040
2623.1 1761040
2623.6 1761040
2624.1 1761040
2624.7 1761040
2625.2 1761040
2625.9 1761040
2626.4 1761008
2626.9 1761008
2627.4 1761008
2627.9 1761008
2628.4 1761008
2628.9 1761040
2629.4 1761040
2629.9 1761040
2630.4 1761040
2630.9 1761040
2631.4 1761008
2631.9 1761008
2632.4 1761008
2632.9 1761008
2633.4 1761008
2633.9 1761008
2634.4 1761008
2634.9 1761008
2635.5 1761008
2636.0 1760976
2636.5 1761040
2637.0 1761040
2637.5 1761040
2638.0 1761040
2638.5 1761040
2639.0 1761040
2639.5 1761040
2640.0 1767220
2640.5 1766856
2641.0 1766680
2641.5 1766760
2642.0 1766728
2642.5 1766508
2643.0 1766604
2643.5 1766508
2644.0 1766652
2644.5 1766288
2645.0 1766676
2645.5 1766928
2646.0 1767120
2646.5 1767228
2647.0 1767244
2647.5 1767260
2648.0 1767340
2648.5 1766992
2649.0 1767152
2649.5 1766456
2650.0 1766664
2650.5 1767012
2651.0 1767124
2651.5 1767392
2652.0 1766664
2652.5 1767140
2653.0 1766840
2653.5 1767184
2654.0 1767232
2654.5 1766932
2655.0 1767256
2655.5 1767400
2656.0 1767288
2656.5 1767272
2657.0 1766848
2657.5 1766200
2658.0 1766200
2658.5 1766580
2659.0 1766420
2659.5 1766612
2660.0 1766616
2660.5 1766472
2661.0 1766600
2661.5 1766820
2662.0 1760604
2662.5 1760604
2663.0 1760636
2663.5 1760636
2664.1 1760636
2664.6 1760604
2665.1 1760600
2665.6 1760600
2666.1 1760600
2666.6 1760600
2667.1 1760600
2667.6 1760600
2668.1 1760600
2668.6 1760600
2669.1 1760568
2669.6 1760568
2670.1 1760568
2670.6 1760632
2671.1 1760632
2671.6 1760632
2672.2 1760632
2672.7 1760632
2673.2 1760632
2673.8 1760600
2674.3 1760600
2674.9 1760600
2675.4 1760600
2676.0 1760600
2676.5 1760600
2677.0 1760600
2677.6 1760600
2678.1 1760664
2678.6 1760632
2679.2 1760632
2679.7 1760632
2680.2 1760632
2680.7 1760632
2681.2 1760632
2681.7 1760632
2682.2 1760632
2682.7 1760632
2683.2 1760632
2683.7 1760632
2684.2 1760632
2684.7 1760600
2685.2 1766540
2685.7 1766856
2686.2 1766808
2686.7 1766776
2687.2 1766920
2687.7 1766876
2688.2 1766904
2688.7 1766532
2689.2 1767304
2689.7 1767084
2690.2 1766948
2690.7 1767216
2691.2 1767280
2691.7 1767028
2692.2 1766932
2692.7 1767440
2693.2 1767264
2693.7 1767304
2694.2 1767384
2694.7 1766816
2695.2 1766848
2695.7 1766548
2696.2 1766832
2696.7 1767312
2697.2 1767060
2697.7 1767012
2698.2 1767232
2698.7 1767212
2699.2 1766992
2699.7 1767308
2700.2 1767340
2700.7 1767308
2701.2 1767168
2701.7 1767072
2702.2 1767340
2702.7 1767388
2703.2 1767008
2703.7 1767312
2704.2 1767028
2704.7 1766948
2705.2 1767124
2705.7 1767076
2706.2 1767280
2706.7 1767044
2707.2 1761228
2707.7 1761228
2708.2 1761228
2708.7 1761228
2709.2 1761000
2710.4 1761000
2711.0 1761000
2711.5 1761000
2712.0 1761000
2712.6 1760968
2713.1 1760968
2713.6 1760968
2714.1 1760968
2716.0 1760968
2716.7 1760968
2717.2 1760968
2717.7 1760968
2718.2 1760968
2718.7 1761000
2719.2 1761000
2719.9 1761000
2720.4 1761000
2720.9 1761000
2721.5 1761000
2722.7 1761000
2724.6 1761000
2725.1 1761000
2725.6 1760968
2727.0 1760968
2727.5 1760968
2728.0 1760968
2728.8 1760968
2729.5 1761000
2730.0 1767100
2730.5 1767148
2731.0 1766800
2731.5 1766924
2732.0 1767064
2732.5 1766752
2733.0 1767004
2733.5 1766892
2734.0 1766940
2734.5 1767272
2735.0 1767244
2735.5 1767340
2736.0 1767056
2736.5 1767372
2737.0 1767308
2737.5 1767136
2738.0 1766708
2738.5 1766472
2739.0 1766708
2739.5 1767104
2740.0 1766852
2740.5 1766632
2741.0 1766744
2741.5 1766476
2742.0 1766648
2742.5 1767248
2743.0 1767044
2743.5 1767264
2744.0 1767392
2744.5 1767312
2745.0 1767340
2745.5 1767324
2746.0 1766928
2746.5 1767308
2747.0 1767308
2747.5 1767160
2748.0 1767088
2748.5 1767276
2749.0 1767164
2749.5 1767244
2750.0 1767348
2750.5 1767016
2751.0 1766920
2751.5 1767364
2752.0 1761204
2752.5 1761204
2753.1 1761204
2754.2 1761204
2756.1 1761164
2756.8 1761164
2758.0 1761164
2759.0 1761164
2759.5 1761164
2760.1 1761164
2761.9 1761164
2762.4 1761164
2764.1 1761196
2764.9 1761164
2765.4 1761164
2766.1 1761164
2766.6 1761164
2767.1 1761164
2767.6 1761164
2768.7 1761164
2769.2 1761164
2771.7 1761164
2772.2 1761132
2772.7 1761132
2773.2 1761132
2773.7 1761196
2774.2 1761196
2774.7 1768352
2775.2 1766928
2775.7 1766756
2776.2 1766864
2776.7 1767448
2777.2 1767228
2777.7 1766960
2778.2 1767512
2778.7 1767212
2779.2 1767024
2779.7 1766940
2780.2 1766956
2780.7 1766752
2781.2 1767240
2781.7 1767304
2782.2 1767020
2782.7 1767344
2783.2 1767088
2783.7 1766948
2784.2 1766956
2784.7 1767164
2785.2 1766488
2785.7 1766644
2786.2 1766644
2786.7 1766944
2787.2 1766928
2787.7 1766944
2788.2 1766960
2788.7 1766724
2789.2 1767228
2789.7 1767584
2790.2 1766968
2790.7 1766904
2791.2 1766432
2791.7 1766780
2792.2 1767016
2792.7 1767048
2793.2 1767076
2793.7 1766840
2794.2 1767204
2794.7 1766992
2795.2 1767292
2795.7 1766836
2796.2 1767388
2796.7 1767244
2797.2 1761272
2797.7 1761304
2798.2 1761304
2798.7 1761304
2799.6 1761304
2801.0 1761268
2801.5 1761268
2802.0 1761268
2803.0 1761268
2803.5 1761268
2804.0 1761268
2805.7 1761268
2806.5 1761268
2808.5 1761268
2809.2 1761268
2809.7 1761300
2810.3 1761300
2810.8 1761300
2811.3 1761300
2811.8 1761300
2812.3 1761300
2812.9 1761300
2814.2 1761300
2814.8 1761300
2815.3 1761300
2815.8 1761268
2816.4 1761268
2816.9 1761268
2817.4 1761268
2817.9 1761300
2818.6 1761300
2819.1 1761300
2819.6 1765536
2820.1 1767272
2820.6 1767208
2821.1 1767208
2821.6 1767292
2822.1 1767296
2822.6 1767184
2823.1 1767484
2823.6 1767416
2824.1 1767224
2824.6 1768660
2825.1 1767252
2825.6 1767772
2826.1 1767140
2826.6 1767412
2827.1 1767204
2827.6 1767204
2828.1 1767048
2828.6 1767032
2829.1 1767332
2829.6 1767140
2830.1 1767020
2830.6 1767256
2831.1 1767004
2831.6 1767272
2832.1 1767240
2832.6 1767272
2833.1 1766860
2833.6 1767492
2834.1 1767304
2834.6 1767048
2835.1 1766684
2835.6 1766668
2836.1 1766968
2836.6 1767048
2837.1 1766844
2837.6 1767204
2838.1 1767188
2838.6 1767108
2839.1 1767252
2839.6 1767452
2840.1 1767500
2840.6 1767484
2841.1 1767484
2841.6 1767436
2842.1 1765420
2843.5 1761368
2844.0 1761368
2845.9 1761364
2847.7 1761364
2848.2 1761364
2848.7 1761396
2849.3 1761396
2849.8 1761396
2850.3 1761364
2850.8 1761364
2851.3 1761364
2852.2 1761364
2854.1 1761364
2854.6 1761364
2856.3 1761364
2856.8 1761364
2857.3 1761364
2859.2 1761332
2859.7 1761396
2860.8 1761396
2862.8 1761396
2864.5 1761396
2865.0 1767156
2865.5 1767124
2866.0 1767188
2866.5 1767044
2867.0 1766936
2867.5 1766912
2868.0 1767140
2868.5 1767156
2869.0 1767344
2869.5 1766952
2870.0 1766928
2870.5 1766832
2871.0 1766660
2871.5 1766612
2872.0 1766360
2872.5 1766344
2873.0 1766344
2873.5 1766184
2874.0 1766392
2874.5 1766360
2875.0 1766496
2875.5 1766876
2876.0 1766716
2876.5 1767224
2877.0 1767208
2877.5 1767192
2878.0 1767144
2878.5 1767064
2879.0 1767016
2879.5 1767364
2880.0 1767344
2880.5 1767184
2881.0 1766332
2881.5 1766584
2882.0 1766504
2882.5 1766804
2883.0 1766552
2883.5 1766916
2884.0 1767000
2884.5 1767112
2885.0 1767232
2885.5 1767088
2886.0 1767104
2886.5 1767340
2887.0 1761336
2887.5 1761336
2888.0 1761336
2888.6 1761336
2889.1 1761336
2890.1 1761336
2892.4 1761296
2892.9 1761296
2893.4 1761360
2893.9 1761360
2896.0 1761360
2896.5 1761360
2897.2 1761360
2897.7 1761360
2898.2 1761360
2898.7 1761360
2899.2 1761328
2899.7 1761328
2900.2 1761328
2900.7 1761328
2903.4 1761328
2903.9 1761328
2905.8 1761392
2907.1 1761360
2907.8 1761360
2908.3 1761360
2908.8 1761360
2909.3 1761360
2909.8 1766812
2910.3 1767120
2910.8 1767136
2911.3 1767152
2911.8 1767184
2912.3 1766932
2912.8 1767360
2913.3 1767216
2913.8 1767372
2914.3 1767296
2914.8 1767512
2915.3 1767180
2915.8 1767288
2916.3 1766912
2916.8 1767240
2917.3 1767164
2917.8 1767148
2918.3 1767384
2918.8 1767148
2919.3 1767068
2919.8 1767272
2920.3 1766956
2920.8 1766876
2921.3 1766972
2921.8 1767176
2922.3 1767080
2922.8 1767192
2923.3 1767128
2923.8 1767208
2924.3 1767128
2924.8 1767244
2925.3 1767024
2925.8 1767200
2926.3 1766348
2926.8 1766256
2927.3 1766744
2927.8 1766852
2928.3 1767276
2928.8 1767104
2929.3 1766884
2929.8 1767048
2930.3 1767000
2930.8 1767520
2931.3 1767364
2931.8 1765772
2932.3 1760956
2932.8 1760988
2933.7 1760988
2934.6 1760988
2935.3 1760984
2935.9 1760984
2937.0 1760952
2939.1 1760952
2940.0 1760952
2940.5 1760952
2941.4 1760952
2941.9 1760952
2942.4 1760952
2942.9 1760952
2944.0 1760952
2944.5 1760984
2945.3 1760984
2946.6 1760984
2947.1 1760984
2948.0 1760984
2948.5 1760984
2949.4 1760984
2949.9 1760984
2950.8 1760984
2952.1 1760952
2952.6 1760952
2953.1 1760952
2954.5 1760952
2955.0 1766816
2955.5 1767116
2956.0 1766956
2956.5 1767100
2957.0 1766784
2957.5 1766816
2958.0 1766752
2958.5 1767228
2959.0 1767188
2959.5 1766904
2960.0 1766756
2960.5 1766852
2961.0 1766884
2961.5 1766016
2962.0 1766236
2962.5 1766332
2963.0 1766316
2963.5 1767212
2964.0 1766964
2964.5 1766600
2965.0 1767132
2965.5 1767320
2966.0 1767272
2966.5 1767036
2967.0 1767052
2967.5 1767036
2968.0 1767020
2968.5 1766580
2969.0 1766548
2969.5 1766608
2970.0 1766448
2970.5 1766544
2971.0 1766616
2971.5 1766968
2972.0 1766984
2972.5 1766948
2973.0 1766944
2973.5 1767388
2974.0 1766788
2974.5 1767056
2975.0 1767300
2975.5 1767252
2976.0 1767284
2976.5 1767220
2977.0 1761124
2977.6 1761124
2979.9 1761124
2980.4 1761120
2981.0 1761120
2981.5 1761120
2982.0 1761120
2982.6 1761088
2984.7 1761152
2985.5 1761152
2986.5 1761152
2987.8 1761152
2988.3 1761152
2988.8 1761152
2989.4 1761152
2990.0 1761152
2990.5 1761120
2991.1 1761120
2991.6 1761120
2992.6 1761120
2993.1 1761120
2994.4 1761120
2996.3 1761152
2996.9 1761152
2997.4 1761152
2997.9 1761152
2999.1 1761120
2999.6 1761120
3000.1 1767328
