0.5 1851668
1.0 1851668
1.5 1851668
3.4 1851668
3.9 1851668
5.4 1851668
8.5 1851668
9.0 1851668
10.9 1851668
12.8 1851668
13.3 1851668
14.8 1851636
16.6 1851636
17.1 1851636
19.4 1851700
22.9 1851700
24.8 1851700
26.6 1851700
27.1 1851668
27.6 1851668
28.1 1851668
28.6 1851668
29.1 1851668
29.6 1851668
30.1 1854540
30.6 1854476
31.1 1856404
31.6 1859792
32.1 1859524
32.6 1860620
33.1 1860152
33.6 1860340
34.1 1860968
34.6 1860188
35.1 1860804
35.6 1860352
36.1 1860304
36.6 1859784
37.1 1860020
37.6 1859972
38.1 1860948
38.6 1859844
39.1 1860620
39.6 1859972
40.1 1859720
40.6 1860116
41.1 1859800
41.6 1859548
42.1 1859984
42.6 1860320
43.1 1859892
43.6 1859988
44.1 1860160
44.6 1859988
45.1 1860064
45.6 1859952
46.1 1859700
46.6 1860160
47.1 1860032
47.6 1860032
48.1 1859928
48.6 1859928
49.1 1860104
49.6 1859964
50.1 1860368
50.6 1859532
51.1 1859628
51.6 1859084
52.1 1859704
52.6 1860276
53.1 1860764
53.6 1860868
54.1 1854112
54.6 1854080
55.5 1854080
56.0 1854076
56.6 1854076
57.5 1854076
58.0 1854076
58.5 1854076
59.0 1854076
59.7 1854076
60.2 1854076
60.7 1854044
61.2 1854044
61.9 1854108
62.4 1854108
62.9 1854108
63.4 1854108
63.9 1854108
64.4 1854108
64.9 1854108
65.4 1854076
65.9 1854076
66.7 1854076
67.2 1854076
67.8 1854076
68.3 1854076
68.9 1854076
69.6 1854076
70.1 1854140
70.6 1854108
71.1 1854108
71.6 1854108
72.1 1854108
72.6 1854108
73.2 1854108
73.7 1854108
74.2 1854108
74.7 1854108
75.2 1861192
75.7 1860732
76.2 1861092
76.7 1859992
77.2 1859976
77.7 1859928
78.2 1860040
78.7 1859912
79.2 1860012
79.7 1859740
80.2 1859896
80.7 1859836
81.2 1860120
81.7 1860008
82.2 1860024
82.7 1860056
83.2 1860236
83.7 1859716
84.2 1859620
84.7 1859968
85.2 1859684
85.7 1860348
86.2 1860236
86.7 1859924
87.2 1859936
87.7 1859872
88.2 1859968
88.7 1859904
89.2 1860048
89.7 1859432
90.2 1859744
90.7 1859552
91.2 1860028
91.7 1860044
92.2 1859916
92.7 1859852
93.2 1859916
93.7 1860012
94.2 1860520
94.7 1860200
95.2 1859760
95.7 1859900
96.2 1860092
96.7 1860200
97.2 1853888
97.7 1853888
98.2 1853888
98.7 1853888
99.3 1853888
99.8 1853888
100.3 1853888
100.8 1853888
101.3 1853888
101.8 1853888
102.3 1853856
102.8 1853856
103.3 1853856
103.8 1853856
104.3 1853888
104.8 1853888
105.3 1853888
105.8 1853888
106.3 1853888
106.8 1853856
107.3 1853856
107.8 1853856
108.3 1853856
108.8 1853856
109.5 1853856
110.0 1853856
110.5 1853856
111.0 1853856
111.5 1853888
112.0 1853888
112.5 1853888
113.0 1853888
113.5 1853888
114.0 1853888
114.5 1853888
115.0 1853888
115.5 1853888
116.0 1853888
116.5 1853856
117.0 1853856
117.5 1853856
118.0 1853856
118.5 1853856
119.0 1853888
119.5 1853888
120.0 1860580
120.5 1859728
121.0 1859904
121.5 1860376
122.0 1860232
122.5 1859980
123.0 1859728
123.5 1859760
124.0 1859776
124.5 1859932
125.0 1860088
125.5 1860180
126.0 1860148
126.5 1859816
127.0 1860308
127.5 1860132
128.0 1860384
128.5 1860056
129.0 1860024
129.5 1860088
130.0 1860328
130.5 1860100
131.0 1859784
131.5 1859608
132.0 1860280
132.5 1860492
133.0 1859940
133.5 1859540
134.0 1859892
134.5 1859860
135.0 1859984
135.5 1859876
136.0 1859636
136.5 1859652
137.0 1859700
137.5 1860000
138.0 1860252
138.5 1859936
139.0 1860584
139.5 1859812
140.0 1860000
140.5 1859920
141.0 1860488
141.5 1860016
142.0 1858344
142.5 1853308
143.0 1853308
143.5 1853308
144.0 1853308
144.5 1853308
145.0 1853308
145.5 1853308
146.0 1853308
146.5 1853276
147.0 1853276
147.5 1853276
148.0 1853276
148.5 1853276
149.0 1853276
149.5 1853308
150.0 1853308
150.5 1853308
151.0 1853276
151.5 1853276
152.0 1853276
152.5 1853276
153.0 1853276
153.5 1853276
154.0 1853276
154.5 1853276
155.0 1853276
155.5 1853276
156.0 1853244
156.5 1853244
157.0 1853244
157.5 1853308
158.0 1853308
158.5 1853308
159.0 1853308
159.5 1853308
160.0 1853308
160.5 1853276
161.0 1853276
161.5 1853276
162.0 1853276
162.5 1853276
163.0 1853276
163.5 1853276
164.0 1853276
164.5 1853308
165.0 1860516
165.5 1859888
166.0 1859716
166.5 1859904
167.0 1860000
167.5 1859904
168.0 1859840
168.5 1860348
169.0 1859984
169.5 1859652
170.0 1859700
170.5 1859132
171.0 1859132
171.5 1859448
172.0 1860048
172.5 1859936
173.0 1860032
173.5 1859872
174.0 1859824
174.5 1859952
175.0 1860124
175.5 1860220
176.0 1859936
176.5 1860172
177.0 1859872
177.5 1859968
178.0 1859872
178.5 1859620
179.0 1859668
179.5 1859968
180.0 1860000
180.5 1860000
181.0 1859968
181.5 1859968
182.0 1859652
182.5 1859748
183.0 1859684
183.5 1859716
184.0 1859616
184.5 1859796
185.0 1860268
185.5 1859920
186.0 1860064
186.5 1859984
187.0 1853980
187.7 1853980
188.2 1853980
188.7 1853980
189.2 1853948
189.7 1853948
190.2 1853948
190.7 1853944
191.2 1853944
191.7 1853944
192.2 1853944
192.7 1853944
193.2 1853944
193.7 1853912
194.2 1853912
194.7 1853976
195.2 1853976
195.7 1853976
196.2 1853976
196.8 1853976
197.3 1853976
197.8 1853976
198.3 1853976
198.8 1853976
199.3 1853944
199.8 1853944
200.3 1853944
200.8 1853944
201.3 1853944
201.8 1853976
202.3 1853976
202.8 1853976
203.3 1853976
203.8 1853944
204.3 1853944
204.8 1853944
205.3 1853944
205.8 1853944
206.3 1853944
206.8 1853944
207.3 1853944
207.8 1853912
208.3 1853912
208.8 1853912
209.3 1853976
209.8 1853976
210.3 1860200
210.8 1859572
211.3 1859352
211.8 1859412
212.3 1859176
212.8 1859264
213.3 1859248
213.8 1859628
214.3 1859548
214.8 1859596
215.3 1859500
215.8 1859168
216.3 1859248
216.8 1860096
217.3 1860192
217.8 1860428
218.3 1860304
218.8 1860132
219.3 1859816
219.8 1859924
220.3 1859628
220.8 1859312
221.3 1859644
221.8 1859548
222.3 1859972
222.8 1859720
223.3 1859752
223.8 1859688
224.3 1859728
224.8 1859664
225.3 1859660
225.8 1859804
226.3 1859864
226.8 1859392
227.3 1859424
227.8 1859488
228.3 1859504
228.8 1860680
229.3 1860148
229.8 1860008
230.3 1859928
230.8 1859424
231.3 1859252
231.8 1859456
232.3 1859960
232.8 1853836
233.3 1853804
233.8 1853804
234.3 1853804
234.8 1853804
235.3 1853804
235.8 1853804
236.3 1853836
236.8 1853836
237.3 1853836
237.8 1853804
238.3 1853804
238.8 1853804
239.3 1853804
239.8 1853804
240.3 1853804
240.8 1853804
241.3 1853804
241.8 1853804
242.3 1853772
242.8 1853772
243.3 1853772
243.8 1853836
244.3 1853836
244.8 1853836
245.3 1853836
245.8 1853836
246.3 1853836
246.8 1853836
247.3 1853836
247.8 1853804
248.3 1853804
248.8 1853804
249.3 1853804
249.8 1853804
250.3 1853804
250.8 1853804
251.3 1853804
251.8 1853836
252.3 1853836
252.8 1853836
253.3 1853836
253.8 1853836
254.3 1853836
254.8 1853836
255.3 1860104
255.8 1859896
256.3 1860196
256.8 1860024
257.3 1859800
257.8 1860040
258.3 1860212
258.8 1860084
259.3 1860260
259.8 1860148
260.3 1859408
260.8 1859788
261.3 1859848
261.8 1859944
262.3 1859864
262.8 1859912
263.3 1859788
263.8 1860040
264.3 1859976
264.8 1859612
265.3 1859608
265.8 1859956
266.3 1859688
266.8 1860180
267.3 1859632
267.8 1859584
268.3 1859696
268.8 1859712
269.3 1859588
269.8 1859316
270.3 1859696
270.8 1859680
271.3 1859412
271.8 1859696
272.3 1859600
272.8 1859792
273.3 1859728
273.8 1859632
274.3 1859804
274.8 1859852
275.3 1860052
275.8 1860148
276.3 1860168
276.8 1860072
277.3 1853844
277.8 1853844
278.3 1853844
278.8 1853844
279.3 1853844
279.8 1853812
280.3 1853876
280.8 1853876
281.3 1853876
281.8 1853876
282.3 1853876
282.8 1853876
283.3 1853876
283.8 1853876
284.3 1853876
284.8 1853876
285.3 1853844
285.8 1853844
286.3 1853844
286.8 1853844
287.3 1853844
287.8 1853844
288.3 1853876
288.8 1853844
289.4 1853844
289.9 1853844
290.4 1853844
290.9 1853844
291.4 1853844
291.9 1853844
292.4 1853844
292.9 1853844
293.4 1853812
293.9 1853812
294.4 1853812
294.9 1853812
295.4 1853876
295.9 1853876
296.4 1853876
296.9 1853876
297.4 1853876
297.9 1853876
298.4 1853876
298.9 1853844
299.5 1853844
300.0 1859576
300.5 1859256
301.0 1859496
301.5 1859748
302.0 1859856
302.5 1859920
303.0 1860316
303.5 1859968
304.0 1860156
304.5 1859904
305.0 1859984
305.5 1860000
306.0 1859824
306.5 1859360
307.0 1859748
307.5 1859636
308.0 1860032
308.5 1859936
309.0 1859780
309.5 1859464
310.0 1859652
310.5 1860124
311.0 1860000
311.5 1859732
312.0 1859888
312.5 1859952
313.0 1859796
313.5 1859388
314.0 1859660
314.5 1859960
315.0 1860084
315.5 1860116
316.0 1860224
316.5 1859876
317.0 1859924
317.5 1859924
318.0 1859672
318.5 1859688
319.0 1859892
319.5 1859640
320.0 1860004
320.5 1859860
321.0 1860020
321.5 1859908
322.0 1859532
322.5 1859656
323.0 1857372
323.5 1853716
324.0 1853716
324.5 1853716
325.0 1853716
325.5 1853716
326.0 1853676
326.5 1853676
327.0 1853676
327.5 1853676
328.0 1853676
328.5 1853708
329.0 1853708
329.5 1853676
330.0 1853676
330.5 1853676
331.0 1853676
331.5 1853676
332.0 1853676
332.5 1853676
333.1 1853676
333.6 1853676
334.1 1853676
334.6 1853644
335.1 1853644
335.6 1853644
336.1 1853708
336.6 1853708
337.1 1853708
337.6 1853708
338.1 1853708
338.7 1853708
339.2 1853676
339.7 1853676
340.2 1853676
340.7 1853676
341.2 1853676
341.7 1853676
342.2 1853676
342.7 1853676
343.2 1853708
343.7 1853676
344.2 1853676
344.7 1859396
345.2 1859892
345.7 1859736
346.2 1859972
346.7 1860304
347.2 1860240
347.7 1859828
348.2 1859876
348.7 1859784
349.2 1859500
349.7 1859668
350.2 1859968
350.7 1860220
351.2 1859844
351.7 1859240
352.2 1859700
352.7 1859700
353.2 1859304
353.7 1859084
354.2 1859336
354.7 1859212
355.2 1859196
355.7 1859384
356.2 1860436
356.7 1860236
357.2 1859840
357.7 1859968
358.2 1859968
358.7 1860080
359.2 1860028
359.7 1860184
360.2 1859948
360.7 1859932
361.2 1859820
361.7 1859948
362.2 1859648
362.7 1859996
363.2 1859772
363.7 1859868
364.2 1859980
364.7 1859980
365.2 1859728
365.7 1859600
366.2 1859536
366.7 1859980
367.2 1859788
367.7 1859996
368.2 1854120
368.7 1854120
369.2 1854120
369.7 1854120
370.2 1854120
370.7 1854120
371.2 1854120
371.7 1854184
372.2 1854152
372.7 1854152
373.2 1854152
373.8 1854152
374.3 1854152
374.8 1854152
375.3 1854152
375.8 1854152
376.3 1854152
376.8 1854120
377.3 1854120
377.8 1854120
378.3 1854120
378.8 1854152
379.4 1854152
379.9 1854152
380.4 1854152
380.9 1854152
381.4 1854152
381.9 1854120
382.4 1854120
382.9 1854120
383.4 1854120
383.9 1854120
384.4 1854120
384.9 1854120
385.5 1854120
386.0 1854120
386.5 1854152
387.0 1854152
387.5 1854152
388.0 1854152
388.5 1854152
389.0 1854152
389.5 1854152
390.0 1859380
390.5 1859980
391.0 1860344
391.5 1860044
392.0 1859916
392.5 1859964
393.0 1860184
393.5 1859916
394.0 1859900
394.5 1860060
395.0 1860180
395.5 1860084
396.0 1860068
396.5 1859672
397.0 1859624
397.5 1859908
398.0 1859876
398.5 1860084
399.0 1859656
399.5 1859736
400.0 1859572
400.5 1859920
401.0 1859668
401.5 1860000
402.0 1859888
402.5 1860184
403.0 1860204
403.5 1859684
404.0 1859904
404.5 1859936
405.0 1859744
405.5 1859916
406.0 1859568
406.5 1859820
407.0 1860248
407.5 1860260
408.0 1859852
408.5 1859916
409.0 1860076
409.5 1860060
410.0 1860000
410.5 1860252
411.0 1860000
411.5 1859824
412.0 1859416
412.5 1859556
413.0 1860332
413.5 1853792
414.0 1853792
414.5 1853792
415.0 1853792
415.5 1853760
416.0 1853760
416.5 1853760
417.0 1853760
417.6 1853760
418.1 1853760
418.6 1853760
419.1 1853760
419.6 1853760
420.1 1853824
420.6 1853792
421.1 1853792
421.6 1853792
422.1 1853792
422.6 1853792
423.1 1853792
423.6 1853792
424.1 1853792
424.6 1853792
425.1 1853760
425.6 1853760
426.2 1853760
426.7 1853760
427.2 1853760
427.7 1853760
428.2 1853792
428.7 1853792
429.2 1853792
429.7 1853760
430.2 1853760
430.7 1853760
431.2 1853760
431.7 1853760
432.2 1853760
432.7 1853760
433.3 1853760
433.8 1853760
434.3 1853760
434.8 1860644
435.3 1859968
435.8 1859968
436.3 1859872
436.8 1859684
437.3 1859588
437.8 1859540
438.3 1859432
438.8 1859352
439.3 1859260
439.8 1858800
440.3 1858912
440.8 1859036
441.3 1859068
441.8 1859416
442.3 1858880
442.8 1859424
443.3 1859772
443.8 1859644
444.3 1860040
444.8 1859748
445.3 1859508
445.8 1859780
446.3 1859684
446.8 1859732
447.3 1859716
447.8 1859652
448.3 1860188
448.8 1860156
449.3 1859936
449.8 1859968
450.3 1859920
450.8 1859968
451.3 1860284
451.8 1860172
452.3 1859920
452.8 1860016
453.3 1859872
453.8 1859716
454.3 1859288
454.8 1859340
455.3 1859700
455.8 1860124
456.3 1860376
456.8 1860268
457.3 1859792
457.8 1860000
458.3 1853868
458.8 1853868
459.3 1853868
459.8 1853868
460.3 1853868
460.8 1853868
461.3 1853868
461.8 1853868
462.3 1853868
462.8 1853836
463.3 1853836
463.8 1853836
464.3 1853836
464.8 1853868
465.3 1853868
465.8 1853868
466.3 1853868
466.8 1853836
467.4 1853836
467.9 1853836
468.4 1853836
468.9 1853836
469.4 1853836
469.9 1853836
470.4 1853836
470.9 1853836
471.4 1853836
471.9 1853836
472.4 1853836
473.0 1853868
473.5 1853868
474.0 1853868
474.5 1853868
475.0 1853868
475.5 1853868
476.0 1853868
476.5 1853836
477.0 1853836
477.6 1853836
478.1 1853836
478.6 1853836
479.1 1853836
479.6 1853836
480.1 1859660
480.6 1859316
481.1 1859536
481.6 1859360
482.1 1859284
482.6 1859124
483.1 1859284
483.6 1859236
484.1 1859456
484.6 1859612
485.1 1859644
485.6 1859912
486.1 1859548
486.6 1859660
487.1 1859344
487.6 1859456
488.1 1859076
488.6 1859204
489.1 1859132
489.6 1859544
490.1 1859228
490.6 1859196
491.1 1859084
491.6 1859180
492.1 1859480
492.6 1859228
493.1 1859352
493.6 1859748
494.1 1860172
494.6 1859960
495.1 1859984
495.6 1860000
496.1 1859936
496.6 1859984
497.1 1860080
497.6 1860064
498.1 1859808
498.6 1860252
499.1 1859920
499.6 1860140
500.1 1859676
500.6 1859552
501.1 1859740
501.6 1859992
502.1 1859944
502.6 1859772
503.1 1854044
503.6 1854044
504.1 1854044
504.6 1854044
505.1 1854012
505.7 1854012
506.2 1854012
506.7 1854012
507.2 1854012
507.7 1854012
508.2 1854012
508.7 1854012
509.2 1853980
509.7 1853980
510.2 1853980
510.7 1854044
511.3 1854044
511.8 1854044
512.3 1854044
512.8 1854044
513.3 1854044
513.9 1854012
514.4 1854012
514.9 1854012
515.4 1854012
515.9 1854012
516.4 1854012
516.9 1854012
517.4 1854012
517.9 1854076
518.4 1854044
518.9 1854044
519.4 1854044
519.9 1854044
520.4 1854044
520.9 1854044
521.4 1854044
521.9 1854044
522.4 1854044
522.9 1854044
523.4 1854012
523.9 1854012
524.5 1854012
525.0 1860040
525.5 1859752
526.0 1859868
526.5 1859808
527.0 1859968
527.5 1859904
528.0 1860236
528.5 1859980
529.0 1860188
529.5 1859636
530.0 1859600
530.5 1859472
531.0 1859712
531.5 1859444
532.0 1859696
532.5 1859664
533.0 1859632
533.5 1859632
534.0 1859964
534.5 1860076
535.0 1859800
535.5 1859580
536.0 1859420
536.5 1859580
537.0 1859424
537.5 1859740
538.0 1859676
538.5 1859596
539.0 1859816
539.5 1859896
540.0 1859596
540.5 1859580
541.0 1859520
541.5 1859676
542.0 1859708
542.5 1859864
543.0 1859880
543.5 1860068
544.0 1859468
544.5 1859752
545.0 1859832
545.5 1859580
546.0 1859564
546.5 1859756
547.0 1859440
547.5 1859296
548.0 1857040
548.5 1853492
549.0 1853492
549.5 1853492
550.0 1853492
550.5 1853492
551.0 1853492
551.5 1853460
552.0 1853460
552.5 1853460
553.0 1853460
553.5 1853460
554.0 1853460
554.5 1853460
555.0 1853460
555.5 1853460
556.0 1853492
556.5 1853492
557.0 1853492
557.5 1853492
558.0 1853492
558.5 1853492
559.0 1853492
559.5 1853492
560.1 1853492
560.6 1853492
561.1 1853492
561.7 1853460
562.2 1853460
562.7 1853460
563.2 1853492
563.7 1853492
564.2 1853492
564.7 1853492
565.2 1853492
565.7 1853460
566.3 1853460
566.8 1853460
567.3 1853460
567.8 1853460
568.3 1853460
568.8 1853460
569.3 1853460
569.8 1860232
570.3 1859036
570.8 1859260
571.3 1860040
571.8 1859412
572.3 1860016
572.8 1859920
573.3 1859840
573.8 1860268
574.3 1859936
574.8 1859812
575.3 1859888
575.8 1860060
576.3 1860032
576.8 1860032
577.3 1860000
577.8 1860156
578.3 1860220
578.8 1860140
579.3 1859904
579.8 1860172
580.3 1860300
580.8 1860048
581.3 1860156
581.8 1860028
582.3 1860128
582.8 1860016
583.3 1859920
583.8 1860204
584.3 1860252
584.8 1859948
585.3 1860088
585.8 1860220
586.3 1859852
586.8 1859900
587.3 1859820
587.8 1859996
588.3 1860136
588.8 1859948
589.3 1859884
589.8 1859620
590.3 1859632
590.8 1859616
591.3 1859412
591.8 1860108
592.3 1859760
592.8 1859540
593.3 1853336
593.8 1853368
594.3 1853368
594.8 1853368
595.3 1853368
595.8 1853368
596.3 1853368
596.9 1853368
597.4 1853368
598.0 1853368
598.5 1853368
599.1 1853336
599.6 1853336
600.1 1853336
600.6 1853336
601.1 1853336
601.6 1853368
602.1 1853368
602.6 1853368
603.1 1853368
603.6 1853336
604.1 1853336
604.6 1853336
605.1 1853336
605.6 1853336
606.1 1853336
606.6 1853336
607.1 1853336
607.6 1853336
608.1 1853304
608.6 1853368
609.1 1853368
609.6 1853368
610.1 1853368
610.6 1853368
611.1 1853368
611.7 1853368
612.2 1853368
612.7 1853336
613.3 1853336
613.8 1853336
614.3 1853336
614.8 1860060
615.3 1859816
615.8 1860220
616.3 1859828
616.8 1860144
617.3 1860412
617.8 1860208
618.3 1859300
618.8 1860112
619.3 1860016
619.8 1859860
620.3 1860208
620.8 1859468
621.3 1859656
621.8 1859372
622.3 1859608
622.8 1859704
623.3 1859308
623.8 1859260
624.3 1859072
624.8 1859276
625.3 1859372
625.8 1859512
626.3 1859368
626.8 1860160
627.3 1860064
627.8 1859720
628.3 1859892
628.8 1859908
629.3 1859860
629.8 1859828
630.3 1859796
630.8 1859668
631.3 1859812
631.8 1859732
632.3 1860048
632.8 1859764
633.3 1859700
633.8 1859340
634.3 1859404
634.8 1859624
635.3 1860288
635.8 1859656
636.3 1859576
636.8 1859608
637.3 1859056
637.8 1859592
638.3 1853744
638.8 1853712
639.3 1853712
639.8 1853712
640.3 1853712
640.8 1853712
641.3 1853744
641.8 1853744
642.3 1853744
642.8 1853744
643.3 1853712
643.8 1853712
644.3 1853712
644.9 1853712
645.4 1853712
645.9 1853712
646.4 1853712
646.9 1853712
647.4 1853712
647.9 1853712
648.4 1853680
648.9 1853744
649.4 1853744
649.9 1853744
650.4 1853744
650.9 1853744
651.4 1853744
651.9 1853744
652.4 1853744
652.9 1853712
653.4 1853712
653.9 1853712
654.4 1853712
654.9 1853712
655.4 1853712
655.9 1853712
656.4 1853744
656.9 1853744
657.4 1853744
657.9 1853712
658.4 1853712
658.9 1853712
659.4 1853712
659.9 1859768
660.4 1860080
660.9 1859876
661.4 1860096
661.9 1859716
662.4 1859972
662.9 1860224
663.4 1860160
663.9 1860016
664.4 1859576
664.9 1859908
665.4 1859940
665.9 1860064
666.4 1859796
666.9 1859984
667.4 1860208
667.9 1860112
668.4 1860112
668.9 1859956
669.4 1859248
669.9 1859056
670.4 1859136
670.9 1859088
671.4 1859404
671.9 1859276
672.4 1859416
672.9 1859576
673.4 1859892
673.9 1859656
674.4 1860036
674.9 1860240
675.4 1859404
675.9 1859196
676.4 1859292
676.9 1859276
677.4 1859560
677.9 1859528
678.4 1859400
678.9 1860048
679.4 1859828
679.9 1859764
680.4 1860048
680.9 1859952
681.4 1859780
681.9 1859860
682.4 1859764
682.9 1854148
683.4 1854148
683.9 1854148
684.4 1854148
684.9 1854148
685.4 1854148
685.9 1854116
686.5 1854116
687.1 1854116
687.6 1854116
688.1 1854116
688.6 1854116
689.1 1854116
689.6 1854116
690.1 1854116
690.8 1854148
691.4 1854148
691.9 1854148
692.4 1854148
692.9 1854148
693.4 1854148
694.0 1854148
694.5 1854148
695.0 1854148
695.5 1854116
696.0 1854116
696.5 1854116
697.0 1854116
697.5 1854116
698.0 1854116
698.5 1854116
699.2 1854148
699.7 1854148
700.2 1854148
700.7 1854116
701.2 1854116
701.7 1854116
702.2 1854116
702.7 1854116
703.2 1854116
703.7 1854116
704.2 1854116
704.7 1861344
705.2 1860160
705.7 1859456
706.2 1859788
706.7 1859696
707.2 1859712
707.7 1859856
708.2 1860184
708.7 1860056
709.2 1859948
709.7 1859800
710.2 1860100
710.7 1860380
711.2 1859864
711.7 1860132
712.2 1859704
712.7 1860100
713.2 1860084
713.7 1860384
714.2 1859972
714.7 1859848
715.2 1859896
715.7 1859800
716.2 1860036
716.7 1860228
717.2 1859848
717.7 1859704
718.2 1860244
718.7 1859644
719.2 1859596
719.7 1859832
720.2 1860760
720.7 1860116
721.2 1860020
721.7 1860020
722.2 1859880
722.7 1860020
723.2 1859848
723.7 1859752
724.2 1859564
724.7 1859596
725.2 1859532
725.7 1860212
726.2 1859704
726.7 1860084
727.2 1854112
727.8 1854112
728.3 1854112
728.8 1854112
729.3 1854144
729.8 1854144
730.4 1854144
730.9 1854144
731.4 1854144
731.9 1854144
732.4 1854144
732.9 1854144
733.4 1854112
733.9 1854112
734.4 1854112
734.9 1854112
735.4 1854112
735.9 1854144
736.4 1854144
736.9 1854144
737.4 1854144
737.9 1854144
738.5 1854112
739.0 1854112
739.5 1854112
740.0 1854112
740.5 1854112
741.0 1854112
741.5 1854112
742.0 1854112
742.5 1854112
743.0 1854112
743.5 1854144
744.0 1854144
744.5 1854144
745.0 1854144
745.5 1854144
746.0 1854144
746.5 1854144
747.0 1854144
747.6 1854112
748.1 1854112
748.6 1854112
749.1 1854112
749.6 1854112
750.1 1859880
750.6 1860052
751.1 1860084
751.6 1859940
752.1 1860196
752.6 1860100
753.1 1859928
753.6 1859972
754.1 1859704
754.6 1859768
755.1 1859540
755.6 1859824
756.1 1859936
756.6 1859872
757.1 1859760
757.6 1859856
758.1 1859808
758.6 1859968
759.1 1859996
759.6 1859508
760.1 1860092
760.6 1859996
761.1 1860124
761.6 1859904
762.1 1859744
762.6 1860076
763.1 1859996
763.6 1860188
764.1 1859604
764.6 1860060
765.1 1859848
765.6 1859832
766.1 1859688
766.6 1859564
767.1 1859596
767.6 1859720
768.1 1860116
768.6 1859720
769.1 1859608
769.6 1859644
770.1 1859928
770.6 1859708
771.1 1859800
771.6 1860008
772.1 1854160
772.6 1854160
773.1 1854160
773.6 1854128
774.1 1854128
774.6 1854128
775.1 1854128
775.6 1854128
776.2 1854128
776.7 1854128
777.3 1854128
777.8 1854160
778.3 1854128
778.8 1854128
779.3 1854128
779.8 1854128
780.3 1854128
780.8 1854128
781.3 1854128
781.8 1854128
782.3 1854128
782.8 1854128
783.3 1854096
783.8 1854096
784.3 1854160
784.8 1854160
785.3 1854160
785.8 1854160
786.3 1854160
786.8 1854160
787.3 1854160
787.8 1854128
788.3 1854128
788.8 1854128
789.3 1854128
789.8 1854128
790.3 1854128
790.8 1854128
791.3 1854160
791.8 1854160
792.3 1854128
792.8 1854128
793.3 1854128
793.9 1854128
794.4 1854128
794.9 1860836
795.4 1859620
795.9 1859904
796.4 1860196
796.9 1860212
797.4 1860116
797.9 1860160
798.4 1860148
798.9 1859800
799.4 1860348
799.9 1859928
800.4 1859848
800.9 1859848
801.4 1860212
801.9 1860084
802.4 1860432
802.9 1859848
803.4 1859928
803.9 1859612
804.4 1860260
804.9 1859992
805.4 1860432
805.9 1860212
806.4 1860036
806.9 1859784
807.4 1860084
807.9 1859912
808.4 1859592
808.9 1859904
809.4 1859816
809.9 1859816
810.4 1859960
810.9 1859768
811.4 1860100
811.9 1859896
812.4 1860004
812.9 1859832
813.4 1860068
813.9 1859816
814.4 1860244
814.9 1860228
815.4 1859896
815.9 1859912
816.4 1859768
816.9 1854048
817.4 1854048
817.9 1854048
818.4 1854048
818.9 1854080
819.4 1854080
819.9 1854048
820.4 1854048
820.9 1854048
821.4 1854048
821.9 1854048
822.4 1854048
822.9 1854048
823.4 1854048
823.9 1854048
824.4 1854016
824.9 1854016
825.4 1854016
826.0 1854080
826.5 1854080
827.0 1854080
827.5 1854080
828.0 1854080
828.5 1854080
829.0 1854048
829.5 1854048
830.0 1854048
830.5 1854048
831.0 1854048
831.5 1854048
832.0 1854048
832.5 1854048
833.0 1854048
833.5 1854048
834.0 1854048
834.5 1854048
835.0 1854048
835.5 1854048
836.1 1854048
836.6 1854048
837.1 1854048
837.6 1854048
838.1 1854048
838.6 1854016
839.1 1854016
839.6 1854016
840.1 1859540
840.6 1859996
841.1 1860504
841.6 1860076
842.1 1860044
842.6 1860172
843.1 1859984
843.6 1859668
844.1 1859824
844.6 1859652
845.1 1860268
845.6 1859448
846.1 1860408
846.6 1860188
847.1 1860016
847.6 1859984
848.1 1859936
848.6 1859824
849.1 1859824
849.6 1860028
850.1 1859700
850.6 1859588
851.1 1860172
851.6 1859968
852.1 1859808
852.6 1859384
853.1 1859636
853.6 1859920
854.1 1860092
854.6 1860108
855.1 1860140
855.6 1860440
856.1 1859824
856.6 1860156
857.1 1860188
857.6 1860140
858.1 1859888
858.6 1859952
859.1 1859808
859.6 1859968
860.1 1860012
860.6 1860108
861.1 1859792
861.6 1859668
862.1 1859716
862.6 1859604
863.1 1856088
863.6 1853932
864.1 1853932
864.6 1853932
865.1 1853932
865.6 1853932
866.1 1853932
866.7 1853900
867.2 1853900
867.7 1853900
868.2 1853900
868.7 1853900
869.2 1853932
869.7 1853932
870.2 1853932
870.7 1853932
871.2 1853900
871.7 1853900
872.2 1853900
872.7 1853900
873.2 1853900
873.8 1853900
874.3 1853900
874.9 1853900
875.5 1853900
876.0 1853900
876.5 1853932
877.0 1853932
877.5 1853932
878.0 1853932
878.6 1853932
879.1 1853932
879.6 1853932
880.1 1853932
880.6 1853932
881.1 1853932
881.6 1853900
882.1 1853900
882.6 1853900
883.2 1853900
883.7 1853900
884.2 1853900
884.7 1860384
885.2 1859444
885.7 1859428
886.2 1859508
886.7 1859964
887.2 1859744
887.7 1859792
888.2 1859872
888.7 1859872
889.2 1859744
889.7 1860156
890.2 1859904
890.7 1859792
891.2 1860296
891.7 1859824
892.2 1859856
892.7 1859808
893.2 1859776
893.7 1859776
894.2 1859824
894.7 1859712
895.2 1860344
895.7 1860044
896.2 1859744
896.7 1859808
897.2 1859744
897.7 1860092
898.2 1860016
898.7 1859840
899.2 1859856
899.7 1859776
900.2 1859824
900.7 1860076
901.2 1860044
901.7 1859980
902.2 1860156
902.7 1860156
903.2 1860092
903.7 1859856
904.2 1860076
904.7 1860028
905.2 1860156
905.7 1859888
906.2 1859636
906.7 1859952
907.2 1859604
907.7 1859840
908.3 1854184
908.8 1854184
909.3 1854184
909.8 1854152
910.3 1854152
910.8 1854152
911.3 1854152
911.8 1854152
912.3 1854152
912.8 1854184
913.3 1854184
913.8 1854184
914.3 1854184
914.8 1854152
915.3 1854152
915.8 1854152
916.3 1854152
916.8 1854152
917.3 1854152
917.8 1854152
918.3 1854152
918.8 1854120
919.3 1854120
919.8 1854120
920.4 1854184
920.9 1854184
921.4 1854184
921.9 1854184
922.5 1854184
923.0 1854184
923.5 1854152
924.0 1854152
924.5 1854152
925.0 1854152
925.5 1854152
926.0 1854152
926.5 1854152
927.0 1854152
927.5 1854152
928.0 1854216
928.5 1854184
929.0 1854184
929.5 1854184
930.0 1860132
930.5 1859724
931.0 1859724
931.5 1859344
932.0 1859108
932.5 1859172
933.0 1859312
933.5 1859600
934.0 1859360
934.5 1859248
935.0 1859360
935.5 1859552
936.0 1859408
936.5 1859140
937.0 1859472
937.5 1859124
938.0 1858996
938.5 1859360
939.0 1859156
939.5 1859060
940.0 1859740
940.5 1859928
941.0 1859708
941.5 1859864
942.0 1859536
942.5 1859612
943.0 1860052
943.5 1859800
944.0 1859832
944.5 1859644
945.0 1859508
945.5 1859432
946.0 1859352
946.5 1859572
947.0 1859808
947.5 1859652
948.0 1859872
948.5 1859760
949.0 1859760
949.5 1859508
950.0 1860180
950.5 1860212
951.0 1859892
951.5 1859912
952.0 1859944
952.5 1859848
953.0 1855964
953.5 1854104
954.0 1854072
954.6 1854072
955.1 1854072
955.6 1854072
956.1 1854072
956.6 1854072
957.1 1854072
957.6 1854072
958.1 1854072
958.6 1854072
959.1 1854040
959.6 1854040
960.1 1854104
960.6 1854104
961.1 1854104
961.6 1854104
962.1 1854104
962.6 1854104
963.2 1854104
963.7 1854104
964.2 1854072
964.7 1854072
965.2 1854072
965.7 1854072
966.2 1854072
966.7 1854072
967.3 1854072
967.8 1854104
968.3 1854072
968.8 1854072
969.3 1854072
969.8 1854072
970.3 1854072
970.8 1854072
971.3 1854072
971.8 1854072
972.4 1854072
972.9 1854072
973.4 1854072
973.9 1854040
974.4 1854040
974.9 1860068
975.4 1859768
975.9 1859912
976.4 1859688
976.9 1859988
977.4 1859784
977.9 1859972
978.4 1859848
978.9 1859912
979.4 1859988
979.9 1859808
980.4 1860044
980.9 1859588
981.4 1859744
981.9 1859824
982.4 1859948
982.9 1860076
983.4 1859792
983.9 1859776
984.4 1859524
984.9 1859856
985.4 1859888
985.9 1859768
986.4 1859928
986.9 1859688
987.4 1860068
987.9 1859724
988.4 1860368
988.9 1860164
989.4 1860036
989.9 1859692
990.4 1859644
990.9 1859660
991.4 1859724
991.9 1859816
992.4 1859800
992.9 1859816
993.4 1859832
993.9 1859888
994.4 1859972
994.9 1860136
995.4 1859904
995.9 1859824
996.4 1860076
996.9 1859904
997.4 1859792
997.9 1856624
999.9 1853880
1000.4 1853880
1002.3 1853880
1002.9 1853880
1003.5 1853880
1004.7 1853848
1005.4 1853848
1006.0 1853848
1006.6 1853848
1009.5 1853848
1010.1 1853880
1011.9 1853880
1012.7 1853880
1013.6 1853848
1014.1 1853848
1016.5 1853848
1017.2 1853848
1017.8 1853848
1018.8 1853848
1019.3 1853848
1019.8 1860432
1020.3 1860116
1020.8 1859824
1021.3 1859888
1021.8 1859872
1022.3 1860156
1022.8 1859728
1023.3 1859540
1023.8 1859792
1024.3 1859696
1024.8 1859840
1025.3 1860044
1025.8 1860172
1026.3 1859904
1026.8 1859920
1027.3 1859840
1027.8 1859872
1028.3 1860016
1028.8 1859776
1029.3 1860060
1029.8 1859856
1030.3 1860032
1030.8 1860284
1031.3 1859824
1031.8 1860060
1032.3 1859760
1032.8 1860204
1033.3 1859840
1033.8 1859920
1034.3 1859824
1034.8 1859792
1035.3 1859952
1035.8 1859808
1036.3 1859684
1036.8 1859808
1037.3 1860012
1037.8 1859920
1038.3 1860220
1038.8 1860044
1039.3 1859444
1039.8 1860184
1040.3 1859872
1040.8 1859888
1041.3 1859904
1041.8 1859824
1042.4 1853552
1043.0 1853552
1043.5 1853552
1044.3 1853552
1045.1 1853520
1046.6 1853520
1048.4 1853584
1048.9 1853584
1050.0 1853584
1050.8 1853584
1051.9 1853584
1052.5 1853584
1053.4 1853584
1054.1 1853552
1055.5 1853552
1056.0 1853552
1056.6 1853552
1058.1 1853552
1059.1 1853552
1059.7 1853584
1060.5 1853584
1061.0 1853584
1061.9 1853584
1062.5 1853552
1063.6 1853552
1064.5 1853552
1065.0 1859160
1065.5 1859872
1066.0 1860624
1066.5 1859880
1067.0 1859752
1067.5 1859912
1068.0 1860020
1068.5 1859816
1069.0 1859864
1069.5 1859876
1070.0 1860052
1070.5 1859832
1071.0 1859832
1071.5 1859864
1072.0 1859736
1072.5 1859784
1073.0 1859708
1073.5 1859688
1074.0 1859876
1074.5 1860020
1075.0 1859704
1075.5 1860020
1076.0 1860020
1076.5 1859988
1077.0 1859988
1077.5 1859988
1078.0 1860084
1078.5 1859692
1079.0 1859896
1079.5 1859628
1080.0 1859484
1080.5 1859516
1081.0 1859832
1081.5 1859564
1082.0 1859500
1082.5 1859596
1083.0 1859188
1083.5 1859392
1084.0 1859232
1084.5 1859060
1085.0 1859280
1085.5 1859688
1086.0 1859752
1086.5 1859800
1087.0 1854032
1087.5 1854032
1088.0 1854032
1090.3 1854032
1092.3 1854032
1092.9 1854000
1094.8 1854000
1095.3 1854000
1096.4 1854000
1097.4 1854032
1097.9 1854032
1098.4 1854032
1099.5 1854032
1101.0 1854000
1101.7 1854000
1102.3 1854000
1102.8 1854000
1103.3 1854000
1105.2 1854000
1105.7 1854000
1106.2 1854000
1106.9 1854000
1107.5 1854000
1108.0 1854032
1108.5 1854032
1109.5 1854032
1110.0 1860188
1110.5 1860252
1111.0 1860360
1111.5 1859920
1112.0 1860140
1112.5 1859980
1113.0 1859824
1113.5 1859888
1114.0 1859920
1114.5 1859872
1115.0 1859684
1115.5 1859616
1116.0 1859864
1116.5 1859832
1117.0 1859864
1117.5 1859880
1118.0 1860100
1118.5 1860020
1119.0 1859784
1119.5 1859832
1120.0 1859752
1120.5 1859580
1121.0 1859896
1121.5 1859720
1122.0 1860100
1122.5 1860004
1123.0 1859880
1123.5 1859816
1124.0 1860100
1124.5 1860180
1125.0 1860320
1125.5 1860164
1126.0 1860052
1126.5 1859928
1127.0 1859880
1127.5 1859928
1128.0 1859752
1128.5 1858752
1129.0 1859564
1129.5 1859280
1130.0 1859628
1130.5 1859944
1131.0 1860116
1131.5 1859768
1132.0 1854200
1133.9 1854200
1135.1 1854200
1136.6 1854200
1137.4 1854200
1138.3 1854200
1139.2 1854200
1141.1 1854232
1142.1 1854232
1144.0 1854232
1144.9 1854232
1146.7 1854232
1149.0 1854232
1151.3 1854232
1153.6 1854200
1154.5 1854200
1155.0 1860140
1155.5 1859492
1156.0 1859492
1156.5 1859604
1157.0 1859320
1157.5 1859272
1158.0 1859400
1158.5 1859572
1159.0 1859508
1159.5 1859604
1160.0 1859568
1160.5 1859396
1161.0 1859316
1161.5 1859772
1162.0 1860088
1162.5 1859788
1163.0 1859504
1163.5 1859788
1164.0 1859848
1164.5 1859472
1165.0 1859812
1165.5 1859592
1166.0 1859640
1166.5 1859560
1167.0 1859592
1167.5 1859892
1168.0 1858992
1168.5 1859180
1169.0 1859292
1169.5 1859608
1170.0 1859524
1170.5 1859460
1171.0 1859928
1171.5 1859920
1172.0 1860432
1172.5 1860288
1173.0 1860144
1173.5 1860320
1174.0 1860288
1174.5 1860068
1175.0 1860188
1175.5 1860140
1176.0 1860140
1176.5 1859888
1178.3 1854032
1180.0 1854032
1181.7 1854028
1186.0 1853776
1188.0 1853776
1188.6 1853776
1189.5 1853776
1191.1 1853744
1192.8 1853808
1193.3 1853808
1193.8 1853808
1196.6 1853808
1197.5 1853808
1198.0 1853808
1198.5 1853808
1199.5 1853776
1200.0 1860576
1200.5 1859992
1201.0 1859820
1201.5 1860088
1202.0 1860040
1202.5 1860276
1203.0 1860088
1203.5 1859836
1204.0 1860468
1204.5 1859820
1205.0 1860948
1205.5 1860164
1206.0 1860156
1206.5 1859856
1207.0 1859780
1207.5 1859460
1208.0 1859240
1208.5 1859192
1209.0 1859556
1209.5 1859476
1210.0 1859380
1210.5 1858920
1211.0 1859204
1211.5 1859412
1212.0 1859204
1212.5 1859204
1213.0 1859328
1213.5 1859788
1214.0 1859568
1214.5 1859804
1215.0 1859628
1215.5 1859860
1216.0 1859792
1216.5 1859728
1217.0 1859744
1217.5 1859588
1218.0 1859288
1218.5 1859380
1219.0 1859808
1219.5 1859860
1220.0 1859924
1220.5 1859596
1221.0 1860180
1221.5 1859864
1223.5 1854088
1224.5 1854088
1225.0 1854088
1225.7 1854084
1226.5 1854084
1227.4 1854084
1227.9 1854084
1228.4 1854116
1228.9 1854084
1229.4 1854084
1229.9 1854084
1230.4 1854084
1230.9 1854084
1231.4 1854084
1231.9 1854084
1232.5 1854084
1233.0 1854084
1233.5 1854084
1234.0 1854052
1234.5 1854052
1235.0 1854052
1235.5 1854116
1236.0 1854116
1236.5 1854116
1237.0 1854116
1237.5 1854116
1238.0 1854116
1238.5 1854116
1239.0 1854116
1239.5 1854084
1240.0 1854084
1240.5 1854084
1241.0 1854084
1241.5 1854084
1242.0 1854084
1242.5 1854084
1243.0 1854116
1243.5 1854116
1244.0 1854116
1244.5 1854116
1245.0 1859820
1245.5 1859124
1246.0 1859900
1246.5 1859868
1247.0 1859676
1247.5 1859804
1248.0 1859708
1248.5 1859820
1249.0 1859756
1249.5 1860040
1250.0 1859844
1250.5 1859908
1251.0 1859780
1251.5 1859812
1252.0 1859844
1252.5 1859844
1253.0 1859892
1253.5 1859892
1254.0 1859892
1254.5 1859700
1255.0 1859608
1255.5 1859620
1256.0 1859700
1256.5 1859876
1257.0 1859716
1257.5 1859844
1258.0 1859876
1258.5 1859576
1259.0 1859464
1259.5 1859780
1260.0 1859508
1260.5 1859728
1261.0 1859412
1261.5 1859680
1262.0 1859680
1262.5 1860124
1263.0 1859808
1263.5 1859600
1264.0 1859288
1264.5 1860012
1265.0 1860040
1265.5 1859808
1266.0 1859744
1266.5 1860060
1267.1 1854000
1267.6 1854000
1268.1 1854000
1268.6 1854000
1269.2 1854000
1269.7 1854000
1270.2 1854028
1270.7 1854028
1271.2 1853996
1271.8 1853996
1272.3 1853996
1272.8 1853996
1273.3 1853996
1273.8 1853996
1274.3 1853996
1274.8 1853996
1275.3 1853996
1275.8 1853964
1276.3 1853964
1276.8 1853964
1277.3 1854028
1277.8 1854028
1278.3 1854028
1278.8 1854028
1279.3 1854028
1279.8 1854028
1280.3 1854028
1280.8 1854028
1281.3 1853996
1281.8 1853996
1282.4 1853996
1282.9 1853996
1283.4 1853996
1283.9 1853996
1284.4 1854028
1284.9 1854028
1285.4 1853996
1285.9 1853996
1286.4 1853996
1286.9 1853996
1287.4 1853996
1287.9 1853996
1288.4 1853996
1288.9 1853996
1289.5 1853996
1290.0 1860188
1290.5 1859540
1291.0 1859636
1291.5 1860444
1292.0 1859828
1292.5 1860080
1293.0 1859796
1293.5 1859716
1294.0 1859716
1294.5 1859796
1295.0 1859828
1295.5 1859668
1296.0 1859748
1296.5 1859748
1297.0 1859512
1297.5 1859624
1298.0 1859576
1298.5 1859528
1299.0 1859512
1299.5 1859072
1300.0 1859464
1300.5 1859528
1301.0 1859532
1301.5 1860152
1302.0 1859852
1302.5 1860308
1303.0 1859960
1303.5 1859912
1304.0 1859788
1304.5 1859612
1305.0 1859972
1305.5 1859688
1306.0 1859704
1306.5 1860068
1307.0 1860068
1307.5 1859720
1308.0 1859784
1308.5 1859848
1309.0 1859596
1309.5 1860068
1310.0 1860052
1310.5 1860164
1311.0 1860100
1311.5 1860068
1312.0 1854072
1312.5 1854072
1313.0 1854072
1313.5 1854072
1314.1 1854040
1314.6 1854040
1315.1 1854036
1315.6 1854036
1316.1 1854036
1316.6 1854068
1317.1 1854068
1317.6 1854068
1318.1 1854068
1318.6 1854068
1319.1 1854036
1319.6 1854036
1320.1 1854036
1320.6 1854036
1321.1 1854036
1321.6 1854036
1322.2 1854036
1322.7 1854036
1323.2 1854068
1323.7 1854068
1324.2 1854068
1324.8 1854068
1325.3 1854068
1325.8 1854068
1326.3 1854068
1326.8 1854068
1327.3 1854068
1327.9 1854036
1328.4 1854036
1329.0 1854036
1329.5 1854036
1330.0 1854036
1330.5 1854036
1331.1 1854068
1331.6 1854068
1332.1 1854068
1332.6 1854036
1333.1 1854036
1333.6 1854036
1334.1 1854036
1334.6 1859420
1335.1 1861276
1335.6 1861132
1336.1 1860408
1336.6 1860112
1337.1 1859732
1337.6 1860052
1338.1 1860000
1338.6 1860364
1339.1 1859952
1339.6 1860076
1340.1 1859888
1340.6 1860124
1341.1 1861368
1341.6 1860472
1342.1 1860596
1342.6 1860248
1343.1 1859728
1343.6 1860220
1344.1 1859840
1344.6 1860024
1345.1 1860008
1345.6 1859960
1346.1 1859756
1346.6 1860056
1347.1 1860200
1347.6 1860168
1348.1 1859772
1348.6 1859660
1349.1 1859724
1349.6 1859688
1350.1 1860004
1350.6 1860256
1351.1 1859848
1351.6 1860036
1352.1 1859988
1352.6 1859624
1353.1 1859784
1353.6 1859752
1354.1 1860288
1354.6 1860064
1355.1 1860112
1355.6 1860372
1356.1 1860196
1356.6 1853712
1357.1 1853712
1357.6 1853712
1358.1 1853712
1358.6 1853712
1359.1 1853712
1359.6 1853712
1360.1 1853712
1360.6 1853712
1361.1 1853680
1361.6 1853680
1362.1 1853744
1362.7 1853744
1363.2 1853744
1363.7 1853744
1364.2 1853744
1364.7 1853744
1365.2 1853744
1365.7 1853744
1366.2 1853712
1366.7 1853712
1367.2 1853712
1367.7 1853712
1368.2 1853712
1368.7 1853712
1369.2 1853744
1369.7 1853744
1370.2 1853744
1370.8 1853744
1371.3 1853712
1371.8 1853712
1372.3 1853712
1372.8 1853712
1373.3 1853712
1373.8 1853712
1374.3 1853712
1374.8 1853712
1375.3 1853680
1375.9 1853680
1376.4 1853680
1376.9 1853680
1377.4 1853680
1377.9 1853744
1378.4 1853744
1378.9 1853744
1379.4 1853744
1379.9 1859904
1380.4 1859812
1380.9 1859940
1381.4 1859432
1381.9 1859416
1382.4 1860128
1382.9 1860032
1383.4 1859716
1383.9 1859668
1384.4 1859984
1384.9 1860076
1385.4 1860108
1385.9 1859760
1386.4 1859632
1386.9 1859744
1387.4 1859744
1387.9 1860188
1388.4 1859712
1388.9 1859572
1389.4 1859492
1389.9 1859836
1390.4 1859676
1390.9 1859820
1391.4 1859852
1391.9 1859756
1392.4 1859772
1392.9 1859788
1393.4 1859708
1393.9 1859772
1394.4 1860008
1394.9 1860072
1395.4 1859788
1395.9 1859268
1396.4 1859348
1396.9 1859380
1397.4 1859488
1397.9 1859284
1398.4 1859424
1398.9 1859912
1399.4 1860024
1399.9 1859340
1400.4 1859516
1400.9 1859532
1401.4 1859940
1401.9 1853700
1402.4 1853700
1402.9 1853700
1403.4 1853668
1403.9 1853668
1404.4 1853668
1404.9 1853668
1405.4 1853668
1405.9 1853668
1406.4 1853668
1406.9 1853668
1407.4 1853668
1407.9 1853668
1408.4 1853668
1408.9 1853700
1409.4 1853700
1409.9 1853700
1410.4 1853700
1410.9 1853700
1411.4 1853700
1412.0 1853700
1412.5 1853700
1413.0 1853668
1413.5 1853668
1414.0 1853668
1414.5 1853668
1415.0 1853668
1415.5 1853668
1416.0 1853700
1416.5 1853700
1417.0 1853700
1417.6 1853668
1418.1 1853668
1418.6 1853668
1419.1 1853668
1419.6 1853668
1420.1 1853668
1420.6 1853668
1421.1 1853668
1421.6 1853668
1422.1 1853668
1422.6 1853668
1423.1 1853668
1423.6 1853700
1424.1 1853700
1424.6 1853700
1425.1 1859704
1425.6 1860192
1426.1 1860132
1426.6 1859972
1427.1 1859560
1427.6 1859764
1428.1 1859704
1428.6 1859688
1429.1 1859704
1429.6 1859784
1430.1 1859784
1430.6 1859672
1431.1 1859200
1431.6 1859184
1432.1 1858964
1432.6 1858900
1433.1 1859012
1433.6 1858964
1434.1 1858820
1434.6 1858980
1435.1 1859024
1435.6 1859324
1436.1 1859180
1436.6 1859244
1437.1 1859260
1437.6 1859512
1438.1 1859276
1438.6 1859324
1439.1 1859452
1439.6 1859432
1440.1 1859636
1440.6 1859684
1441.1 1859432
1441.6 1859684
1442.1 1859748
1442.6 1859652
1443.1 1859716
1443.6 1859812
1444.1 1860032
1444.6 1859968
1445.1 1859860
1445.6 1859620
1446.1 1860048
1446.6 1859652
1447.1 1859732
1447.6 1853940
1448.1 1853940
1448.6 1853940
1449.1 1853940
1449.7 1853908
1450.2 1853908
1450.7 1853904
1451.2 1853904
1451.7 1853904
1452.2 1853904
1452.7 1853904
1453.2 1853904
1453.8 1853936
1454.3 1853936
1454.8 1853904
1455.3 1853904
1455.8 1853904
1456.3 1853904
1456.8 1853904
1457.3 1853904
1457.8 1853904
1458.3 1853904
1458.8 1853904
1459.3 1853904
1459.8 1853872
1460.4 1853936
1460.9 1853936
1461.4 1853936
1461.9 1853936
1462.4 1853936
1462.9 1853936
1463.4 1853936
1463.9 1853904
1464.4 1853904
1465.0 1853904
1465.5 1853904
1466.0 1853904
1466.5 1853904
1467.0 1853904
1467.5 1853904
1468.0 1853936
1468.5 1853936
1469.1 1853936
1469.6 1853904
1470.1 1859832
1470.6 1859752
1471.1 1859656
1471.6 1859688
1472.1 1859816
1472.6 1859720
1473.1 1860036
1473.6 1859624
1474.1 1859704
1474.6 1860020
1475.1 1860068
1475.6 1859656
1476.1 1860304
1476.6 1859640
1477.1 1860052
1477.6 1860304
1478.1 1859956
1478.6 1860004
1479.1 1859956
1479.6 1860336
1480.1 1860048
1480.6 1859636
1481.1 1859812
1481.6 1860032
1482.1 1859764
1482.6 1859748
1483.1 1859700
1483.6 1859748
1484.1 1859668
1484.6 1860140
1485.1 1859860
1485.6 1859528
1486.1 1859480
1486.6 1859772
1487.1 1859816
1487.6 1859884
1488.1 1859944
1488.6 1860184
1489.1 1860072
1489.6 1859944
1490.1 1859976
1490.6 1859504
1491.1 1859488
1491.6 1859392
1492.1 1854028
1492.6 1854028
1493.1 1854028
1493.7 1854028
1494.2 1854060
1494.7 1854060
1495.2 1854060
1495.7 1854056
1496.2 1854024
1496.7 1854024
1497.2 1854024
1497.8 1854024
1498.3 1854024
1498.8 1854024
1499.3 1854024
1499.8 1854024
1500.3 1854024
1500.8 1854024
1501.3 1854024
1501.8 1854056
1502.3 1854056
1502.8 1854056
1503.3 1854056
1503.8 1854056
1504.3 1854056
1504.8 1854056
1505.3 1854056
1505.8 1854024
1506.3 1854024
1506.8 1854024
1507.3 1854024
1507.8 1854024
1508.3 1854024
1508.8 1854056
1509.3 1854056
1509.8 1854056
1510.4 1854024
1510.9 1854024
1511.4 1854024
1511.9 1854024
1512.4 1854024
1512.9 1854024
1513.4 1854024
1513.9 1854024
1514.4 1854024
1514.9 1854024
1515.4 1859932
1515.9 1860108
1516.4 1859284
1516.9 1859856
1517.4 1859584
1517.9 1860076
1518.4 1859744
1518.9 1859696
1519.4 1859744
1519.9 1859744
1520.4 1859424
1520.9 1859960
1521.4 1860892
1521.9 1859804
1522.4 1859000
1522.9 1859868
1523.4 1859944
1523.9 1860008
1524.4 1859848
1524.9 1860016
1525.4 1859760
1525.9 1859852
1526.4 1859824
1526.9 1859380
1527.4 1859588
1527.9 1859508
1528.4 1859476
1528.9 1859980
1529.4 1859808
1529.9 1859680
1530.4 1859996
1530.9 1859680
1531.4 1859620
1531.9 1859744
1532.4 1859932
1532.9 1860028
1533.4 1859948
1533.9 1860060
1534.4 1859900
1534.9 1859964
1535.4 1860008
1535.9 1860104
1536.4 1859900
1536.9 1860152
1537.6 1853988
1538.1 1853988
1538.6 1853988
1539.1 1853956
1539.6 1853956
1540.1 1853956
1540.6 1853956
1541.1 1853952
1541.6 1853984
1542.1 1853984
1542.6 1853984
1543.1 1853984
1543.6 1853984
1544.1 1853952
1544.6 1853952
1545.2 1853952
1545.7 1853952
1546.2 1853952
1546.7 1853952
1547.2 1853952
1547.7 1853952
1548.2 1853920
1548.7 1853920
1549.3 1853920
1549.8 1853920
1550.3 1853984
1550.8 1853984
1551.3 1853984
1551.8 1853984
1552.3 1853984
1552.8 1853984
1553.3 1853984
1553.8 1853952
1554.3 1853952
1554.8 1853952
1555.3 1853952
1555.8 1853952
1556.3 1853952
1556.8 1853984
1557.3 1853984
1557.8 1853952
1558.3 1853952
1558.8 1853952
1559.3 1853952
1559.8 1853952
1560.3 1859788
1560.8 1859488
1561.3 1860012
1561.8 1859632
1562.3 1859568
1562.8 1859772
1563.3 1859868
1563.8 1860136
1564.3 1859796
1564.8 1859964
1565.3 1859692
1565.8 1859708
1566.3 1859724
1566.8 1859912
1567.3 1859708
1567.8 1859832
1568.3 1859832
1568.8 1859912
1569.3 1860164
1569.8 1859944
1570.3 1859720
1570.8 1859340
1571.3 1859120
1571.8 1859232
1572.3 1859308
1572.8 1860272
1573.3 1860004
1573.8 1859924
1574.3 1860068
1574.8 1859908
1575.3 1859888
1575.8 1859556
1576.3 1859888
1576.8 1859968
1577.3 1859824
1577.8 1859904
1578.3 1860016
1578.8 1860032
1579.3 1859052
1579.8 1859636
1580.3 1860248
1580.8 1860136
1581.3 1859852
1581.8 1860012
1582.3 1854128
1582.8 1854128
1583.3 1854128
1583.8 1854128
1584.3 1854128
1584.8 1854128
1585.3 1854128
1585.8 1854092
1586.3 1854092
1586.9 1854092
1587.4 1854092
1587.9 1854092
1588.4 1854092
1589.0 1854092
1589.5 1854124
1590.0 1854124
1590.5 1854124
1591.0 1854092
1591.5 1854092
1592.0 1854092
1592.5 1854092
1593.0 1854092
1593.5 1854092
1594.0 1854092
1594.5 1854092
1595.0 1854092
1595.5 1854060
1596.1 1854060
1596.6 1854060
1597.1 1854124
1597.6 1854124
1598.1 1854124
1598.6 1854376
1599.1 1855108
1599.6 1854708
1600.1 1854668
1600.6 1854668
1601.2 1854668
1601.7 1854668
1602.2 1854668
1602.7 1854668
1603.2 1854668
1603.7 1854668
1604.2 1854668
1604.7 1859992
1605.2 1860488
1605.7 1860648
1606.2 1860440
1606.7 1860472
1607.2 1860804
1607.7 1860868
1608.2 1860472
1608.7 1860512
1609.2 1860812
1609.7 1860488
1610.2 1860456
1610.7 1860520
1611.2 1860456
1611.7 1860772
1612.2 1860456
1612.7 1860584
1613.2 1860332
1613.7 1860332
1614.2 1860344
1614.7 1860708
1615.2 1860568
1615.7 1860536
1616.2 1860328
1616.7 1860536
1617.2 1860664
1617.7 1860456
1618.2 1861040
1618.7 1860708
1619.2 1860692
1619.7 1860560
1620.2 1860360
1620.7 1860548
1621.2 1860516
1621.7 1860500
1622.2 1860612
1622.7 1860452
1623.2 1860580
1623.7 1860612
1624.2 1860376
1624.7 1860340
1625.2 1860340
1625.7 1860768
1626.2 1860732
1626.7 1860400
1627.2 1854540
1627.7 1854540
1628.2 1854540
1628.7 1854508
1629.2 1854508
1629.7 1854508
1630.2 1854500
1630.7 1854500
1631.2 1854500
1631.7 1854500
1632.2 1854500
1632.7 1854500
1633.2 1854596
1633.7 1854660
1634.2 1854564
1634.7 1854532
1635.2 1854596
1635.7 1854596
1636.2 1854596
1636.7 1854596
1637.2 1854596
1637.7 1854596
1638.2 1854596
1638.7 1854596
1639.2 1854564
1640.0 1854564
1640.5 1854564
1641.0 1854596
1641.5 1854596
1642.0 1854596
1642.5 1854596
1643.0 1854596
1643.5 1854564
1644.0 1854564
1644.5 1854564
1645.0 1854564
1645.5 1854564
1646.0 1854564
1646.5 1854564
1647.0 1854564
1647.5 1854532
1648.0 1854596
1648.5 1854596
1649.0 1854596
1649.5 1854596
1650.0 1860156
1650.5 1860868
1651.0 1860616
1651.5 1860560
1652.0 1860488
1652.5 1860236
1653.0 1860032
1653.5 1860172
1654.0 1860860
1654.5 1861052
1655.0 1861752
1655.5 1861152
1656.0 1860884
1656.5 1859828
1657.0 1860460
1657.5 1860096
1658.0 1860316
1658.5 1860744
1659.0 1861120
1659.5 1860852
1660.0 1860704
1660.5 1860564
1661.0 1860248
1661.5 1860500
1662.0 1860392
1662.5 1860408
1663.0 1861020
1663.5 1860944
1664.0 1860740
1664.5 1860580
1665.0 1860516
1665.5 1860548
1666.0 1860832
1666.5 1860816
1667.0 1860500
1667.5 1860660
1668.0 1860408
1668.5 1860440
1669.0 1860168
1669.5 1859712
1670.0 1860424
1670.5 1860264
1671.0 1860152
1671.5 1860232
1672.0 1860296
1672.5 1854340
1673.0 1854340
1673.5 1854308
1674.1 1854308
1674.6 1854308
1675.1 1854368
1675.6 1854368
1676.1 1854368
1676.6 1854368
1677.1 1854368
1677.6 1854368
1678.1 1854368
1678.6 1854336
1679.1 1854336
1679.6 1854336
1680.1 1854336
1680.6 1854336
1681.1 1854336
1681.6 1854336
1682.1 1854336
1682.6 1854336
1683.1 1854336
1683.6 1854336
1684.1 1854336
1684.6 1854336
1685.1 1854336
1685.6 1854336
1686.1 1854336
1686.6 1854336
1687.1 1854336
1687.7 1854304
1688.2 1854304
1688.7 1854304
1689.2 1854304
1689.7 1854368
1690.2 1854368
1690.7 1854368
1691.3 1854368
1691.8 1854368
1692.3 1854368
1692.8 1854368
1693.3 1854368
1693.8 1854336
1694.3 1854336
1694.8 1854336
1695.3 1860552
1695.8 1861032
1696.3 1860608
1696.8 1860480
1697.3 1860080
1697.8 1861080
1698.3 1861920
1698.8 1861188
1699.3 1861816
1699.8 1861228
1700.3 1860764
1700.8 1861144
1701.3 1861740
1701.8 1861032
1702.3 1861064
1702.8 1861236
1703.3 1861080
1703.8 1860956
1704.3 1860656
1704.8 1860684
1705.3 1861100
1705.8 1860928
1706.3 1861276
1706.8 1860644
1707.3 1860928
1707.8 1860548
1708.3 1860484
1708.8 1860436
1709.3 1860768
1709.8 1860912
1710.3 1860772
1710.8 1860800
1711.3 1860484
1711.8 1860200
1712.3 1860296
1712.8 1860296
1713.3 1860184
1713.8 1860344
1714.3 1860168
1714.8 1860344
1715.3 1860528
1715.8 1860480
1716.3 1860464
1716.8 1857568
1717.3 1854856
1717.8 1854856
1718.3 1854856
1718.8 1854856
1719.3 1854856
1719.8 1854856
1720.3 1854824
1720.8 1854824
1721.4 1854824
1721.9 1854888
1722.4 1854888
1722.9 1854888
1723.4 1854888
1723.9 1854888
1724.4 1854888
1724.9 1854888
1725.5 1854856
1726.0 1854856
1726.5 1854856
1727.0 1854856
1727.5 1854856
1728.2 1854856
1728.8 1854856
1729.6 1854856
1730.1 1854920
1730.6 1854888
1731.1 1854888
1731.6 1854888
1732.1 1854888
1732.6 1854888
1733.1 1854888
1733.6 1854888
1734.1 1854888
1734.6 1854888
1735.1 1854888
1735.6 1854856
1736.1 1854856
1736.6 1854856
1737.1 1854856
1737.6 1854888
1738.1 1854888
1738.6 1854888
1739.1 1854888
1739.6 1859724
1740.1 1860040
1740.6 1860164
1741.1 1860340
1741.6 1860244
1742.1 1860372
1742.6 1860164
1743.1 1860796
1743.6 1860748
1744.1 1860592
1744.6 1860324
1745.1 1860680
1745.6 1860620
1746.1 1860984
1746.6 1860888
1747.1 1860712
1747.6 1860540
1748.1 1860572
1748.6 1860540
1749.1 1860636
1749.6 1860268
1750.1 1860316
1750.6 1860140
1751.1 1860284
1751.6 1860300
1752.1 1860252
1752.6 1860348
1753.1 1860284
1753.6 1860284
1754.1 1860172
1754.6 1860200
1755.1 1860264
1755.6 1860596
1756.1 1860564
1756.6 1860848
1757.1 1860532
1757.6 1861132
1758.1 1860768
1758.6 1860720
1759.1 1860784
1759.6 1861116
1760.1 1860880
1760.6 1861100
1761.1 1860672
1761.6 1860848
1762.1 1860848
1762.6 1860312
1763.1 1854496
1763.6 1854496
1764.1 1854496
1764.6 1854560
1765.1 1854560
1765.6 1854556
1766.1 1854556
1766.6 1854556
1767.1 1854556
1767.6 1854524
1768.1 1854524
1768.6 1854524
1769.2 1854524
1769.7 1854524
1770.2 1854524
1770.7 1854524
1771.3 1854524
1771.8 1854588
1772.3 1854556
1772.8 1854556
1773.3 1854556
1773.8 1854556
1774.3 1854556
1774.8 1854556
1775.3 1854556
1775.8 1854556
1776.4 1854556
1776.9 1854556
1777.4 1854556
1777.9 1854524
1778.4 1854524
1778.9 1854524
1779.4 1854524
1779.9 1854556
1780.4 1854556
1780.9 1854556
1781.4 1854556
1781.9 1854524
1782.4 1854524
1782.9 1854524
1783.4 1854524
1783.9 1854524
1784.4 1854524
1784.9 1860860
1785.4 1860356
1785.9 1860356
1786.4 1860244
1786.9 1860244
1787.4 1860292
1787.9 1860180
1788.4 1860212
1788.9 1860180
1789.4 1860268
1789.9 1860612
1790.4 1860168
1790.9 1860264
1791.4 1860548
1791.9 1860532
1792.4 1860580
1792.9 1860640
1793.4 1860736
1793.9 1859832
1794.4 1859932
1794.9 1860160
1795.4 1860300
1795.9 1860600
1796.4 1860504
1796.9 1860504
1797.4 1860440
1797.9 1860488
1798.4 1860632
1798.9 1860536
1799.4 1860440
1799.9 1860428
1800.4 1859988
1800.9 1860528
1801.4 1860624
1801.9 1860372
1802.4 1860436
1802.9 1860496
1803.4 1860448
1803.9 1860496
1804.4 1860464
1804.9 1860340
1805.4 1860532
1805.9 1860516
1806.4 1860484
1806.9 1860516
1807.4 1860516
1807.9 1854352
1808.4 1854352
1812.1 1854348
1816.0 1854316
1818.1 1854380
1818.6 1854380
1819.1 1854380
1821.7 1854380
1825.0 1854380
1826.8 1854380
1829.3 1854348
1829.8 1860048
1830.3 1860284
1830.8 1860992
1831.3 1860692
1831.8 1860740
1832.3 1860756
1832.8 1860756
1833.3 1860424
1833.8 1860724
1834.3 1860820
1834.8 1860768
1835.3 1860624
1835.8 1860720
1836.3 1860752
1836.8 1860768
1837.3 1860704
1837.8 1860736
1838.3 1860672
1838.8 1860736
1839.3 1860580
1839.8 1861876
1840.3 1861452
1840.8 1861096
1841.3 1861224
1841.8 1861132
1842.3 1860748
1842.8 1860860
1843.3 1860828
1843.8 1860940
1844.3 1860956
1844.8 1860372
1845.3 1860736
1845.8 1860436
1846.3 1860516
1846.8 1860452
1847.3 1860248
1847.8 1860484
1848.3 1860232
1848.8 1860280
1849.3 1860532
1849.8 1860732
1850.3 1860748
1850.8 1860872
1851.3 1860684
1851.8 1860716
1852.3 1860668
1852.8 1860716
1855.0 1854276
1856.8 1854244
1859.0 1854308
1859.7 1854308
1863.3 1854308
1867.0 1854308
1867.6 1854308
1868.2 1854308
1869.6 1854276
1870.1 1854276
1871.5 1854276
1872.2 1854276
1872.7 1854276
1873.7 1854276
1874.5 1854308
1875.0 1860576
1875.5 1860448
1876.0 1860780
1876.5 1860668
1877.0 1860812
1877.5 1860764
1878.0 1860700
1878.5 1860384
1879.0 1861116
1879.5 1860440
1880.0 1861272
1880.5 1861504
1881.0 1861032
1881.5 1861068
1882.0 1860516
1882.5 1860704
1883.0 1861020
1883.5 1860972
1884.0 1860688
1884.5 1860784
1885.0 1860672
1885.5 1861036
1886.0 1860216
1886.5 1860028
1887.0 1860104
1887.5 1860216
1888.0 1860388
1888.5 1860768
1889.0 1860624
1889.5 1860720
1890.0 1860700
1890.5 1860716
1891.0 1860432
1891.5 1860368
1892.0 1860716
1892.5 1860588
1893.0 1860748
1893.5 1860716
1894.0 1860716
1894.5 1860636
1895.0 1860552
1895.5 1860836
1896.0 1860740
1896.5 1860944
1897.0 1860820
1897.5 1861464
1898.0 1854816
1899.0 1854880
1899.5 1854880
1900.5 1854848
1902.0 1854848
1904.3 1854848
1905.2 1854848
1905.7 1854844
1908.0 1854844
1908.5 1854844
1909.0 1854812
1910.2 1854812
1910.8 1854812
1912.6 1854844
1913.1 1854844
1913.6 1854844
1914.4 1854844
1916.8 1854844
1917.9 1854812
1918.4 1854812
1918.9 1854812
1919.5 1854812
1920.0 1861176
1920.5 1861304
1921.0 1861256
1921.5 1860768
1922.0 1860940
1922.5 1860752
1923.0 1860500
1923.5 1860344
1924.0 1860656
1924.5 1860848
1925.0 1860836
1925.5 1861136
1926.0 1861072
1926.5 1860788
1927.0 1860708
1927.5 1860804
1928.0 1860788
1928.5 1860536
1929.0 1860140
1929.5 1860156
1930.0 1860764
1930.5 1860464
1931.0 1860812
1931.5 1860544
1932.0 1860624
1932.5 1860796
1933.0 1860512
1933.5 1860796
1934.0 1860700
1934.5 1860844
1935.0 1861028
1935.5 1860712
1936.0 1860680
1936.5 1861440
1937.0 1860412
1937.5 1860256
1938.0 1861060
1938.5 1860664
1939.0 1860744
1939.5 1860632
1940.0 1860644
1940.5 1860900
1941.0 1860488
1941.5 1861072
1942.0 1860708
1942.5 1860440
1943.0 1854888
1943.9 1854888
1944.4 1854888
1945.4 1854884
1947.2 1854916
1949.0 1854916
1949.8 1854916
1950.6 1854884
1951.9 1854884
1952.4 1854884
1953.8 1854884
1955.3 1854884
1956.0 1854884
1956.6 1854884
1957.9 1854852
1958.4 1854852
1960.5 1854916
1961.8 1854916
1962.7 1854916
1963.2 1854916
1964.5 1854916
1965.0 1860660
1965.5 1861052
1966.0 1860720
1966.5 1860340
1967.0 1860420
1967.5 1860168
1968.0 1860736
1968.5 1860516
1969.0 1860500
1969.5 1860340
1970.0 1860684
1970.5 1860512
1971.0 1860496
1971.5 1860604
1972.0 1860528
1972.5 1860308
1973.0 1860212
1973.5 1860164
1974.0 1860228
1974.5 1860512
1975.0 1860712
1975.5 1860444
1976.0 1859952
1976.5 1860460
1977.0 1860224
1977.5 1860524
1978.0 1860744
1978.5 1860744
1979.0 1860744
1979.5 1860680
1980.0 1860644
1980.5 1860692
1981.0 1860660
1981.5 1860424
1982.0 1860392
1982.5 1860456
1983.0 1860644
1983.5 1860676
1984.0 1860692
1984.5 1860560
1985.0 1860644
1985.5 1860204
1986.0 1860000
1986.5 1860488
1987.0 1860628
1987.5 1860756
1988.0 1854728
1991.0 1854724
1993.3 1854692
1995.2 1854692
1995.8 1854692
1996.9 1854692
2000.0 1854692
2000.5 1854692
2001.0 1854692
2001.5 1854692
2002.0 1854692
2003.4 1854692
2003.9 1854692
2004.4 1854692
2007.1 1854692
2009.0 1854692
2009.5 1854692
2010.0 1854692
2010.5 1854724
2011.0 1857680
2011.6 1857680
2012.1 1857680
2012.6 1857424
2013.1 1857548
2013.6 1858904
2014.1 1860908
2014.6 1861128
2015.1 1862184
2015.6 1861896
2016.1 1862280
2016.6 1861664
2017.1 1861372
2017.6 1861928
2018.1 1861984
2018.6 1860908
2019.1 1860892
2019.6 1861156
2020.1 1860656
2020.6 1860848
2021.1 1860652
2021.6 1860572
2022.1 1861236
2022.6 1861132
2023.1 1861116
2023.6 1860660
2024.1 1861008
2024.6 1860708
2025.1 1860572
2025.6 1861192
2026.1 1860704
2026.6 1860736
2027.1 1860720
2027.6 1860688
2028.1 1860624
2028.6 1860688
2029.1 1860624
2029.6 1860632
2030.1 1860956
2030.6 1861792
2031.1 1861264
2031.6 1860756
2032.1 1860908
2032.6 1860724
2033.1 1861040
2033.6 1860992
2034.1 1860772
2034.6 1861024
2035.1 1860976
2035.6 1860548
2036.1 1860680
2036.6 1860936
2037.1 1860596
2037.6 1860692
2038.1 1854460
2039.7 1854428
2040.5 1854428
2041.9 1854424
2044.9 1854424
2045.8 1854456
2048.2 1854456
2049.2 1854456
2049.7 1854456
2050.2 1854456
2051.4 1854424
2053.3 1854424
2054.3 1854424
2054.8 1861304
2055.3 1861756
2055.8 1861536
2056.3 1860720
2056.8 1860704
2057.3 1860656
2057.8 1860468
2058.3 1860264
2058.8 1860768
2059.3 1860768
2059.8 1860968
2060.3 1860576
2060.8 1860684
2061.3 1860556
2061.8 1860684
2062.3 1860652
2062.8 1860732
2063.3 1860972
2063.8 1860748
2064.3 1861000
2064.8 1860808
2065.3 1860840
2065.8 1860776
2066.3 1860752
2066.8 1860860
2067.3 1860780
2067.8 1860672
2068.3 1860736
2068.8 1860592
2069.3 1860624
2069.8 1860664
2070.3 1860616
2070.8 1860632
2071.3 1860536
2071.8 1860932
2072.3 1861292
2072.8 1861184
2073.3 1860820
2073.8 1861264
2074.3 1861116
2074.8 1861080
2075.3 1860680
2075.8 1861004
2076.3 1860736
2076.8 1854772
2077.5 1854740
2078.2 1854740
2079.5 1854740
2081.2 1854732
2083.3 1854732
2085.1 1854732
2086.2 1854732
2087.0 1854732
2090.3 1854700
2091.0 1854700
2091.5 1854700
2092.7 1854764
2093.2 1854764
2093.7 1854764
2094.2 1854764
2096.9 1854764
2097.4 1854764
2098.8 1854732
2099.5 1854732
2100.0 1860536
2100.5 1860728
2101.0 1860964
2101.5 1860632
2102.0 1860712
2102.5 1860584
2103.0 1860632
2103.5 1860536
2104.0 1860852
2104.5 1860560
2105.0 1860700
2105.5 1860960
2106.0 1860660
2106.5 1860992
2107.0 1860896
2107.5 1860660
2108.0 1860756
2108.5 1860880
2109.0 1860768
2109.5 1860644
2110.0 1860540
2110.5 1860572
2111.0 1860952
2111.5 1860604
2112.0 1860888
2112.5 1860716
2113.0 1860668
2113.5 1860556
2114.0 1860652
2114.5 1860572
2115.0 1860864
2115.5 1860572
2116.0 1861000
2116.5 1860732
2117.0 1860892
2117.5 1860320
2118.0 1861076
2118.5 1860968
2119.0 1860748
2119.5 1860936
2120.0 1860960
2120.5 1860904
2121.0 1860884
2121.5 1861508
2122.0 1861192
2122.5 1861644
2123.0 1859984
2123.5 1854700
2124.0 1854700
2125.8 1854700
2126.3 1854692
2126.8 1854692
2128.7 1854692
2130.1 1854692
2130.6 1854692
2131.8 1854724
2132.3 1854724
2132.8 1854724
2135.9 1854724
2136.4 1854724
2136.9 1854724
2137.4 1854724
2139.2 1854724
2144.5 1854692
2145.0 1860560
2145.5 1860624
2146.0 1860560
2146.5 1859788
2147.0 1859804
2147.5 1860028
2148.0 1860024
2148.5 1859868
2149.0 1860204
2149.5 1860852
2150.0 1860864
2150.5 1860972
2151.0 1860704
2151.5 1860496
2152.0 1860872
2152.5 1860636
2153.0 1860896
2153.5 1861020
2154.0 1860848
2154.5 1860408
2155.0 1860844
2155.5 1860656
2156.0 1860812
2156.5 1860608
2157.0 1860560
2157.5 1860532
2158.0 1860656
2158.5 1860608
2159.0 1860908
2159.5 1860640
2160.0 1860736
2160.5 1860436
2161.0 1860420
2161.5 1859992
2162.0 1860152
2162.5 1859724
2163.0 1859708
2163.5 1860152
2164.0 1860592
2164.5 1861020
2165.0 1861524
2165.5 1860944
2166.0 1860836
2166.5 1856344
2167.0 1854864
2168.0 1854832
2171.7 1854828
2172.2 1854828
2174.0 1854828
2174.5 1854828
2176.4 1854828
2176.9 1854828
2177.4 1854828
2179.2 1854860
2179.7 1854860
2180.2 1854860
2180.7 1854860
2181.2 1854860
2181.8 1854860
2182.3 1854860
2182.8 1854860
2183.3 1854860
2184.4 1854828
2184.9 1854828
2187.6 1854828
2188.5 1854828
2189.2 1854828
2189.7 1854860
2190.2 1860948
2190.7 1861108
2191.2 1860724
2191.7 1860604
2192.2 1860840
2192.7 1860368
2193.2 1859832
2193.7 1860036
2194.2 1860116
2194.7 1860572
2195.2 1860844
2195.7 1860808
2196.2 1860588
2196.7 1860508
2197.2 1860476
2197.7 1860636
2198.2 1860144
2198.7 1860604
2199.2 1860808
2199.7 1860476
2200.2 1860612
2200.7 1860816
2201.2 1860596
2201.7 1860092
2202.2 1860644
2202.7 1860596
2203.2 1860548
2203.7 1860472
2204.2 1860804
2204.7 1860532
2205.2 1861068
2205.7 1860720
2206.2 1860656
2206.7 1860624
2207.2 1860668
2207.7 1860640
2208.2 1860088
2208.7 1860468
2209.2 1860308
2209.7 1860388
2210.2 1860384
2210.7 1860604
2211.2 1860588
2211.7 1860668
2212.2 1854384
2212.7 1854384
2213.2 1854384
2213.7 1854384
2214.2 1854384
2214.7 1854384
2215.2 1854384
2215.7 1854384
2216.2 1854384
2216.7 1854384
2217.2 1854352
2217.7 1854352
2218.2 1854352
2218.7 1854352
2219.2 1854416
2219.7 1854416
2220.2 1854416
2220.7 1854416
2221.2 1854416
2221.7 1854416
2222.2 1854384
2222.7 1854384
2223.2 1854384
2223.7 1854384
2224.2 1854384
2224.7 1854384
2225.2 1854384
2225.7 1854384
2226.2 1854384
2226.7 1854416
2227.2 1854416
2227.7 1854416
2228.2 1854416
2228.7 1854416
2229.2 1854416
2229.7 1854416
2230.2 1854416
2230.7 1854416
2231.2 1854384
2231.8 1854384
2232.3 1854384
2232.8 1854384
2233.3 1854384
2233.8 1854384
2234.3 1854384
2234.8 1854416
2235.3 1860588
2235.8 1860748
2236.3 1861516
2236.8 1860604
2237.3 1860588
2237.8 1860540
2238.3 1860636
2238.8 1860456
2239.3 1860744
2239.8 1860776
2240.3 1860748
2240.8 1860796
2241.3 1860544
2241.8 1860720
2242.3 1860732
2242.8 1860088
2243.3 1860164
2243.8 1859820
2244.3 1860024
2244.8 1860576
2245.3 1860452
2245.8 1860612
2246.3 1860784
2246.8 1860628
2247.3 1860772
2247.8 1860740
2248.3 1860436
2248.8 1860580
2249.3 1860564
2249.8 1861164
2250.3 1860904
2250.8 1861012
2251.3 1860620
2251.8 1860824
2252.3 1861076
2252.8 1860732
2253.3 1860604
2253.8 1860492
2254.3 1860256
2254.8 1860496
2255.3 1861592
2255.8 1860440
2256.3 1860252
2256.8 1860584
2257.3 1854728
2257.8 1854728
2258.3 1854728
2258.8 1854760
2259.3 1854760
2259.8 1854760
2260.3 1854756
2260.8 1854756
2261.3 1854756
2261.8 1854756
2262.3 1854756
2262.8 1854756
2263.3 1854756
2263.8 1854756
2264.3 1854756
2264.8 1854724
2265.3 1854724
2265.8 1854724
2266.3 1854724
2266.8 1854756
2267.3 1854756
2267.8 1854756
2268.3 1854756
2268.8 1854724
2269.3 1854724
2269.8 1854724
2270.3 1854724
2270.8 1854724
2271.3 1854724
2271.8 1854724
2272.3 1854724
2272.8 1854692
2273.3 1854692
2273.8 1854756
2274.3 1854756
2274.8 1854756
2275.3 1854756
2275.8 1854756
2276.3 1854756
2276.8 1854756
2277.3 1854756
2277.8 1854724
2278.3 1854724
2278.8 1854724
2279.4 1854724
2279.9 1860588
2280.4 1860904
2280.9 1860524
2281.4 1860524
2281.9 1860732
2282.4 1860540
2282.9 1860476
2283.4 1860272
2283.9 1860556
2284.4 1860572
2284.9 1860472
2285.4 1860424
2285.9 1860096
2286.4 1860364
2286.9 1860284
2287.4 1860468
2287.9 1860520
2288.4 1860600
2288.9 1860600
2289.4 1860484
2289.9 1860316
2290.4 1860284
2290.9 1860236
2291.4 1861208
2291.9 1860632
2292.4 1860712
2292.9 1860820
2293.4 1860568
2293.9 1860884
2294.4 1860804
2294.9 1860516
2295.4 1860184
2295.9 1859856
2296.4 1859872
2296.9 1859808
2297.4 1859728
2297.9 1859872
2298.4 1859680
2298.9 1859584
2299.4 1860456
2299.9 1860492
2300.4 1861060
2300.9 1860680
2301.4 1861328
2301.9 1856872
2302.4 1854560
2302.9 1854560
2303.4 1854560
2303.9 1854560
2304.4 1854560
2304.9 1854528
2305.4 1854524
2305.9 1854524
2306.4 1854524
2306.9 1854524
2307.4 1854524
2307.9 1854524
2308.5 1854524
2309.0 1854524
2309.5 1854524
2310.0 1854556
2310.5 1854556
2311.0 1854556
2311.5 1854556
2312.0 1854556
2312.5 1854556
2313.0 1854556
2313.5 1854556
2314.0 1854556
2314.5 1854556
2315.0 1854524
2315.5 1854524
2316.0 1854524
2316.5 1854524
2317.0 1854556
2317.5 1854556
2318.0 1854556
2318.5 1854556
2319.0 1854524
2319.5 1854524
2320.0 1854524
2320.5 1854524
2321.0 1854524
2321.5 1854524
2322.0 1854524
2322.5 1854524
2323.0 1854524
2323.5 1854524
2324.0 1854556
2324.5 1854556
2325.0 1861020
2325.5 1861632
2326.0 1860844
2326.5 1861096
2327.0 1860544
2327.5 1860656
2328.0 1860844
2328.5 1860812
2329.0 1860812
2329.5 1860464
2330.0 1860824
2330.5 1860632
2331.0 1860776
2331.5 1860824
2332.0 1860960
2332.5 1860776
2333.0 1860068
2333.5 1859356
2334.0 1859880
2334.5 1860240
2335.0 1859868
2335.5 1860092
2336.0 1859948
2336.5 1860012
2337.0 1860468
2337.5 1860564
2338.0 1860404
2338.5 1860468
2339.0 1860752
2339.5 1860388
2340.0 1860892
2340.5 1861096
2341.0 1860764
2341.5 1860512
2342.0 1860560
2342.5 1860876
2343.0 1860748
2343.5 1860936
2344.0 1860812
2344.5 1860716
2345.0 1860980
2345.5 1861216
2346.0 1860980
2346.5 1860492
2347.0 1854288
2347.5 1854288
2348.0 1854288
2348.5 1854288
2349.0 1854288
2349.6 1854288
2350.1 1854320
2350.6 1854288
2351.1 1854288
2351.6 1854288
2352.1 1854288
2352.6 1854288
2353.2 1854288
2353.7 1854288
2354.2 1854288
2354.7 1854288
2355.2 1854288
2355.7 1854256
2356.2 1854256
2356.7 1854256
2357.2 1854320
2357.8 1854320
2358.3 1854320
2358.8 1854320
2359.3 1854320
2359.8 1854320
2360.3 1854320
2360.8 1854288
2361.3 1854288
2361.8 1854288
2362.3 1854288
2362.8 1854288
2363.3 1854288
2363.8 1854288
2364.3 1854288
2364.8 1854320
2365.3 1854320
2365.8 1854320
2366.3 1854320
2366.8 1854320
2367.3 1854320
2367.9 1854320
2368.4 1854320
2368.9 1854320
2369.4 1854320
2369.9 1860280
2370.4 1860768
2370.9 1860672
2371.4 1860784
2371.9 1860436
2372.4 1860296
2372.9 1860264
2373.4 1860656
2373.9 1860672
2374.4 1860420
2374.9 1860644
2375.4 1860520
2375.9 1860772
2376.4 1860756
2376.9 1860504
2377.4 1860464
2377.9 1860560
2378.4 1861896
2378.9 1861444
2379.4 1861020
2379.9 1860756
2380.4 1860788
2380.9 1860628
2381.4 1860628
2381.9 1860820
2382.4 1860156
2382.9 1860820
2383.4 1861212
2383.9 1860756
2384.4 1860772
2384.9 1860800
2385.4 1860548
2385.9 1860704
2386.4 1860500
2386.9 1860328
2387.4 1860296
2387.9 1860580
2388.4 1859932
2388.9 1860500
2389.4 1860452
2389.9 1860844
2390.4 1860668
2390.9 1860212
2391.4 1860308
2391.9 1854884
2392.4 1854916
2392.9 1854916
2393.4 1854916
2393.9 1854884
2394.4 1854884
2394.9 1854884
2395.4 1854884
2395.9 1854884
2396.4 1854884
2396.9 1854884
2397.4 1854884
2397.9 1854852
2398.4 1854852
2398.9 1854852
2399.4 1854852
2400.0 1854916
2400.5 1854916
2401.0 1854916
2401.5 1854916
2402.0 1854916
2402.5 1854916
2403.0 1854884
2403.5 1854884
2404.1 1854884
2404.6 1854884
2405.1 1854884
2405.6 1854884
2406.1 1854884
2406.6 1854884
2407.1 1854948
2407.6 1854916
2408.1 1854916
2408.6 1854916
2409.1 1854916
2409.6 1854916
2410.1 1854916
2410.6 1854916
2411.1 1854916
2411.6 1854916
2412.1 1854884
2412.6 1854884
2413.1 1854884
2413.6 1854884
2414.1 1854884
2414.6 1858672
2415.1 1860448
2415.6 1861068
2416.1 1860804
2416.6 1860724
2417.1 1860440
2417.6 1860380
2418.1 1860680
2418.6 1860648
2419.1 1860820
2419.6 1860936
2420.1 1861080
2420.6 1860576
2421.1 1860512
2421.6 1860608
2422.1 1860528
2422.6 1860528
2423.1 1860592
2423.6 1860448
2424.1 1860560
2424.6 1860032
2425.1 1860220
2425.6 1860584
2426.1 1860992
2426.6 1861136
2427.1 1860916
2427.6 1861136
2428.1 1860820
2428.6 1860852
2429.1 1860612
2429.6 1860780
2430.1 1860908
2430.6 1860608
2431.1 1860764
2431.6 1860732
2432.1 1860764
2432.6 1860764
2433.1 1860700
2433.6 1860700
2434.1 1860560
2434.6 1860724
2435.1 1860440
2435.6 1860300
2436.1 1860488
2436.6 1860376
2437.1 1854808
2437.6 1854808
2438.1 1854776
2438.6 1854776
2439.1 1854776
2439.6 1854776
2440.1 1854772
2440.7 1854772
2441.2 1854804
2441.7 1854804
2442.2 1854804
2442.7 1854804
2443.2 1854772
2443.7 1854772
2444.2 1854772
2444.7 1854772
2445.2 1854772
2445.7 1854772
2446.2 1854772
2446.7 1854772
2447.2 1854740
2447.7 1854740
2448.2 1854740
2448.7 1854740
2449.2 1854804
2449.8 1854804
2450.3 1854804
2450.8 1854804
2451.3 1854804
2451.8 1854804
2452.3 1854772
2452.9 1854772
2453.4 1854772
2453.9 1854772
2454.4 1854772
2454.9 1854772
2455.4 1854772
2455.9 1854772
2456.4 1854836
2456.9 1854804
2457.4 1854804
2457.9 1854804
2458.4 1854804
2458.9 1854804
2459.4 1854804
2459.9 1860356
2460.4 1860468
2460.9 1860532
2461.4 1860468
2461.9 1860032
2462.4 1860800
2462.9 1860972
2463.4 1860388
2463.9 1860452
2464.4 1860500
2464.9 1860460
2465.4 1860916
2465.9 1861044
2466.4 1860980
2466.9 1860648
2467.4 1860380
2467.9 1860412
2468.4 1860616
2468.9 1860560
2469.4 1860752
2469.9 1860544
2470.4 1860100
2470.9 1860244
2471.4 1860120
2471.9 1860324
2472.4 1860544
2472.9 1860908
2473.4 1860716
2473.9 1861032
2474.4 1860464
2474.9 1860540
2475.4 1860524
2475.9 1860460
2476.4 1860980
2476.9 1860808
2477.4 1860964
2477.9 1861012
2478.4 1860776
2478.9 1860600
2479.4 1860776
2479.9 1860388
2480.4 1860124
2480.9 1860436
2481.4 1860468
2481.9 1854540
2482.4 1854604
2482.9 1854572
2483.4 1854572
2483.9 1854572
2484.4 1854572
2484.9 1854568
2485.4 1854568
2485.9 1854568
2486.4 1854568
2486.9 1854568
2487.4 1854568
2487.9 1854536
2488.4 1854536
2488.9 1854536
2489.4 1854536
2489.9 1854536
2490.4 1854568
2491.0 1854568
2491.5 1854568
2492.0 1854568
2492.5 1854536
2493.0 1854536
2493.5 1854536
2494.0 1854536
2494.5 1854536
2495.0 1854536
2495.5 1854536
2496.0 1854536
2496.5 1854536
2497.0 1854536
2497.5 1854568
2498.0 1854568
2498.5 1854568
2499.0 1854568
2499.5 1854568
2500.0 1854568
2500.5 1854568
2501.1 1854568
2501.6 1854536
2502.1 1854536
2502.6 1854536
2503.1 1854536
2503.6 1854536
2504.1 1854536
2504.6 1854536
2505.1 1860596
2505.6 1860344
2506.1 1860532
2506.6 1860596
2507.1 1860820
2507.6 1860864
2508.1 1860644
2508.6 1860376
2509.1 1860504
2509.6 1860440
2510.1 1860624
2510.6 1860372
2511.1 1860372
2511.6 1860260
2512.1 1860560
2512.6 1861020
2513.1 1860592
2513.6 1860672
2514.1 1860560
2514.6 1860244
2515.1 1860448
2515.6 1860352
2516.1 1860288
2516.6 1860368
2517.1 1860180
2517.6 1860156
2518.1 1860700
2518.6 1860304
2519.1 1860496
2519.6 1860368
2520.1 1860460
2520.6 1860064
2521.1 1860712
2521.6 1860300
2522.1 1860648
2522.6 1860836
2523.1 1860364
2523.6 1860600
2524.1 1860520
2524.6 1860584
2525.1 1860672
2525.6 1860688
2526.1 1860704
2526.6 1860532
2527.2 1853996
2527.7 1853996
2528.2 1853996
2528.7 1853996
2529.2 1853996
2529.7 1854060
2530.2 1854020
2530.7 1854020
2531.2 1854020
2531.7 1854020
2532.2 1854020
2532.7 1854020
2533.2 1854020
2533.8 1854020
2534.3 1854020
2534.8 1854020
2535.3 1854020
2535.8 1853988
2536.4 1853988
2536.9 1853988
2537.4 1854020
2537.9 1854020
2538.4 1854020
2538.9 1854020
2539.4 1854020
2539.9 1853988
2540.4 1853988
2540.9 1853988
2541.4 1853988
2541.9 1853988
2542.4 1853988
2542.9 1853988
2543.4 1853988
2543.9 1853988
2544.4 1854020
2544.9 1854020
2545.4 1854020
2545.9 1854020
2546.4 1854020
2546.9 1854020
2547.4 1854020
2547.9 1854020
2548.4 1854020
2548.9 1854020
2549.4 1854020
2549.9 1860620
2550.4 1860840
2550.9 1860648
2551.4 1860712
2551.9 1860664
2552.4 1860680
2552.9 1860696
2553.4 1860696
2553.9 1860412
2554.4 1860696
2554.9 1860704
2555.4 1860720
2555.9 1860768
2556.4 1860656
2556.9 1860040
2557.4 1860292
2557.9 1860292
2558.4 1860008
2558.9 1860372
2559.4 1860040
2559.9 1859612
2560.4 1859972
2560.9 1860676
2561.4 1860408
2561.9 1860172
2562.4 1860328
2562.9 1860944
2563.4 1860784
2563.9 1860564
2564.4 1860548
2564.9 1860400
2565.4 1860400
2565.9 1860572
2566.4 1860212
2566.9 1860336
2567.4 1860604
2567.9 1860588
2568.4 1860936
2568.9 1860920
2569.4 1860760
2569.9 1860880
2570.4 1860692
2570.9 1860296
2571.4 1860708
2571.9 1854792
2572.4 1854792
2572.9 1854760
2573.5 1854760
2574.0 1854760
2574.5 1854760
2575.0 1854760
2575.5 1854788
2576.0 1854788
2576.5 1854788
2577.0 1854788
2577.5 1854756
2578.0 1854756
2578.5 1854756
2579.0 1854756
2579.5 1854756
2580.0 1854756
2580.6 1854756
2581.1 1854756
2581.6 1854756
2582.1 1854756
2582.6 1854788
2583.1 1854788
2583.6 1854788
2584.2 1854788
2584.7 1854788
2585.2 1854788
2585.7 1854788
2586.2 1854788
2586.7 1854788
2587.2 1854788
2587.7 1854756
2588.2 1854756
2588.8 1854756
2589.3 1854756
2589.8 1854756
2590.3 1854756
2590.8 1854788
2591.3 1854788
2591.8 1854756
2592.3 1854756
2592.8 1854756
2593.3 1854756
2593.8 1854756
2594.3 1854756
2594.8 1861180
2595.3 1860568
2595.8 1861528
2596.3 1861680
2596.8 1860544
2597.3 1860512
2597.8 1860528
2598.3 1860576
2598.8 1860592
2599.3 1860496
2599.8 1860728
2600.3 1860300
2600.8 1860268
2601.3 1861060
2601.8 1860996
2602.3 1860960
2602.8 1861012
2603.3 1861480
2603.8 1860948
2604.3 1861124
2604.8 1860372
2605.3 1860496
2605.8 1860576
2606.3 1860608
2606.8 1860056
2607.3 1860072
2607.8 1860024
2608.3 1860404
2608.8 1860796
2609.3 1860924
2609.8 1860772
2610.3 1860788
2610.8 1860836
2611.3 1860648
2611.8 1860348
2612.3 1860836
2612.8 1861260
2613.3 1861088
2613.8 1860852
2614.3 1860756
2614.8 1860548
2615.3 1860124
2615.8 1859760
2616.3 1860360
2616.9 1853536
2617.4 1853536
2617.9 1853536
2618.4 1853536
2618.9 1853536
2619.4 1853536
2620.0 1853504
2620.5 1853504
2621.0 1853500
2621.5 1853500
2622.0 1853500
2622.5 1853500
2623.0 1853500
2623.5 1853500
2624.0 1853532
2624.5 1853532
2625.0 1853532
2625.5 1853532
2626.0 1853500
2626.5 1853500
2627.0 1853500
2627.5 1853500
2628.0 1853500
2628.5 1853500
2629.0 1853500
2629.5 1853468
2630.1 1853532
2630.6 1853532
2631.1 1853532
2631.6 1853532
2632.1 1853532
2632.6 1853532
2633.1 1853532
2633.7 1853532
2634.2 1853500
2634.7 1853500
2635.2 1853500
2635.7 1853500
2636.2 1853500
2636.7 1853500
2637.2 1853500
2637.7 1853532
2638.2 1853532
2638.7 1853532
2639.2 1853532
2639.7 1860336
2640.2 1859868
2640.7 1859976
2641.2 1860340
2641.7 1860800
2642.2 1860584
2642.7 1860772
2643.2 1860488
2643.7 1860552
2644.2 1860380
2644.7 1859980
2645.2 1860060
2645.7 1860028
2646.2 1859792
2646.7 1859808
2647.2 1859792
2647.7 1859824
2648.2 1859776
2648.7 1860172
2649.2 1860900
2649.7 1860876
2650.2 1861508
2650.7 1860928
2651.2 1860612
2651.7 1860468
2652.2 1860752
2652.7 1860516
2653.2 1860484
2653.7 1860660
2654.2 1860156
2654.7 1860640
2655.2 1859820
2655.7 1860056
2656.2 1860640
2656.7 1860168
2657.2 1860056
2657.7 1860308
2658.2 1860372
2658.7 1860372
2659.2 1860480
2659.7 1860272
2660.2 1859828
2660.7 1860904
2661.2 1860476
2661.7 1860164
2662.2 1860480
2662.7 1860524
2663.2 1854924
2663.7 1854924
2664.2 1854924
2664.7 1854924
2665.2 1854924
2665.7 1854920
2666.2 1854920
2666.7 1854888
2667.2 1854888
2667.8 1854888
2668.3 1854888
2668.8 1854888
2669.3 1854888
2669.8 1854920
2670.3 1854920
2670.8 1854920
2671.3 1854920
2671.8 1854888
2672.4 1854888
2672.9 1854888
2673.4 1854888
2673.9 1854888
2674.4 1854888
2674.9 1854888
2675.4 1854888
2675.9 1854856
2676.4 1854856
2676.9 1854920
2677.4 1854920
2677.9 1854920
2678.5 1854920
2679.0 1854920
2679.5 1854920
2680.0 1854920
2680.5 1854920
2681.0 1854888
2681.5 1854888
2682.0 1854888
2682.5 1854888
2683.0 1854888
2683.5 1854888
2684.1 1854920
2684.6 1854920
2685.1 1860780
2685.6 1860876
2686.1 1860544
2686.6 1860072
2687.1 1860024
2687.6 1860088
2688.1 1859756
2688.6 1859756
2689.1 1859900
2689.6 1859916
2690.1 1860636
2690.6 1861016
2691.1 1860628
2691.6 1860784
2692.1 1860944
2692.6 1860912
2693.1 1860516
2693.6 1860848
2694.1 1860824
2694.6 1860700
2695.1 1860700
2695.6 1860572
2696.1 1860540
2696.6 1860952
2697.1 1860732
2697.6 1860556
2698.1 1860696
2698.6 1860792
2699.1 1860536
2699.6 1860540
2700.1 1860740
2700.6 1860600
2701.1 1860396
2701.6 1860144
2702.1 1860996
2702.6 1860792
2703.1 1860332
2703.6 1860584
2704.1 1860552
2704.6 1860552
2705.1 1860800
2705.6 1860488
2706.1 1860140
2706.6 1860516
2707.1 1854520
2707.6 1854520
2708.1 1854520
2708.6 1854520
2709.1 1854552
2709.6 1854552
2710.1 1854552
2710.6 1854552
2711.1 1854552
2711.6 1854552
2712.1 1854552
2712.7 1854552
2713.2 1854552
2713.7 1854552
2714.2 1854520
2714.7 1854520
2715.2 1854520
2715.7 1854520
2716.2 1854552
2716.7 1854552
2717.2 1854552
2717.7 1854552
2718.2 1854520
2718.7 1854520
2719.2 1854520
2719.8 1854520
2720.3 1854520
2720.8 1854520
2721.3 1854520
2721.8 1854520
2722.3 1854520
2722.8 1854520
2723.3 1854488
2723.8 1854552
2724.3 1854552
2724.9 1854552
2725.4 1854552
2725.9 1854552
2726.4 1854552
2726.9 1854552
2727.5 1854552
2728.0 1854520
2728.5 1854520
2729.0 1854520
2729.5 1854520
2730.0 1861080
2730.5 1860604
2731.0 1860288
2731.5 1860492
2732.0 1860680
2732.5 1860652
2733.0 1860556
2733.5 1860272
2734.0 1860336
2734.5 1860132
2735.0 1860548
2735.5 1861116
2736.0 1860944
2736.5 1861320
2737.0 1860784
2737.5 1861416
2738.0 1860808
2738.5 1860840
2739.0 1860872
2739.5 1860336
2740.0 1860600
2740.5 1861216
2741.0 1860868
2741.5 1860708
2742.0 1860960
2742.5 1860836
2743.0 1860676
2743.5 1860932
2744.0 1860552
2744.5 1860916
2745.0 1860940
2745.5 1860764
2746.0 1860748
2746.5 1860796
2747.0 1860384
2747.5 1860892
2748.0 1860748
2748.5 1860716
2749.0 1860672
2749.5 1860356
2750.0 1860460
2750.5 1860300
2751.0 1860604
2751.5 1860444
2752.0 1854844
2752.5 1854828
2753.0 1854828
2753.5 1854828
2754.0 1854828
2754.5 1854828
2755.0 1854824
2755.5 1854824
2756.0 1854856
2756.5 1854856
2757.0 1854856
2757.5 1854856
2758.0 1854856
2758.5 1854856
2759.0 1854856
2759.5 1854856
2760.0 1854856
2760.5 1854856
2761.0 1854856
2761.5 1854824
2762.0 1854824
2762.5 1854824
2763.0 1854824
2763.5 1854856
2764.0 1854856
2764.5 1854856
2765.0 1854856
2765.5 1854824
2766.0 1854824
2766.5 1854824
2767.0 1854824
2767.5 1854824
2768.0 1854824
2768.5 1854824
2769.0 1854824
2769.5 1854824
2770.0 1854792
2770.5 1854856
2771.0 1854856
2771.5 1854856
2772.0 1854856
2772.5 1854856
2773.0 1854856
2773.5 1854856
2774.0 1854856
2774.5 1854856
2775.0 1860464
2775.5 1860860
2776.0 1860860
2776.5 1860796
2777.0 1860496
2777.5 1860416
2778.0 1860608
2778.5 1860576
2779.0 1861092
2779.5 1860600
2780.0 1860612
2780.5 1860184
2781.0 1860232
2781.5 1860564
2782.0 1860468
2782.5 1860752
2783.0 1860752
2783.5 1860880
2784.0 1860848
2784.5 1860800
2785.0 1860524
2785.5 1860744
2786.0 1860964
2786.5 1860872
2787.0 1860980
2787.5 1860728
2788.0 1860856
2788.5 1860572
2789.0 1860744
2789.5 1860904
2790.0 1860488
2790.5 1860220
2791.0 1860284
2791.5 1860380
2792.0 1860428
2792.5 1860156
2793.0 1860396
2793.5 1860048
2794.0 1860768
2794.5 1860852
2795.0 1860748
2795.5 1861112
2796.0 1860892
2796.5 1860496
2797.0 1854720
2797.5 1854720
2798.0 1854688
2798.5 1854688
2799.0 1854688
2799.5 1854688
2800.0 1854688
2800.5 1854684
2801.0 1854684
2801.5 1854684
2802.0 1854684
2802.5 1854684
2803.0 1854684
2803.5 1854716
2804.0 1854716
2804.5 1854716
2805.0 1854716
2805.5 1854716
2806.1 1854716
2806.6 1854716
2807.1 1854716
2807.6 1854684
2808.1 1854684
2808.6 1854684
2809.1 1854684
2809.6 1854684
2810.1 1854716
2810.6 1854716
2811.1 1854716
2811.6 1854716
2812.1 1854716
2812.6 1854684
2813.1 1854684
2813.6 1854684
2814.1 1854684
2814.6 1854684
2815.1 1854684
2815.6 1854684
2816.1 1854684
2816.6 1854652
2817.1 1854652
2817.6 1854716
2818.1 1854716
2818.6 1854716
2819.1 1854716
2819.6 1854716
2820.1 1860460
2820.6 1860572
2821.1 1860492
2821.6 1860524
2822.1 1860700
2822.6 1860768
2823.1 1860452
2823.6 1860880
2824.1 1860800
2824.6 1860388
2825.1 1860348
2825.6 1860760
2826.1 1860540
2826.6 1860664
2827.1 1860744
2827.6 1860680
2828.1 1860680
2828.6 1860316
2829.1 1860508
2829.6 1860556
2830.1 1860024
2830.6 1860296
2831.1 1859696
2831.6 1860200
2832.1 1860728
2832.6 1860712
2833.1 1860412
2833.6 1860572
2834.1 1860380
2834.6 1860524
2835.1 1860436
2835.6 1860752
2836.1 1860720
2836.6 1860624
2837.1 1860672
2837.6 1860432
2838.1 1860880
2838.6 1860876
2839.1 1860784
2839.6 1860436
2840.1 1860828
2840.6 1860416
2841.1 1860780
2841.6 1860684
2842.1 1854808
2842.6 1854808
2843.1 1854808
2843.7 1854808
2844.2 1854776
2844.7 1854776
2845.2 1854776
2845.7 1854772
2846.2 1854772
2846.7 1854772
2847.2 1854772
2847.7 1854772
2848.2 1854836
2848.7 1854804
2849.2 1854804
2849.7 1854804
2850.2 1854804
2850.7 1854804
2851.2 1854804
2851.7 1854804
2852.2 1854804
2852.7 1854804
2853.2 1854804
2853.7 1854804
2854.2 1854804
2854.7 1854772
2855.2 1854772
2855.7 1854772
2856.2 1854772
2856.7 1854804
2857.2 1854804
2857.7 1854804
2858.2 1854772
2858.7 1854772
2859.2 1854772
2859.7 1854772
2860.2 1854772
2860.7 1854772
2861.2 1854772
2861.8 1854772
2862.3 1854772
2862.8 1854804
2863.3 1854804
2863.8 1854804
2864.3 1854804
2864.8 1854804
2865.3 1860540
2865.8 1860588
2866.3 1860776
2866.8 1860776
2867.3 1860556
2867.8 1861104
2868.3 1860784
2868.8 1860752
2869.3 1860720
2869.8 1860752
2870.3 1860888
2870.8 1860780
2871.3 1860972
2871.8 1860684
2872.3 1860684
2872.8 1860700
2873.3 1861504
2873.8 1861392
2874.3 1861588
2874.8 1861140
2875.3 1860972
2875.8 1861384
2876.3 1860780
2876.8 1860468
2877.3 1860312
2877.8 1860544
2878.3 1860728
2878.8 1860568
2879.3 1860648
2879.8 1860760
2880.3 1860660
2880.8 1860772
2881.3 1860612
2881.8 1860960
2882.3 1860632
2882.8 1859872
2883.3 1859904
2883.8 1860268
2884.3 1860536
2884.8 1860724
2885.3 1860972
2885.8 1860768
2886.3 1860404
2886.8 1860768
2887.3 1854596
2887.8 1854596
2888.3 1854596
2888.8 1854596
2889.3 1854628
2889.8 1854628
2890.3 1854620
2890.8 1854620
2891.3 1854588
2892.0 1854588
2892.5 1854588
2893.0 1854588
2893.5 1854588
2894.0 1854588
2894.5 1854588
2895.1 1854588
2895.6 1854588
2896.1 1854588
2896.6 1854620
2897.1 1854620
2897.6 1854620
2898.1 1854620
2898.6 1854620
2899.1 1854620
2899.6 1854620
2900.1 1854620
2900.6 1854588
2901.1 1854588
2901.6 1854588
2902.1 1854588
2902.6 1854588
2903.1 1854588
2903.6 1854588
2904.1 1854620
2904.6 1854620
2905.1 1854620
2905.6 1854588
2906.1 1854588
2906.6 1854584
2907.1 1854584
2907.6 1854584
2908.1 1854584
2908.6 1854584
2909.1 1854584
2909.6 1854584
2910.1 1860676
2910.6 1860660
2911.1 1860568
2911.6 1860360
2912.1 1860472
2912.6 1860788
2913.1 1860516
2913.6 1860548
2914.1 1860836
2914.6 1860772
2915.1 1860724
2915.6 1860424
2916.1 1861024
2916.6 1860692
2917.1 1861216
2917.6 1861024
2918.1 1860724
2918.6 1861024
2919.1 1860992
2919.6 1861008
2920.1 1860504
2920.6 1860852
2921.1 1860772
2921.6 1860900
2922.1 1860724
2922.6 1860016
2923.1 1860044
2923.6 1860284
2924.1 1860488
2924.6 1860692
2925.1 1860488
2925.6 1861024
2926.1 1860852
2926.6 1860756
2927.1 1861008
2927.6 1860752
2928.1 1861132
2928.6 1860724
2929.1 1860628
2929.6 1860440
2930.1 1860676
2930.6 1860344
2931.1 1860392
2931.6 1860344
2932.1 1854728
2932.6 1854696
2933.2 1854696
2933.7 1854696
2934.2 1854696
2934.7 1854760
2935.2 1854760
2935.7 1854760
2936.2 1854760
2936.7 1854760
2937.2 1854760
2937.7 1854728
2938.2 1854728
2938.7 1854728
2939.2 1854728
2939.7 1854728
2940.2 1854728
2940.7 1854728
2941.2 1854728
2941.7 1854792
2942.3 1854760
2942.8 1854760
2943.3 1854760
2943.8 1854760
2944.3 1854760
2944.8 1854760
2945.3 1854760
2945.8 1854760
2946.3 1854760
2946.8 1854728
2947.3 1854728
2947.8 1854728
2948.3 1854728
2948.8 1854728
2949.3 1854728
2949.8 1854760
2950.3 1854760
2950.8 1854760
2951.3 1854760
2951.8 1854728
2952.3 1854728
2952.8 1854728
2953.3 1854728
2953.8 1854728
2954.3 1854728
2954.8 1857992
2955.3 1860532
2955.8 1860772
2956.3 1860596
2956.8 1860504
2957.3 1860392
2957.8 1860360
2958.3 1860772
2958.8 1860376
2959.3 1860424
2959.8 1860788
2960.3 1860328
2960.8 1860344
2961.3 1860392
2961.8 1860456
2962.3 1860928
2962.8 1860740
2963.3 1860456
2963.8 1860280
2964.3 1860624
2964.8 1860676
2965.3 1860440
2965.8 1860676
2966.3 1860740
2966.8 1860500
2967.3 1860628
2967.8 1860312
2968.3 1860816
2968.8 1860376
2969.3 1861104
2969.8 1860484
2970.3 1860960
2970.8 1860628
2971.3 1860532
2971.8 1860708
2972.3 1860800
2972.8 1860628
2973.3 1860472
2973.8 1860736
2974.3 1860484
2974.8 1860864
2975.3 1860740
2975.8 1860596
2976.3 1860740
2976.8 1860344
2977.3 1854444
2977.8 1854444
2978.3 1854444
2978.8 1854444
2979.3 1854444
2979.8 1854412
2980.3 1854412
2980.8 1854412
2981.3 1854412
2981.9 1854412
2982.4 1854412
2982.9 1854412
2983.4 1854412
2983.9 1854444
2984.4 1854412
2985.0 1854412
2985.5 1854412
2986.0 1854412
2986.5 1854412
2987.0 1854412
2987.5 1854412
2988.0 1854412
2988.5 1854412
2989.0 1854380
2989.5 1854380
2990.0 1854380
2990.5 1854380
2991.0 1854444
2991.6 1854444
2992.1 1854444
2992.6 1854444
2993.1 1854444
2993.6 1854444
2994.1 1854412
2994.6 1854412
2995.1 1854412
2995.6 1854412
2996.1 1854412
2996.6 1854412
2997.1 1854412
2997.6 1854412
2998.1 1854412
2998.6 1854412
2999.1 1854444
2999.6 1854444
3000.1 1860480
