0.5 1883776
1.0 1883776
2.8 1883776
6.6 1883744
7.1 1883744
8.0 1883744
9.9 1883744
11.8 1883744
14.3 1883744
14.8 1883776
15.3 1883776
17.1 1883744
19.0 1883744
22.8 1883744
26.3 1883744
28.1 1883744
29.3 1883744
29.8 1883744
30.3 1896096
30.8 1896952
31.3 1896796
31.8 1897476
32.3 1897516
32.8 1897332
33.3 1897444
33.8 1897452
34.3 1898148
34.8 1897380
35.3 1897564
35.8 1897612
36.3 1897532
36.8 1897340
37.3 1897376
37.8 1896996
38.3 1897076
38.8 1897044
39.3 1897156
39.8 1897172
40.3 1897260
40.8 1898044
41.3 1897984
41.8 1897072
42.3 1896648
42.8 1896648
43.3 1896884
43.8 1896648
44.3 1896396
44.8 1896884
45.3 1897236
45.8 1890904
46.3 1891232
46.8 1891296
47.3 1891328
47.8 1891752
48.3 1891156
48.8 1891152
49.3 1890856
49.8 1889924
50.3 1889652
50.8 1889700
51.3 1890112
51.8 1889732
52.3 1889604
52.8 1889636
53.3 1889844
53.8 1883696
54.3 1883696
57.9 1883660
59.8 1883660
63.4 1883660
65.3 1883660
67.2 1883660
72.6 1883660
73.5 1883660
74.5 1883628
75.0 1889832
75.5 1890396
76.0 1890004
76.5 1889768
77.0 1889312
77.5 1889404
78.0 1889688
78.5 1889576
79.0 1889876
79.5 1890052
80.0 1889920
80.5 1890024
81.0 1889896
81.5 1889864
82.0 1890008
82.5 1889944
83.0 1890024
83.5 1889896
84.0 1889960
84.5 1890040
85.0 1889916
85.5 1889456
86.0 1889600
86.5 1889896
87.0 1890228
87.5 1889880
88.0 1890148
88.5 1890024
89.0 1890088
89.5 1889976
90.0 1890032
90.5 1890460
91.0 1890160
91.5 1890272
92.0 1890128
92.5 1890160
93.0 1889924
93.5 1890096
94.0 1890080
94.5 1890192
95.0 1889988
95.5 1889844
96.0 1890004
96.5 1889924
97.0 1889592
97.5 1889972
98.0 1886836
98.5 1883920
100.3 1883920
105.8 1883888
106.3 1883888
106.8 1883888
108.6 1883952
109.1 1883952
109.6 1883952
110.1 1883952
110.6 1883952
112.4 1883952
114.3 1883920
116.2 1883920
119.5 1883920
120.0 1890192
120.5 1889956
121.0 1890240
121.5 1890384
122.0 1890320
122.5 1890036
123.0 1890128
123.5 1890192
124.0 1890208
124.5 1890240
125.0 1890280
125.5 1890376
126.0 1890312
126.5 1890172
127.0 1890456
127.5 1889996
128.0 1890232
128.5 1890220
129.0 1890296
129.5 1890280
130.0 1890004
130.5 1889736
131.0 1890084
131.5 1890572
132.0 1889972
132.5 1890176
133.0 1890192
133.5 1890224
134.0 1890128
134.5 1889940
135.0 1890032
135.5 1889964
136.0 1890188
136.5 1889968
137.0 1890284
137.5 1890284
138.0 1890156
138.5 1890300
139.0 1889968
139.5 1889984
140.0 1889616
140.5 1890108
141.0 1890164
141.5 1889680
142.0 1889540
142.5 1889336
143.0 1883004
143.5 1883004
144.0 1883004
145.9 1883004
146.4 1883004
146.9 1883004
147.4 1883004
147.9 1882972
149.6 1882972
156.8 1882972
157.3 1882972
159.2 1883004
159.7 1883004
161.6 1883004
163.5 1882972
164.0 1882972
164.5 1882972
165.0 1889240
165.5 1889540
166.0 1889380
166.5 1889484
167.0 1889548
167.5 1889388
168.0 1889404
168.5 1889816
169.0 1890172
169.5 1890368
170.0 1889984
170.5 1889856
171.0 1890172
171.5 1890236
172.0 1890204
172.5 1890060
173.0 1890156
173.5 1889888
174.0 1890316
174.5 1890172
175.0 1889976
175.5 1889584
176.0 1889692
176.5 1889424
177.0 1888888
177.5 1889060
178.0 1889156
178.5 1889156
179.0 1889172
179.5 1889472
180.0 1889552
180.5 1889276
181.0 1889544
181.5 1889352
182.0 1889480
182.5 1889464
183.0 1889892
183.5 1890064
184.0 1890268
184.5 1889984
185.0 1889952
185.5 1890172
186.0 1889808
186.5 1889840
187.0 1889984
187.5 1883600
188.0 1883632
188.5 1883632
189.0 1883632
189.5 1883632
190.0 1883632
190.5 1883632
191.0 1883624
191.6 1883624
192.1 1883624
192.6 1883624
193.1 1883624
193.6 1883592
194.1 1883592
194.6 1883592
195.1 1883592
195.6 1883592
196.1 1883624
196.6 1883624
197.1 1883624
197.6 1883592
198.1 1883592
198.6 1883592
199.2 1883592
199.7 1883592
200.2 1883592
200.7 1883592
201.2 1883592
201.7 1883592
202.2 1883592
202.7 1883592
203.2 1883624
203.7 1883624
204.2 1883624
204.7 1883624
205.2 1883624
205.7 1883624
206.2 1883624
206.7 1883624
207.2 1883592
207.7 1883592
208.2 1883592
208.7 1883592
209.2 1883592
209.7 1890820
210.2 1890096
210.7 1889872
211.2 1889936
211.7 1889936
212.2 1889920
212.7 1889700
213.2 1889936
213.7 1890016
214.2 1890080
214.7 1890180
215.2 1889896
215.7 1890292
216.2 1890228
216.7 1889644
217.2 1890292
217.7 1889896
218.2 1889988
218.7 1890040
219.2 1890260
219.7 1890396
220.2 1890004
220.7 1890068
221.2 1889908
221.7 1889892
222.2 1889956
222.7 1889532
223.2 1889956
223.7 1890020
224.2 1889940
224.7 1889820
225.2 1889348
225.7 1889588
226.2 1889256
226.7 1889540
227.2 1889476
227.7 1889712
228.2 1889444
228.7 1889380
229.2 1889460
229.7 1889784
230.2 1889672
230.7 1889936
231.2 1889372
231.7 1883936
232.2 1883936
232.8 1883936
233.3 1883936
233.8 1883968
234.3 1883936
234.8 1883928
235.3 1883928
235.8 1883928
236.3 1883928
236.8 1883928
237.3 1883928
237.8 1883928
238.3 1883928
238.8 1883896
239.3 1883896
239.8 1883896
240.3 1883896
240.8 1883960
241.3 1883960
241.9 1883960
242.4 1883960
242.9 1883960
243.4 1883960
243.9 1883960
244.4 1883960
244.9 1883928
245.4 1883928
245.9 1883928
246.4 1883928
246.9 1883928
247.5 1883928
248.0 1883992
248.5 1883960
249.0 1883960
249.5 1883960
250.0 1883960
250.5 1883960
251.0 1883960
251.5 1883960
252.0 1883960
252.7 1883960
253.6 1883928
254.5 1883928
255.0 1890168
255.5 1889852
256.0 1889692
256.5 1890056
257.0 1890104
257.5 1889868
258.0 1889836
258.5 1889852
259.0 1889884
259.5 1889916
260.0 1889336
260.5 1890128
261.0 1890080
261.5 1890144
262.0 1890204
262.5 1889656
263.0 1889748
263.5 1889828
264.0 1890096
264.5 1890160
265.0 1890136
265.5 1889788
266.0 1890008
266.5 1890120
267.0 1890372
267.5 1889908
268.0 1889716
268.5 1889828
269.0 1890000
269.5 1889624
270.0 1889588
270.5 1889540
271.0 1889604
271.5 1889556
272.0 1890172
272.5 1890048
273.0 1890108
273.5 1890016
274.0 1890136
274.5 1890108
275.0 1890164
275.5 1890020
276.0 1890448
276.5 1890132
277.0 1890148
277.5 1889864
278.0 1890304
278.5 1883924
279.0 1883924
279.5 1883924
280.1 1883916
281.0 1883916
281.5 1883916
282.2 1883916
282.7 1883916
283.2 1883884
283.8 1883884
284.3 1883884
284.9 1883884
285.4 1883916
285.9 1883916
286.7 1883916
287.2 1883916
287.7 1883916
288.2 1883884
288.8 1883884
289.8 1883884
290.4 1883884
291.2 1883884
292.1 1883884
293.1 1883884
293.6 1883884
294.1 1883884
294.6 1883884
295.1 1883916
296.3 1883916
296.8 1883916
297.3 1883916
297.8 1883916
298.3 1883916
298.8 1883916
299.3 1883916
299.8 1891136
300.3 1889984
300.8 1890000
301.3 1889824
301.8 1889824
302.3 1890076
302.8 1890180
303.3 1890288
303.8 1890188
304.3 1890676
304.8 1890764
305.3 1890088
305.8 1890152
306.3 1890104
306.8 1890108
307.3 1890136
307.8 1889976
308.3 1889844
308.8 1890224
309.3 1890176
309.8 1890136
310.3 1890072
310.8 1890152
311.3 1889916
311.8 1890028
312.3 1888984
312.8 1889428
313.3 1889616
313.8 1889648
314.3 1889536
314.8 1889656
315.3 1889640
315.8 1889196
316.3 1889324
316.8 1889340
317.3 1889372
317.8 1889544
318.3 1889720
318.8 1889388
319.3 1890020
319.8 1890008
320.3 1889996
320.8 1889836
321.3 1889788
321.8 1890028
322.3 1890444
322.8 1889868
323.3 1883952
323.8 1883920
324.4 1883920
325.0 1883920
325.5 1883912
326.7 1883912
327.2 1883912
329.8 1883912
331.6 1883912
332.3 1883880
333.4 1883880
333.9 1883880
335.2 1883944
336.1 1883944
337.2 1883944
338.0 1883944
338.5 1883944
340.7 1883944
341.5 1883944
342.0 1883912
344.5 1883912
345.0 1889780
345.5 1890284
346.0 1889812
346.5 1890096
347.0 1889984
347.5 1889968
348.0 1890064
348.5 1889968
349.0 1890064
349.5 1890096
350.0 1890088
350.5 1889992
351.0 1889912
351.5 1890072
352.0 1889708
352.5 1890120
353.0 1890072
353.5 1889912
354.0 1890088
354.5 1889804
355.0 1889920
355.5 1890080
356.0 1889812
356.5 1889860
357.0 1889860
357.5 1890064
358.0 1889936
358.5 1889764
359.0 1889732
359.5 1889904
360.0 1889960
360.5 1890024
361.0 1889756
361.5 1889628
362.0 1890528
362.5 1890096
363.0 1889416
363.5 1889860
364.0 1889952
364.5 1889984
365.0 1889820
365.5 1890040
366.0 1889724
366.5 1890216
367.0 1890016
367.5 1889876
368.0 1884060
368.5 1884060
369.1 1884060
371.0 1884056
372.7 1884088
373.2 1884088
373.7 1884088
374.2 1884088
374.8 1884056
375.3 1884056
377.2 1884056
377.7 1884056
378.7 1884056
381.5 1884056
383.3 1884056
383.9 1884056
387.5 1884088
389.5 1884088
390.0 1890020
390.5 1890304
391.0 1889908
391.5 1890084
392.0 1889988
392.5 1890496
393.0 1890084
393.5 1890336
394.0 1889988
394.5 1890020
395.0 1890344
395.5 1889712
396.0 1889916
396.5 1889996
397.0 1889980
397.5 1890312
398.0 1890376
398.5 1890124
399.0 1890108
399.5 1889980
400.0 1889972
400.5 1890004
401.0 1889956
401.5 1890020
402.0 1889972
402.5 1890320
403.0 1890068
403.5 1889672
404.0 1889768
404.5 1889768
405.0 1890092
405.5 1889916
406.0 1890248
406.5 1889996
407.0 1889856
407.5 1889744
408.0 1889696
408.5 1889980
409.0 1889964
409.5 1889916
410.0 1890244
410.5 1890024
411.0 1890244
411.5 1890024
412.0 1890072
412.5 1890024
413.0 1884100
413.5 1884100
414.0 1884100
414.8 1884100
416.2 1884092
416.9 1884092
417.5 1884092
418.6 1884060
420.0 1884060
422.0 1884060
422.8 1884092
425.5 1884092
426.5 1884092
427.1 1884092
427.8 1884092
428.3 1884092
429.5 1884060
430.6 1884060
431.1 1884060
431.6 1884060
434.5 1885084
435.0 1890020
435.5 1889848
436.0 1889820
436.5 1889944
437.0 1889992
437.5 1889816
438.0 1889944
438.5 1890196
439.0 1890388
439.5 1889968
440.0 1890212
440.5 1890184
441.0 1889992
441.5 1890088
442.0 1890180
442.5 1889692
443.0 1889708
443.5 1889568
444.0 1889108
444.5 1889236
445.0 1889764
445.5 1889652
446.0 1890000
446.5 1889952
447.0 1890016
447.5 1890188
448.0 1890188
448.5 1890064
449.0 1889952
449.5 1890080
450.0 1889928
450.5 1890196
451.0 1889880
451.5 1889724
452.0 1889724
452.5 1890056
453.0 1890120
453.5 1889536
454.0 1890040
454.5 1889692
455.0 1889748
455.5 1889432
456.0 1889576
456.5 1889576
457.0 1889132
457.5 1889116
459.7 1883620
460.2 1883620
461.2 1883580
462.2 1883580
464.0 1883580
467.1 1883580
467.6 1883580
468.2 1883580
470.2 1883580
471.3 1883580
472.0 1883548
473.3 1883612
475.2 1883612
476.9 1883612
477.9 1883612
478.4 1883612
479.5 1883612
480.0 1889148
480.5 1889384
481.0 1889464
481.5 1889716
482.0 1889384
482.5 1889524
483.0 1889588
483.5 1889780
484.0 1889716
484.5 1889984
485.0 1889932
485.5 1889980
486.0 1889884
486.5 1890056
487.0 1889632
487.5 1889728
488.0 1889632
488.5 1889664
489.0 1889476
489.5 1889412
490.0 1889484
490.5 1889688
491.0 1889072
491.5 1889468
492.0 1889296
492.5 1889372
493.0 1889088
493.5 1889184
494.0 1889404
494.5 1889356
495.0 1889256
495.5 1889112
496.0 1889584
496.5 1889128
497.0 1889332
497.5 1889316
498.0 1889548
498.5 1889280
499.0 1889624
499.5 1889908
500.0 1889964
500.5 1889996
501.0 1889396
501.5 1890168
502.0 1890516
502.5 1890168
503.0 1887764
504.8 1883884
505.6 1883852
506.1 1883848
508.9 1883848
510.1 1883848
510.6 1883848
511.1 1883848
511.6 1883848
513.4 1883848
513.9 1883848
514.5 1883848
515.1 1883880
515.9 1883880
518.0 1883880
518.8 1883880
520.6 1883880
521.6 1883880
522.6 1883880
523.1 1883848
524.5 1883848
525.0 1889176
525.5 1889884
526.0 1890420
526.5 1890244
527.0 1890540
527.5 1890212
528.0 1890260
528.5 1889960
529.0 1890040
529.5 1889928
530.0 1889668
530.5 1889792
531.0 1889828
531.5 1890048
532.0 1890048
532.5 1890064
533.0 1890096
533.5 1890096
534.0 1889984
534.5 1889716
535.0 1890040
535.5 1890244
536.0 1890400
536.5 1889960
537.0 1890228
537.5 1890164
538.0 1890036
538.5 1890340
539.0 1889976
539.5 1889960
540.0 1890268
540.5 1890188
541.0 1890548
541.5 1890096
542.0 1889748
542.5 1889636
543.0 1889480
543.5 1889716
544.0 1889984
544.5 1890428
545.0 1890164
545.5 1890228
546.0 1890228
546.5 1890292
547.0 1890100
547.5 1890340
548.0 1884100
548.9 1884100
550.4 1884092
550.9 1884124
551.4 1884124
551.9 1884124
552.4 1884124
552.9 1884124
553.5 1884092
554.0 1884092
554.5 1884092
555.1 1884092
555.6 1884092
556.1 1884092
556.6 1884092
557.3 1884060
559.8 1884060
560.3 1884124
562.9 1884124
563.4 1884124
563.9 1884124
566.0 1884124
566.5 1884124
567.0 1884092
567.5 1884092
568.0 1884092
568.5 1884092
569.2 1884092
569.7 1891292
570.2 1889872
570.7 1889824
571.2 1889920
571.7 1890148
572.2 1890228
572.7 1890260
573.2 1890040
573.7 1890148
574.2 1889944
574.7 1889816
575.2 1889644
575.7 1889392
576.2 1890276
576.7 1889832
577.2 1890116
577.7 1889848
578.2 1889832
578.7 1889580
579.2 1889832
579.7 1889400
580.2 1889304
580.7 1889288
581.2 1889384
581.7 1889352
582.2 1889416
582.7 1889496
583.2 1889432
583.7 1889368
584.2 1889684
584.7 1890148
585.2 1890560
585.7 1890132
586.2 1890036
586.7 1889912
587.2 1889832
587.7 1889736
588.2 1889848
588.7 1890148
589.2 1889692
589.7 1889824
590.2 1889512
590.7 1890124
591.2 1889968
591.7 1889304
592.2 1889480
592.7 1889572
593.2 1883840
593.8 1883840
596.0 1883836
596.5 1883836
599.6 1883836
600.5 1883836
601.4 1883836
602.5 1883804
604.7 1883804
606.9 1883868
608.8 1883868
609.6 1883868
612.0 1883868
612.5 1883868
613.0 1883868
613.5 1883836
614.5 1883836
615.0 1889688
615.5 1889720
616.0 1889828
616.5 1889672
617.0 1890096
617.5 1890160
618.0 1890272
618.5 1890208
619.0 1890192
619.5 1890160
620.0 1890088
620.5 1890056
621.0 1890184
621.5 1889804
622.0 1890420
622.5 1890452
623.0 1890216
623.5 1890264
624.0 1889704
624.5 1890240
625.0 1890184
625.5 1890072
626.0 1890312
626.5 1890152
627.0 1889884
627.5 1890624
628.0 1889948
628.5 1890152
629.0 1890184
629.5 1890088
630.0 1890100
630.5 1889596
631.0 1889548
631.5 1889708
632.0 1889912
632.5 1889800
633.0 1890024
633.5 1889580
634.0 1889564
634.5 1889484
635.0 1889840
635.5 1889652
636.0 1889732
636.5 1889524
637.0 1889908
637.5 1889784
638.0 1884240
639.2 1884240
639.7 1884240
640.2 1884232
640.7 1884232
641.6 1884232
643.4 1884200
643.9 1884200
644.8 1884200
647.2 1884200
648.1 1884200
648.6 1884232
649.1 1884232
651.1 1884232
651.6 1884232
652.1 1884232
652.6 1884200
656.1 1884200
656.6 1884200
657.8 1884200
659.5 1884200
660.0 1889824
660.5 1889572
661.0 1889620
661.5 1889964
662.0 1889964
662.5 1889996
663.0 1890140
663.5 1890092
664.0 1890028
664.5 1890408
665.0 1889596
665.5 1889596
666.0 1889976
666.5 1889864
667.0 1889012
667.5 1889312
668.0 1889548
668.5 1889596
669.0 1890120
669.5 1890020
670.0 1890060
670.5 1889980
671.0 1889712
671.5 1889824
672.0 1889808
672.5 1889920
673.0 1889824
673.5 1889792
674.0 1890060
674.5 1889840
675.0 1890240
675.5 1889988
676.0 1889956
676.5 1890240
677.0 1890368
677.5 1890212
678.0 1889784
678.5 1889688
679.0 1889912
679.5 1889800
680.0 1889892
680.5 1889700
681.0 1889796
681.5 1890128
682.0 1889748
682.5 1890032
683.0 1883988
683.6 1883988
686.8 1884012
687.3 1884012
688.5 1884012
690.6 1884012
691.1 1884012
692.0 1884012
693.1 1884012
693.6 1884012
694.1 1884012
695.3 1883980
696.6 1883980
697.1 1883980
698.0 1883980
698.6 1883980
699.1 1883980
699.6 1884012
700.1 1884012
701.5 1883980
703.3 1883980
703.8 1883980
704.5 1883980
705.0 1889756
705.5 1890040
706.0 1889692
706.5 1889992
707.0 1889740
707.5 1889836
708.0 1889536
708.5 1889680
709.0 1889268
709.5 1889488
710.0 1889356
710.5 1889720
711.0 1889828
711.5 1889464
712.0 1889180
712.5 1889356
713.0 1889324
713.5 1889320
714.0 1889416
714.5 1889700
715.0 1889488
715.5 1889552
716.0 1889584
716.5 1889332
717.0 1889344
717.5 1889364
718.0 1889268
718.5 1889488
719.0 1889568
719.5 1889820
720.0 1890080
720.5 1889796
721.0 1890176
721.5 1890568
722.0 1889952
722.5 1889968
723.0 1890220
723.5 1890160
724.0 1889976
724.5 1890008
725.0 1890144
725.5 1890144
726.0 1889944
726.5 1890056
727.0 1890056
727.5 1890072
728.0 1884204
728.9 1884204
729.6 1884204
730.1 1884204
730.6 1884196
731.8 1884196
733.6 1884164
734.1 1884164
734.6 1884164
735.2 1884164
736.2 1884164
737.3 1884164
738.2 1884164
741.7 1884228
743.0 1884228
743.7 1884196
744.2 1884196
744.7 1884196
745.6 1884196
748.2 1884196
748.7 1884196
749.5 1884196
750.0 1889812
750.5 1889984
751.0 1889952
751.5 1889604
752.0 1889668
752.5 1889684
753.0 1889952
753.5 1889952
754.0 1889984
754.5 1889684
755.0 1889676
755.5 1889820
756.0 1890104
756.5 1889928
757.0 1890292
757.5 1890212
758.0 1890716
758.5 1890228
759.0 1890292
759.5 1890024
760.0 1889620
760.5 1889840
761.0 1889888
761.5 1890204
762.0 1889984
762.5 1889968
763.0 1890124
763.5 1889668
764.0 1889936
764.5 1890112
765.0 1889928
765.5 1890020
766.0 1890032
766.5 1890140
767.0 1890140
767.5 1890124
768.0 1889952
768.5 1889936
769.0 1889604
769.5 1890140
770.0 1889916
770.5 1889948
771.0 1889820
771.5 1890012
772.0 1889240
772.5 1889396
773.0 1884120
773.6 1884120
774.9 1884088
775.5 1884088
776.1 1884080
776.7 1884080
778.8 1884080
779.3 1884080
781.4 1884080
781.9 1884144
782.4 1884112
782.9 1884112
783.4 1884112
784.0 1884112
784.5 1884112
788.9 1884112
789.9 1884112
790.4 1884112
792.1 1884080
792.7 1884080
793.8 1884080
794.5 1884080
795.0 1889924
795.5 1890368
796.0 1889796
796.5 1889956
797.0 1890192
797.5 1890304
798.0 1890588
798.5 1889908
799.0 1890224
799.5 1890368
800.0 1890360
800.5 1889916
801.0 1890312
801.5 1890152
802.0 1889932
802.5 1890044
803.0 1889916
803.5 1890012
804.0 1889996
804.5 1890168
805.0 1890036
805.5 1889704
806.0 1889656
806.5 1889876
807.0 1890208
807.5 1890208
808.0 1890416
808.5 1890272
809.0 1890128
809.5 1890224
810.0 1890552
810.5 1890236
811.0 1890252
811.5 1890092
812.0 1889764
812.5 1889732
813.0 1889668
813.5 1889936
814.0 1890156
814.5 1890300
815.0 1890148
815.5 1890148
816.0 1889976
816.5 1890132
817.0 1889976
817.5 1889976
818.0 1884012
818.5 1884012
819.9 1884012
820.4 1884012
821.4 1884036
823.1 1884036
824.4 1884036
824.9 1884004
825.7 1884004
827.0 1884004
830.6 1884004
831.1 1884004
832.2 1884004
833.6 1884004
834.8 1884004
837.4 1884036
837.9 1884036
839.0 1884036
839.5 1884036
840.0 1889596
840.5 1889696
841.0 1889292
841.5 1889020
842.0 1889432
842.5 1889716
843.0 1889352
843.5 1889400
844.0 1889432
844.5 1889336
845.0 1890000
845.5 1889780
846.0 1889588
846.5 1889620
847.0 1889920
847.5 1889764
848.0 1890016
848.5 1890148
849.0 1889408
849.5 1889376
850.0 1889556
850.5 1889652
851.0 1889540
851.5 1890112
852.0 1890108
852.5 1890124
853.0 1889872
853.5 1889936
854.0 1889920
854.5 1889808
855.0 1889820
855.5 1889916
856.0 1889616
856.5 1889488
857.0 1889552
857.5 1889664
858.0 1889632
858.5 1889536
859.0 1889680
859.5 1889916
860.0 1890148
860.5 1889880
861.0 1890084
861.5 1889644
862.0 1884200
864.1 1884200
864.7 1884200
866.5 1884256
868.1 1884256
868.6 1884256
869.6 1884256
870.5 1884224
871.1 1884224
872.6 1884224
873.1 1884224
874.1 1884224
874.6 1884224
877.6 1884224
878.1 1884224
880.3 1884256
880.8 1884256
881.3 1884256
881.8 1884256
883.6 1884256
884.5 1884256
885.0 1889552
885.5 1889392
886.0 1889740
886.5 1889896
887.0 1889708
887.5 1889644
888.0 1889960
888.5 1889296
889.0 1889580
889.5 1889944
890.0 1889920
890.5 1890236
891.0 1890172
891.5 1890188
892.0 1890092
892.5 1889712
893.0 1889968
893.5 1889888
894.0 1889856
894.5 1889964
895.0 1890184
895.5 1889552
896.0 1889696
896.5 1889364
897.0 1889300
897.5 1889712
898.0 1889444
898.5 1889332
899.0 1889380
899.5 1889600
900.0 1889892
900.5 1889828
901.0 1890036
901.5 1889700
902.0 1889956
902.5 1889764
903.0 1889672
903.5 1889988
904.0 1889656
904.5 1889496
905.0 1889804
905.5 1889696
906.0 1890216
906.5 1890104
907.0 1884260
908.9 1884260
909.4 1884260
910.6 1884256
911.1 1884256
912.5 1884288
917.8 1884256
921.6 1884256
922.7 1884256
923.2 1884256
924.0 1884256
929.1 1884256
929.6 1884256
930.1 1889952
930.6 1889872
931.1 1890360
931.6 1889840
932.1 1889856
932.6 1889968
933.1 1889824
933.6 1890044
934.1 1890124
934.6 1889588
935.1 1889344
935.6 1889784
936.1 1889832
936.6 1889612
937.1 1889816
937.6 1889864
938.1 1889960
938.6 1890004
939.1 1889644
939.6 1889988
940.1 1889948
940.6 1889776
941.1 1889776
941.6 1889856
942.1 1890252
942.6 1890204
943.1 1889980
943.6 1889840
944.1 1889840
944.6 1889792
945.1 1889868
945.6 1889536
946.1 1889740
946.6 1889468
947.1 1889992
947.6 1889804
948.1 1890136
948.6 1890212
949.1 1889076
949.6 1889456
950.1 1889832
950.6 1889832
951.1 1890020
951.6 1889028
953.5 1884080
955.4 1884072
955.9 1884040
957.6 1884040
959.5 1884040
960.0 1884040
960.8 1884040
961.9 1884072
962.4 1884072
963.2 1884072
965.2 1884072
965.8 1884072
967.9 1884040
969.0 1884040
970.3 1884040
971.0 1884040
972.4 1884040
972.9 1884040
973.8 1884040
974.5 1884040
975.0 1889632
975.5 1889712
976.0 1889824
976.5 1889888
977.0 1889980
977.5 1890220
978.0 1889824
978.5 1889744
979.0 1889840
979.5 1890076
980.0 1890024
980.5 1890088
981.0 1890136
981.5 1890096
982.0 1889732
982.5 1889780
983.0 1889696
983.5 1889568
984.0 1889412
984.5 1889568
985.0 1889780
985.5 1890112
986.0 1889764
986.5 1890096
987.0 1890284
987.5 1889700
988.0 1890144
988.5 1890272
989.0 1890160
989.5 1890224
990.0 1890056
990.5 1890388
991.0 1890168
991.5 1890072
992.0 1890500
992.5 1890056
993.0 1889992
993.5 1890040
994.0 1889772
994.5 1890088
995.0 1890080
995.5 1889764
996.0 1890032
996.5 1890696
997.0 1884188
997.6 1884188
998.2 1884188
998.7 1884156
999.6 1884156
1000.1 1884156
1000.6 1884152
1001.1 1884152
1001.9 1884152
1002.5 1884152
1003.5 1884152
1004.0 1884152
1004.5 1884120
1005.1 1884120
1007.0 1884184
1007.5 1884184
1009.5 1884184
1010.0 1884184
1011.3 1884184
1012.0 1884184
1012.5 1884152
1013.0 1884152
1014.1 1884152
1014.6 1884152
1015.1 1884152
1016.9 1884152
1017.4 1884152
1018.2 1884152
1019.5 1884184
1020.0 1889556
1020.5 1889856
1021.0 1889808
1021.5 1889808
1022.0 1890440
1022.5 1890092
1023.0 1890204
1023.5 1889840
1024.0 1890248
1024.5 1889808
1025.0 1889868
1025.5 1890024
1026.0 1889708
1026.5 1889696
1027.0 1889900
1027.5 1889740
1028.0 1889712
1028.5 1889236
1029.0 1889836
1029.5 1890484
1030.0 1889832
1030.5 1889816
1031.0 1889360
1031.5 1889296
1032.0 1889456
1032.5 1889280
1033.0 1889392
1033.5 1889392
1034.0 1890004
1034.5 1889972
1035.0 1890096
1035.5 1890064
1036.0 1890304
1036.5 1889876
1037.0 1890380
1037.5 1889908
1038.0 1890412
1038.5 1889956
1039.0 1889656
1039.5 1889608
1040.0 1889508
1040.5 1889932
1041.0 1889900
1041.5 1889916
1044.7 1884036
1045.2 1884036
1045.7 1883996
1047.4 1883996
1047.9 1883996
1050.0 1883996
1051.1 1883996
1051.6 1884028
1052.1 1884028
1052.9 1884028
1053.4 1884028
1056.7 1883996
1057.2 1883996
1058.7 1883996
1059.4 1883996
1060.7 1883996
1062.6 1883996
1063.5 1883996
1064.5 1883964
1065.0 1890056
1065.5 1889976
1066.0 1889724
1066.5 1889804
1067.0 1889552
1067.5 1890292
1068.0 1890088
1068.5 1890008
1069.0 1889912
1069.5 1889740
1070.0 1889924
1070.5 1890320
1071.0 1889784
1071.5 1890224
1072.0 1889924
1072.5 1890304
1073.0 1890100
1073.5 1889988
1074.0 1889972
1074.5 1889940
1075.0 1889916
1075.5 1890028
1076.0 1890028
1076.5 1890204
1077.0 1890312
1077.5 1889932
1078.0 1889852
1078.5 1889900
1079.0 1889948
1079.5 1890012
1080.0 1890036
1080.5 1890272
1081.0 1889972
1081.5 1889864
1082.0 1889972
1082.5 1889832
1083.0 1889548
1083.5 1889168
1084.0 1889280
1084.5 1889736
1085.0 1889968
1085.5 1889952
1086.0 1890064
1086.5 1889952
1087.0 1884060
1087.8 1884060
1088.3 1884060
1091.1 1884120
1092.8 1884120
1094.6 1884120
1095.1 1884120
1095.6 1884120
1097.5 1884088
1098.0 1884088
1100.1 1884088
1100.6 1884088
1101.5 1884088
1102.1 1884088
1103.5 1884120
1104.3 1884120
1104.8 1884120
1105.4 1884120
1105.9 1884088
1106.7 1884088
1107.2 1884088
1108.2 1884088
1109.2 1884088
1109.7 1884088
1110.2 1889992
1110.7 1889200
1111.2 1889848
1111.7 1890340
1112.2 1889856
1112.7 1889852
1113.2 1889964
1113.7 1890044
1114.2 1890564
1114.7 1890280
1115.2 1890384
1115.7 1890460
1116.2 1890036
1116.7 1890128
1117.2 1890648
1117.7 1890776
1118.2 1890764
1118.7 1890828
1119.2 1890496
1119.7 1890448
1120.2 1889896
1120.7 1890588
1121.2 1890780
1121.7 1890592
1122.2 1890584
1122.7 1890108
1123.2 1889684
1123.7 1890232
1124.2 1890504
1124.7 1890344
1125.2 1890612
1125.7 1890424
1126.2 1890472
1126.7 1890204
1127.2 1890052
1127.7 1890496
1128.2 1890464
1128.7 1890116
1129.2 1890180
1129.7 1890576
1130.2 1890508
1130.7 1890936
1131.2 1890652
1131.7 1890432
1132.2 1884332
1132.7 1884332
1135.7 1884332
1136.3 1884332
1137.2 1884332
1137.7 1884332
1138.2 1884324
1138.9 1884324
1140.0 1884292
1140.5 1884292
1141.4 1884292
1141.9 1884292
1142.4 1884292
1144.8 1884324
1146.4 1884324
1147.3 1884324
1148.5 1884324
1149.0 1884292
1149.5 1884292
1150.0 1884292
1150.6 1884292
1152.4 1884292
1154.3 1884292
1154.8 1890812
1155.3 1889952
1155.8 1889984
1156.3 1889916
1156.8 1889836
1157.3 1889820
1157.8 1890152
1158.3 1889976
1158.8 1890120
1159.3 1890152
1159.8 1890372
1160.3 1890228
1160.8 1890388
1161.3 1890352
1161.8 1890684
1162.3 1890416
1162.8 1890432
1163.3 1890732
1163.8 1890116
1164.3 1889956
1164.8 1890276
1165.3 1890196
1165.8 1890368
1166.3 1890652
1166.8 1890372
1167.3 1890272
1167.8 1890052
1168.3 1890668
1168.8 1890304
1169.3 1889988
1169.8 1890352
1170.3 1890320
1170.8 1890272
1171.3 1890268
1171.8 1890476
1172.3 1890144
1172.8 1890348
1173.3 1890316
1173.8 1890600
1174.3 1890664
1174.8 1890396
1175.3 1890420
1175.8 1890252
1176.3 1890392
1176.8 1890236
1177.3 1890264
1177.8 1890216
1178.3 1884516
1178.8 1884580
1179.3 1884580
1179.8 1884580
1182.0 1884544
1185.8 1884544
1187.7 1884544
1188.2 1884544
1188.7 1884544
1189.2 1884544
1189.7 1884544
1190.2 1884512
1190.7 1884512
1191.3 1884512
1191.8 1884512
1192.3 1884544
1192.8 1884544
1193.3 1884544
1193.8 1884544
1194.3 1884544
1194.8 1884544
1195.5 1884512
1196.0 1884512
1196.9 1884512
1198.2 1884512
1199.3 1884512
1199.8 1884512
1200.3 1890192
1200.8 1890428
1201.3 1890300
1201.8 1890412
1202.3 1890332
1202.8 1890396
1203.3 1890568
1203.8 1890080
1204.3 1890524
1204.8 1890272
1205.3 1890348
1205.8 1890396
1206.3 1890128
1206.8 1890348
1207.3 1890364
1207.8 1890472
1208.3 1890264
1208.8 1890264
1209.3 1890364
1209.8 1890064
1210.3 1890104
1210.8 1889992
1211.3 1890120
1211.8 1890324
1212.3 1889960
1212.8 1890340
1213.3 1890308
1213.8 1889960
1214.3 1889868
1214.8 1889836
1215.3 1890112
1215.8 1890032
1216.3 1889812
1216.8 1889620
1217.3 1889940
1217.8 1889656
1218.3 1889780
1218.8 1889656
1219.3 1890236
1219.8 1890492
1220.3 1890344
1220.8 1890076
1221.3 1890380
1221.8 1890612
1222.3 1890548
1222.8 1890280
1223.3 1884396
1223.8 1884396
1224.5 1884396
1225.0 1884364
1225.5 1884356
1226.5 1884356
1227.0 1884356
1227.5 1884356
1228.0 1884356
1228.5 1884356
1229.0 1884420
1229.5 1884420
1230.3 1884388
1230.8 1884388
1231.3 1884388
1232.1 1884388
1232.6 1884388
1233.1 1884388
1233.7 1884388
1234.2 1884388
1234.7 1884388
1235.2 1884388
1235.7 1884388
1236.2 1884356
1236.7 1884356
1237.2 1884388
1237.7 1884388
1238.2 1884388
1238.7 1884388
1239.7 1884388
1240.2 1884356
1240.7 1884356
1241.3 1884356
1241.8 1884356
1242.9 1884356
1243.4 1884356
1243.9 1884356
1244.4 1884356
1244.9 1890824
1245.4 1890284
1245.9 1890328
1246.4 1890724
1246.9 1890532
1247.4 1890296
1247.9 1890644
1248.4 1890424
1248.9 1890264
1249.4 1890896
1249.9 1890372
1250.4 1890688
1250.9 1890404
1251.4 1890480
1251.9 1890876
1252.4 1890388
1252.9 1890292
1253.4 1890292
1253.9 1890392
1254.4 1890056
1254.9 1890668
1255.4 1890588
1255.9 1890052
1256.4 1890516
1256.9 1889812
1257.4 1890052
1257.9 1890100
1258.4 1890164
1258.9 1890180
1259.4 1890288
1259.9 1890344
1260.4 1890800
1260.9 1890328
1261.4 1890344
1261.9 1890028
1262.4 1890420
1262.9 1890516
1263.4 1890280
1263.9 1890296
1264.4 1890548
1264.9 1890240
1265.4 1890224
1265.9 1890224
1266.4 1890272
1266.9 1889972
1267.4 1890208
1267.9 1884324
1268.4 1884292
1268.9 1884292
1269.4 1884292
1269.9 1884292
1270.4 1884288
1270.9 1884288
1272.3 1884288
1272.8 1884288
1273.3 1884288
1273.8 1884288
1277.8 1884320
1278.3 1884320
1278.8 1884320
1283.4 1884320
1283.9 1884320
1284.4 1884320
1284.9 1884320
1285.4 1884288
1285.9 1884288
1286.4 1884288
1286.9 1884288
1287.4 1884288
1287.9 1884288
1289.5 1884320
1290.0 1890212
1290.5 1890024
1291.0 1890024
1291.5 1889960
1292.0 1890056
1292.5 1890324
1293.0 1889916
1293.5 1889804
1294.0 1889552
1294.5 1889852
1295.0 1889684
1295.5 1889780
1296.0 1890048
1296.5 1890064
1297.0 1890332
1297.5 1890616
1298.0 1890472
1298.5 1890568
1299.0 1890376
1299.5 1890548
1300.0 1890356
1300.5 1890324
1301.0 1890308
1301.5 1890656
1302.0 1890560
1302.5 1890672
1303.0 1890480
1303.5 1890228
1304.0 1890576
1304.5 1890496
1305.0 1890256
1305.5 1890556
1306.0 1890192
1306.5 1890160
1307.0 1890368
1307.5 1889712
1308.0 1889840
1308.5 1890312
1309.0 1890856
1309.5 1890312
1310.0 1890460
1310.5 1890964
1311.0 1890644
1311.5 1890296
1312.0 1890328
1312.5 1889872
1313.0 1884096
1313.5 1884096
1315.4 1884056
1317.1 1884056
1318.9 1884056
1320.7 1884056
1322.4 1884088
1322.9 1884088
1323.4 1884088
1325.1 1884088
1328.2 1884056
1330.1 1884056
1332.0 1884056
1333.8 1884056
1334.5 1884056
1335.0 1890232
1335.5 1890060
1336.0 1890200
1336.5 1890044
1337.0 1889744
1337.5 1889808
1338.0 1889760
1338.5 1890312
1339.0 1889964
1339.5 1890484
1340.0 1889796
1340.5 1890016
1341.0 1889904
1341.5 1889936
1342.0 1889968
1342.5 1890048
1343.0 1889700
1343.5 1889940
1344.0 1890252
1344.5 1890568
1345.0 1890404
1345.5 1890244
1346.0 1890212
1346.5 1890496
1347.0 1890480
1347.5 1890384
1348.0 1890308
1348.5 1890308
1349.0 1890592
1349.5 1890432
1350.0 1889972
1350.5 1890528
1351.0 1889844
1351.5 1889688
1352.0 1889908
1352.5 1890240
1353.0 1890148
1353.5 1890508
1354.0 1890460
1354.5 1890460
1355.0 1890204
1355.5 1890408
1356.0 1890220
1356.5 1890236
1357.0 1890252
1357.5 1890236
1358.0 1884108
1358.5 1884108
1359.0 1884108
1360.8 1884104
1362.7 1884072
1363.2 1884136
1366.7 1884136
1368.5 1884136
1370.4 1884136
1370.9 1884136
1371.4 1884136
1371.9 1884136
1374.7 1884104
1377.9 1884104
1378.4 1884104
1379.2 1884104
1379.7 1884104
1380.2 1890376
1380.7 1890596
1381.2 1890152
1381.7 1890248
1382.2 1890184
1382.7 1889584
1383.2 1889520
1383.7 1889508
1384.2 1889316
1384.7 1889484
1385.2 1890208
1385.7 1889384
1386.2 1890204
1386.7 1890124
1387.2 1890060
1387.7 1890280
1388.2 1890216
1388.7 1890184
1389.2 1890184
1389.7 1890012
1390.2 1890120
1390.7 1890480
1391.2 1890560
1391.7 1890496
1392.2 1890432
1392.7 1890400
1393.2 1890212
1393.7 1890024
1394.2 1889408
1394.7 1889660
1395.2 1890252
1395.7 1890140
1396.2 1890060
1396.7 1890188
1397.2 1890408
1397.7 1890536
1398.2 1890140
1398.7 1890424
1399.2 1890584
1399.7 1890504
1400.2 1890436
1400.7 1890500
1401.2 1890104
1401.7 1890404
1402.2 1890184
1402.7 1890136
1403.2 1884440
1404.8 1884440
1405.3 1884440
1407.4 1884500
1409.2 1884468
1409.7 1884468
1410.2 1884468
1412.0 1884468
1414.4 1884468
1415.1 1884468
1415.6 1884468
1416.1 1884468
1416.6 1884436
1418.4 1884428
1420.2 1884428
1424.5 1884460
1425.0 1884460
1425.5 1890300
1426.0 1890692
1426.5 1890568
1427.0 1890276
1427.5 1890164
1428.0 1890384
1428.5 1890512
1429.0 1890544
1429.5 1890432
1430.0 1889928
1430.5 1889940
1431.0 1889892
1431.5 1889640
1432.0 1889452
1432.5 1889500
1433.0 1889452
1433.5 1890240
1434.0 1890540
1434.5 1890508
1435.0 1890556
1435.5 1890136
1436.0 1890280
1436.5 1890028
1437.0 1890360
1437.5 1889852
1438.0 1889884
1438.5 1889664
1439.0 1890232
1439.5 1889648
1440.0 1889712
1440.5 1889816
1441.0 1889388
1441.5 1889972
1442.0 1890004
1442.5 1890272
1443.0 1890428
1443.5 1890476
1444.0 1890412
1444.5 1890524
1445.0 1890492
1445.5 1890344
1446.0 1890388
1446.5 1890468
1447.0 1890232
1447.5 1889948
1448.0 1889868
1448.5 1883700
1452.1 1883692
1453.9 1883692
1457.6 1883660
1459.5 1883660
1461.4 1883724
1463.3 1883724
1465.1 1883724
1465.6 1883724
1466.1 1883724
1469.5 1883692
1470.0 1889932
1470.5 1890136
1471.0 1890372
1471.5 1890796
1472.0 1890688
1472.5 1890752
1473.0 1890388
1473.5 1890484
1474.0 1890372
1474.5 1890404
1475.0 1890080
1475.5 1890220
1476.0 1890492
1476.5 1890412
1477.0 1890396
1477.5 1890252
1478.0 1890188
1478.5 1890080
1479.0 1890824
1479.5 1890364
1480.0 1890356
1480.5 1889976
1481.0 1890216
1481.5 1890388
1482.0 1890292
1482.5 1890452
1483.0 1890104
1483.5 1890580
1484.0 1890420
1484.5 1890356
1485.0 1890380
1485.5 1890620
1486.0 1890128
1486.5 1890268
1487.0 1890396
1487.5 1890144
1488.0 1890208
1488.5 1889892
1489.0 1889796
1489.5 1890160
1490.0 1890340
1490.5 1890324
1491.0 1890404
1491.5 1890500
1492.0 1890216
1492.5 1889820
1493.0 1884132
1493.5 1884132
1494.0 1884132
1494.5 1884132
1495.0 1884124
1495.5 1884156
1496.0 1884156
1496.5 1884124
1497.0 1884124
1497.5 1884124
1498.0 1884124
1498.5 1884124
1499.0 1884124
1499.5 1884124
1500.0 1884124
1500.5 1884124
1501.0 1884124
1501.5 1884124
1502.1 1884156
1502.6 1884156
1503.1 1884156
1503.6 1884156
1504.1 1884156
1504.6 1884156
1505.1 1884156
1505.6 1884156
1506.2 1884124
1506.7 1884124
1507.2 1884124
1507.7 1884124
1508.2 1884124
1508.7 1884124
1509.2 1884156
1509.7 1884156
1510.2 1884156
1510.7 1884156
1511.2 1884124
1511.7 1884124
1512.2 1884124
1512.7 1884124
1513.2 1884124
1513.7 1884124
1514.3 1884124
1514.8 1890580
1515.3 1889916
1515.8 1890412
1516.3 1890380
1516.8 1890412
1517.3 1890508
1517.8 1890396
1518.3 1890492
1518.8 1890492
1519.3 1890428
1519.8 1890784
1520.3 1890528
1520.8 1890436
1521.3 1890372
1521.8 1890324
1522.3 1890404
1522.8 1890452
1523.3 1890420
1523.8 1890372
1524.3 1890372
1524.8 1890412
1525.3 1890112
1525.8 1890476
1526.3 1890588
1526.8 1890208
1527.3 1890468
1527.8 1890388
1528.3 1890516
1528.8 1890056
1529.3 1890340
1529.8 1890508
1530.3 1890096
1530.8 1890096
1531.3 1890020
1531.8 1890052
1532.3 1889860
1532.8 1889908
1533.3 1890192
1533.8 1890508
1534.3 1889956
1534.8 1890264
1535.3 1890056
1535.8 1890072
1536.3 1890372
1536.8 1890308
1537.3 1884580
1537.8 1884580
1538.3 1884644
1538.8 1884644
1539.3 1884612
1539.8 1884612
1540.3 1884604
1540.8 1884604
1541.3 1884604
1541.8 1884604
1542.3 1884604
1542.8 1884604
1543.4 1884604
1543.9 1884604
1544.4 1884572
1544.9 1884572
1545.4 1884572
1545.9 1884572
1546.4 1884604
1546.9 1884604
1547.4 1884604
1548.0 1884604
1548.5 1884572
1549.0 1884572
1549.5 1884572
1550.0 1884572
1550.5 1884572
1551.0 1884572
1551.5 1884572
1552.0 1884572
1552.5 1884572
1553.0 1884572
1553.5 1884572
1554.0 1884572
1554.5 1884604
1555.0 1884604
1555.5 1884604
1556.0 1884604
1556.5 1884604
1557.0 1884604
1557.5 1884604
1558.0 1884572
1558.5 1884572
1559.0 1884572
1559.5 1884572
1560.0 1890428
1560.5 1890856
1561.0 1890696
1561.5 1890592
1562.0 1890200
1562.5 1890292
1563.0 1889976
1563.5 1890528
1564.0 1890276
1564.5 1890260
1565.0 1890364
1565.5 1890552
1566.0 1890724
1566.5 1890220
1567.0 1890016
1567.5 1890048
1568.0 1890016
1568.5 1889700
1569.0 1890364
1569.5 1890332
1570.0 1889980
1570.5 1890044
1571.0 1889932
1571.5 1890028
1572.0 1890264
1572.5 1890376
1573.0 1890232
1573.5 1890232
1574.0 1890296
1574.5 1890468
1575.0 1890508
1575.5 1890572
1576.0 1890556
1576.5 1890508
1577.0 1890176
1577.5 1890128
1578.0 1890128
1578.5 1889988
1579.0 1890036
1579.5 1889988
1580.0 1889932
1580.5 1889884
1581.0 1890484
1581.5 1890912
1582.0 1884720
1582.5 1884720
1583.0 1884720
1583.5 1884720
1584.0 1884720
1584.5 1884720
1585.0 1884720
1585.6 1884712
1586.1 1884712
1586.6 1884712
1587.1 1884680
1587.6 1884680
1588.1 1884680
1588.6 1884680
1589.2 1884712
1589.7 1884712
1590.2 1884712
1590.7 1884712
1591.2 1884712
1591.7 1884712
1592.2 1884712
1592.7 1884680
1593.2 1884680
1593.7 1884680
1594.2 1884680
1594.7 1884680
1595.2 1884680
1595.7 1884680
1596.2 1884680
1596.7 1884712
1597.2 1884712
1597.7 1884712
1598.2 1884712
1598.7 1884712
1599.2 1884712
1599.7 1884712
1600.2 1884712
1600.7 1884712
1601.2 1884680
1601.8 1884680
1602.3 1884680
1602.8 1884680
1603.3 1884680
1603.8 1884680
1604.3 1884712
1604.8 1890804
1605.3 1890800
1605.8 1890044
1606.3 1889776
1606.8 1889792
1607.3 1890092
1607.8 1890220
1608.3 1890296
1608.8 1889916
1609.3 1890092
1609.8 1889940
1610.3 1889752
1610.8 1889784
1611.3 1890212
1611.8 1889864
1612.3 1889816
1612.8 1889972
1613.3 1889988
1613.8 1890288
1614.3 1890508
1614.8 1890280
1615.3 1890276
1615.8 1890312
1616.3 1889776
1616.8 1889428
1617.3 1889556
1617.8 1889524
1618.3 1889588
1618.8 1889932
1619.3 1889568
1619.8 1889768
1620.3 1889972
1620.8 1890332
1621.3 1890476
1621.8 1890288
1622.3 1890128
1622.8 1890256
1623.3 1890384
1623.8 1890256
1624.3 1890004
1624.8 1890028
1625.3 1890484
1625.8 1890184
1626.3 1890280
1626.8 1886152
1627.3 1884316
1627.8 1884316
1628.3 1884316
1628.8 1884348
1629.3 1884316
1629.8 1884316
1630.3 1884316
1630.8 1884308
1631.3 1884308
1631.8 1884308
1632.3 1884308
1632.8 1884308
1633.3 1884308
1633.8 1884308
1634.3 1884308
1634.8 1884276
1635.3 1884276
1635.9 1884340
1636.4 1884340
1636.9 1884340
1637.4 1884340
1637.9 1884340
1638.4 1884340
1639.0 1884308
1639.5 1884308
1640.0 1884308
1640.5 1884308
1641.0 1884308
1641.5 1884308
1642.0 1884308
1642.5 1884308
1643.0 1884372
1643.5 1884340
1644.0 1884340
1644.5 1884340
1645.0 1884340
1645.5 1884340
1646.0 1884340
1646.5 1884340
1647.0 1884340
1647.5 1884340
1648.0 1884340
1648.5 1884340
1649.0 1884308
1649.5 1884308
1650.0 1890280
1650.5 1890280
1651.0 1890280
1651.5 1890376
1652.0 1890280
1652.5 1890372
1653.0 1890516
1653.5 1890596
1654.0 1890248
1654.5 1890452
1655.0 1890128
1655.5 1889860
1656.0 1889844
1656.5 1889988
1657.0 1889924
1657.5 1890256
1658.0 1890224
1658.5 1890656
1659.0 1890168
1659.5 1890136
1660.0 1889908
1660.5 1890476
1661.0 1890160
1661.5 1890128
1662.0 1890412
1662.5 1890144
1663.0 1890256
1663.5 1890372
1664.0 1890596
1664.5 1890136
1665.0 1889892
1665.5 1890304
1666.0 1890208
1666.5 1890176
1667.0 1890524
1667.5 1890364
1668.0 1890412
1668.5 1890080
1669.0 1890208
1669.5 1890144
1670.0 1890500
1670.5 1890216
1671.0 1890704
1671.5 1890136
1672.0 1884180
1672.5 1884180
1673.0 1884180
1673.5 1884180
1674.0 1884180
1674.5 1884180
1675.0 1884180
1675.5 1884172
1676.0 1884172
1676.6 1884140
1677.1 1884140
1677.6 1884140
1678.1 1884140
1678.6 1884140
1679.1 1884140
1679.6 1884140
1680.1 1884140
1680.6 1884140
1681.1 1884140
1681.6 1884140
1682.1 1884140
1682.6 1884140
1683.1 1884140
1683.6 1884140
1684.1 1884140
1684.6 1884140
1685.1 1884140
1685.7 1884140
1686.2 1884140
1686.7 1884108
1687.2 1884172
1687.7 1884172
1688.2 1884172
1688.7 1884172
1689.2 1884172
1689.7 1884172
1690.2 1884172
1690.7 1884140
1691.2 1884140
1691.7 1884140
1692.2 1884140
1692.7 1884140
1693.2 1884140
1693.7 1884140
1694.2 1884140
1694.7 1884172
1695.2 1890404
1695.7 1890064
1696.2 1890492
1696.7 1890284
1697.2 1890412
1697.7 1890332
1698.2 1890428
1698.7 1890460
1699.2 1890732
1699.7 1890712
1700.2 1890124
1700.7 1890440
1701.2 1890060
1701.7 1890204
1702.2 1890268
1702.7 1890172
1703.2 1890092
1703.7 1890172
1704.2 1889772
1704.7 1890480
1705.2 1890724
1705.7 1890180
1706.2 1890164
1706.7 1890384
1707.2 1890432
1707.7 1890276
1708.2 1890480
1708.7 1890304
1709.2 1890464
1709.7 1890228
1710.2 1890408
1710.7 1890408
1711.2 1890360
1711.7 1890140
1712.2 1890172
1712.7 1890076
1713.2 1890392
1713.7 1890756
1714.2 1890376
1714.7 1890408
1715.2 1890932
1715.7 1889924
1716.2 1889860
1716.7 1889940
1717.2 1884272
1717.7 1884272
1718.2 1884272
1718.7 1884272
1719.2 1884304
1719.7 1884304
1720.2 1884304
1720.7 1884296
1721.2 1884296
1721.7 1884296
1722.2 1884296
1722.7 1884296
1723.2 1884264
1723.7 1884264
1724.2 1884264
1724.7 1884264
1725.2 1884296
1725.7 1884296
1726.2 1884296
1726.7 1884296
1727.2 1884264
1727.7 1884264
1728.2 1884264
1728.7 1884264
1729.2 1884264
1729.7 1884264
1730.2 1884264
1730.7 1884264
1731.2 1884264
1731.7 1884264
1732.2 1884264
1732.7 1884264
1733.2 1884296
1733.7 1884296
1734.2 1884296
1734.7 1884296
1735.2 1884296
1735.7 1884296
1736.2 1884296
1736.7 1884296
1737.2 1884264
1737.7 1884264
1738.2 1884264
1738.7 1884264
1739.2 1884264
1739.7 1888004
1740.2 1890380
1740.7 1890412
1741.2 1890476
1741.7 1890160
1742.2 1890364
1742.7 1890444
1743.2 1890412
1743.7 1890524
1744.2 1890460
1744.7 1890276
1745.2 1890008
1745.7 1890168
1746.2 1890208
1746.7 1890272
1747.2 1890240
1747.7 1890224
1748.2 1889764
1748.7 1890080
1749.2 1890348
1749.7 1890276
1750.2 1890324
1750.7 1890388
1751.2 1890484
1751.7 1890800
1752.2 1889916
1752.7 1890296
1753.2 1890436
1753.7 1889900
1754.2 1890012
1754.7 1889940
1755.2 1890032
1755.7 1890600
1756.2 1890348
1756.7 1890380
1757.2 1890444
1757.7 1890348
1758.2 1890268
1758.7 1890004
1759.2 1890276
1759.7 1890300
1760.2 1890428
1760.7 1890600
1761.2 1890336
1761.7 1890364
1762.2 1884328
1762.7 1884328
1763.2 1884328
1763.7 1884328
1764.2 1884328
1764.7 1884328
1765.2 1884328
1765.7 1884320
1766.2 1884320
1766.7 1884288
1767.2 1884352
1767.7 1884352
1768.2 1884352
1768.7 1884352
1769.2 1884352
1769.7 1884352
1770.2 1884352
1770.7 1884352
1771.2 1884352
1771.7 1884320
1772.2 1884320
1772.7 1884320
1773.2 1884320
1773.7 1884320
1774.2 1884320
1774.7 1884352
1775.2 1884352
1775.7 1884320
1776.2 1884320
1776.7 1884320
1777.2 1884320
1777.7 1884320
1778.2 1884320
1778.7 1884320
1779.2 1884320
1779.7 1884320
1780.2 1884320
1780.7 1884288
1781.2 1884288
1781.7 1884288
1782.2 1884352
1782.7 1884352
1783.2 1884352
1783.7 1884352
1784.2 1884352
1784.7 1884352
1785.2 1889796
1785.7 1889876
1786.2 1889292
1786.7 1889356
1787.2 1889528
1787.7 1889544
1788.2 1889292
1788.7 1889324
1789.2 1889228
1789.7 1889292
1790.2 1889992
1790.7 1890136
1791.2 1889948
1791.7 1889520
1792.2 1889820
1792.7 1890260
1793.2 1890260
1793.7 1890024
1794.2 1890308
1794.7 1890264
1795.2 1890504
1795.7 1890188
1796.2 1890252
1796.7 1890252
1797.2 1890316
1797.7 1890348
1798.2 1890000
1798.7 1890016
1799.2 1889984
1799.7 1890160
1800.2 1890056
1800.7 1890120
1801.2 1890120
1801.7 1889724
1802.2 1890152
1802.7 1890008
1803.2 1890480
1803.7 1890276
1804.2 1889976
1804.7 1890184
1805.2 1890488
1805.7 1890380
1806.2 1889844
1806.7 1889796
1807.2 1883976
1807.7 1884008
1808.2 1884008
1808.7 1884008
1809.2 1884008
1809.7 1884008
1810.3 1884008
1810.8 1884008
1811.4 1884000
1811.9 1884000
1812.4 1884000
1812.9 1883968
1813.4 1883968
1813.9 1883968
1814.4 1883968
1814.9 1883968
1815.5 1883968
1816.0 1883968
1816.5 1884000
1817.0 1884000
1817.5 1884000
1818.0 1883968
1818.5 1883968
1819.0 1883968
1819.5 1883968
1820.0 1883968
1820.5 1883968
1821.0 1883968
1821.5 1883968
1822.0 1883936
1822.5 1884000
1823.0 1884000
1823.5 1884000
1824.0 1884000
1824.5 1884000
1825.0 1884000
1825.5 1884000
1826.0 1884000
1826.5 1884000
1827.0 1883968
1827.6 1883968
1828.1 1883968
1828.6 1883968
1829.1 1883968
1829.6 1883968
1830.1 1889764
1830.6 1889812
1831.1 1889728
1831.6 1890196
1832.1 1889916
1832.6 1890072
1833.1 1889696
1833.6 1889884
1834.1 1889788
1834.6 1890056
1835.1 1890364
1835.6 1889984
1836.1 1890348
1836.6 1890316
1837.1 1890380
1837.6 1890300
1838.1 1890236
1838.6 1890396
1839.1 1890316
1839.6 1890204
1840.1 1890008
1840.6 1890308
1841.1 1890576
1841.6 1890704
1842.1 1890372
1842.6 1890244
1843.1 1890244
1843.6 1890292
1844.1 1889520
1844.6 1889788
1845.1 1890208
1845.6 1890080
1846.1 1890032
1846.6 1890112
1847.1 1890552
1847.6 1890428
1848.1 1890568
1848.6 1890476
1849.1 1890536
1849.6 1890016
1850.1 1889792
1850.6 1889792
1851.1 1889996
1851.6 1889948
1852.1 1884348
1852.6 1884348
1853.1 1884348
1853.6 1884348
1854.1 1884316
1854.6 1884380
1855.1 1884372
1855.6 1884372
1856.2 1884372
1856.8 1884372
1857.3 1884372
1857.8 1884372
1858.3 1884372
1858.8 1884372
1859.3 1884340
1859.8 1884340
1860.3 1884340
1860.8 1884340
1861.4 1884340
1861.9 1884340
1862.4 1884372
1862.9 1884372
1863.4 1884372
1863.9 1884372
1864.4 1884340
1864.9 1884340
1865.4 1884340
1865.9 1884340
1866.4 1884340
1866.9 1884340
1867.5 1884340
1868.0 1884340
1868.5 1884308
1869.0 1884308
1869.5 1884372
1870.0 1884372
1870.5 1884372
1871.0 1884372
1871.6 1884372
1872.2 1884372
1872.7 1884372
1873.3 1884372
1873.8 1884372
1874.3 1884340
1874.8 1891604
1875.3 1890344
1875.8 1890232
1876.3 1890044
1876.8 1890452
1877.3 1889948
1877.8 1890060
1878.3 1890392
1878.8 1890296
1879.3 1890612
1879.8 1890232
1880.3 1890424
1880.8 1889872
1881.3 1890328
1881.8 1890392
1882.3 1890104
1882.8 1889924
1883.3 1890036
1883.8 1890196
1884.3 1890512
1884.8 1890172
1885.3 1890252
1885.8 1890252
1886.3 1890140
1886.8 1890332
1887.3 1889888
1887.8 1890188
1888.3 1890396
1888.8 1890320
1889.3 1889720
1889.8 1889540
1890.3 1889920
1890.8 1890092
1891.3 1889856
1891.8 1890092
1892.3 1890264
1892.8 1890864
1893.3 1890596
1893.8 1890280
1894.3 1890344
1894.8 1889992
1895.3 1890120
1895.8 1889884
1896.3 1890228
1896.8 1890484
1897.3 1884288
1897.8 1884352
1898.3 1884352
1898.8 1884352
1899.3 1884352
1899.8 1884352
1900.3 1884352
1900.8 1884352
1901.3 1884320
1901.8 1884320
1902.4 1884320
1902.9 1884320
1903.4 1884320
1903.9 1884320
1904.4 1884320
1904.9 1884320
1905.4 1884384
1905.9 1884352
1906.4 1884352
1906.9 1884352
1907.4 1884352
1907.9 1884352
1908.4 1884352
1908.9 1884352
1909.4 1884352
1909.9 1884352
1910.5 1884352
1911.0 1884352
1911.5 1884320
1912.0 1884320
1912.6 1884320
1913.1 1884320
1913.6 1884352
1914.1 1884352
1914.6 1884352
1915.1 1884352
1915.7 1884320
1916.2 1884320
1916.7 1884320
1917.2 1884320
1917.7 1884320
1918.2 1884320
1918.7 1884320
1919.2 1884320
1919.7 1891604
1920.2 1890188
1920.7 1890124
1921.2 1890172
1921.7 1890716
1922.2 1889984
1922.7 1890112
1923.2 1890016
1923.7 1889856
1924.2 1890408
1924.7 1890248
1925.2 1889884
1925.7 1890232
1926.2 1890312
1926.7 1890312
1927.2 1890484
1927.7 1890360
1928.2 1889824
1928.7 1889900
1929.2 1890296
1929.7 1890512
1930.2 1890640
1930.7 1890480
1931.2 1890368
1931.7 1890196
1932.2 1890116
1932.7 1890276
1933.2 1890196
1933.7 1890336
1934.2 1889660
1934.7 1889516
1935.2 1889120
1935.7 1889496
1936.2 1889892
1936.7 1890304
1937.2 1890052
1937.7 1890020
1938.2 1889908
1938.7 1889844
1939.2 1890256
1939.7 1890296
1940.2 1891732
1940.7 1890692
1941.2 1890236
1941.7 1890300
1942.2 1883988
1942.7 1883988
1943.2 1883988
1943.7 1883956
1944.2 1883956
1944.7 1883956
1945.2 1883956
1945.7 1883952
1946.2 1883952
1946.7 1883952
1947.2 1883952
1947.7 1883984
1948.2 1883984
1948.7 1883952
1949.2 1883952
1949.8 1883952
1950.3 1883952
1950.8 1883952
1951.3 1883952
1951.8 1883952
1952.3 1883952
1952.8 1883952
1953.3 1883952
1953.8 1883920
1954.3 1883920
1954.8 1883920
1955.3 1883920
1955.8 1883984
1956.3 1883984
1956.8 1883984
1957.3 1883984
1957.8 1883952
1958.3 1883952
1958.8 1883952
1959.3 1883952
1959.8 1883952
1960.3 1883952
1960.8 1883952
1961.3 1883952
1961.8 1883952
1962.3 1883952
1962.8 1883984
1963.3 1883984
1963.8 1883984
1964.3 1883984
1964.8 1889940
1965.3 1890256
1965.8 1890068
1966.3 1890068
1966.8 1890352
1967.3 1890160
1967.8 1890532
1968.3 1890200
1968.8 1889916
1969.3 1890656
1969.8 1890428
1970.3 1890584
1970.8 1890408
1971.3 1890220
1971.8 1890520
1972.3 1890456
1972.8 1890332
1973.3 1890236
1973.8 1890424
1974.3 1890332
1974.8 1890360
1975.3 1890280
1975.8 1889712
1976.3 1890908
1976.8 1890312
1977.3 1890748
1977.8 1890312
1978.3 1890328
1978.8 1890248
1979.3 1890344
1979.8 1890248
1980.3 1890420
1980.8 1890264
1981.3 1890468
1981.8 1890216
1982.3 1890168
1982.8 1890280
1983.3 1890280
1983.8 1889696
1984.3 1889824
1984.8 1889228
1985.3 1890276
1985.8 1890116
1986.3 1890020
1986.8 1887052
1987.4 1884004
1987.9 1884004
1988.4 1884004
1988.9 1884004
1989.4 1884004
1989.9 1884004
1990.4 1884004
1990.9 1883964
1991.4 1883964
1991.9 1884028
1992.4 1884028
1992.9 1884028
1993.4 1884028
1993.9 1884028
1994.4 1884028
1994.9 1884028
1995.5 1884028
1996.0 1883996
1996.5 1883996
1997.0 1883996
1997.5 1883996
1998.0 1883996
1998.5 1883996
1999.0 1883996
1999.5 1884028
2000.0 1884028
2000.5 1883996
2001.0 1883996
2001.5 1883996
2002.0 1883996
2002.5 1883996
2003.0 1883996
2003.5 1883996
2004.0 1883996
2004.5 1883996
2005.0 1883996
2005.5 1883964
2006.1 1883964
2006.6 1884028
2007.1 1884028
2007.6 1884028
2008.1 1884028
2008.6 1884028
2009.1 1884028
2009.6 1883996
2010.1 1890008
2010.6 1890024
2011.1 1889640
2011.6 1890116
2012.1 1890352
2012.6 1890496
2013.1 1890480
2013.6 1890292
2014.1 1890180
2014.6 1890260
2015.1 1890720
2015.6 1890628
2016.1 1890420
2016.6 1890612
2017.1 1890404
2017.6 1890616
2018.1 1890324
2018.6 1890436
2019.1 1890420
2019.6 1890752
2020.1 1890812
2020.6 1891140
2021.1 1890560
2021.6 1890464
2022.1 1890448
2022.6 1890292
2023.1 1890276
2023.6 1890448
2024.1 1890384
2024.6 1890228
2025.1 1890260
2025.6 1890260
2026.1 1890480
2026.6 1890480
2027.1 1890432
2027.6 1891144
2028.1 1890464
2028.6 1890244
2029.1 1890592
2029.6 1889568
2030.1 1889748
2030.6 1889904
2031.1 1890188
2031.6 1890424
2032.1 1884256
2032.6 1884224
2033.1 1884224
2033.6 1884224
2034.1 1884224
2034.6 1884224
2035.1 1884224
2035.6 1884224
2036.1 1884220
2036.6 1884220
2037.1 1884252
2037.6 1884252
2038.1 1884252
2038.6 1884252
2039.2 1884252
2039.7 1884252
2040.2 1884252
2040.7 1884252
2041.2 1884252
2041.7 1884252
2042.2 1884220
2042.7 1884220
2043.2 1884220
2043.7 1884220
2044.2 1884220
2044.7 1884220
2045.2 1884252
2045.7 1884252
2046.2 1884252
2046.7 1884220
2047.2 1884220
2047.7 1884220
2048.2 1884220
2048.7 1884220
2049.2 1884220
2049.8 1884220
2050.3 1884220
2050.8 1884212
2051.3 1884212
2051.8 1884244
2052.3 1884244
2052.8 1884244
2053.3 1884244
2053.8 1884244
2054.3 1884244
2054.8 1891280
2055.3 1890532
2055.8 1890356
2056.3 1890532
2056.8 1890296
2057.3 1890044
2057.8 1890184
2058.3 1890248
2058.8 1890248
2059.3 1889884
2059.8 1890160
2060.3 1889624
2060.8 1889736
2061.3 1890256
2061.8 1889796
2062.3 1890556
2062.8 1890460
2063.3 1890524
2063.8 1890476
2064.3 1890112
2064.8 1890172
2065.3 1889920
2065.8 1890788
2066.3 1890536
2066.8 1890488
2067.3 1890396
2067.8 1890220
2068.3 1890220
2068.8 1890568
2069.3 1890456
2069.8 1890452
2070.3 1890468
2070.8 1890784
2071.3 1890516
2071.8 1890152
2072.3 1890088
2072.8 1890376
2073.3 1890516
2073.8 1889916
2074.3 1890140
2074.8 1890276
2075.3 1890024
2075.8 1890068
2076.3 1890084
2076.8 1890132
2077.3 1884340
2077.8 1884340
2078.3 1884340
2078.8 1884340
2079.3 1884340
2079.8 1884372
2080.3 1884372
2080.8 1884372
2081.3 1884368
2081.8 1884368
2082.3 1884368
2082.8 1884368
2083.3 1884368
2083.8 1884336
2084.3 1884336
2084.8 1884336
2085.3 1884336
2085.9 1884336
2086.4 1884336
2086.9 1884368
2087.4 1884368
2087.9 1884368
2088.4 1884368
2088.9 1884368
2089.4 1884336
2089.9 1884336
2090.4 1884336
2090.9 1884336
2091.4 1884336
2091.9 1884336
2092.4 1884336
2093.0 1884336
2093.5 1884336
2094.0 1884368
2094.5 1884368
2095.0 1884368
2095.5 1884368
2096.0 1884368
2096.5 1884368
2097.0 1884368
2097.5 1884368
2098.0 1884336
2098.5 1884336
2099.0 1884336
2099.5 1884336
2100.0 1890128
2100.5 1890380
2101.0 1890032
2101.5 1890720
2102.0 1890212
2102.5 1890436
2103.0 1890404
2103.5 1890168
2104.0 1890624
2104.5 1889852
2105.0 1889804
2105.5 1889832
2106.0 1890116
2106.5 1890116
2107.0 1890588
2107.5 1890228
2108.0 1890448
2108.5 1890464
2109.0 1890320
2109.5 1890432
2110.0 1890412
2110.5 1890236
2111.0 1890428
2111.5 1890240
2112.0 1890160
2112.5 1890384
2113.0 1890160
2113.5 1890412
2114.0 1890176
2114.5 1890032
2115.0 1890172
2115.5 1890044
2116.0 1890596
2116.5 1890344
2117.0 1890504
2117.5 1890156
2118.0 1890456
2118.5 1890312
2119.0 1890124
2119.5 1890500
2120.0 1890304
2120.5 1890212
2121.0 1890084
2121.5 1890116
2122.0 1884428
2122.6 1884428
2123.1 1884492
2123.6 1884492
2124.1 1884492
2124.6 1884492
2125.1 1884488
2125.6 1884488
2126.1 1884488
2126.6 1884488
2127.1 1884456
2127.6 1884456
2128.1 1884456
2128.6 1884456
2129.1 1884456
2129.6 1884456
2130.1 1884456
2130.6 1884456
2131.1 1884488
2131.6 1884488
2132.1 1884488
2132.6 1884488
2133.1 1884488
2133.6 1884488
2134.1 1884488
2134.6 1884488
2135.3 1884488
2135.8 1884488
2136.3 1884456
2136.9 1884456
2137.4 1884456
2137.9 1884456
2138.4 1884488
2138.9 1884488
2139.4 1884488
2139.9 1884488
2140.4 1884488
2140.9 1884488
2141.4 1884456
2141.9 1884456
2142.4 1884456
2142.9 1884456
2143.4 1884456
2143.9 1884456
2144.4 1884456
2144.9 1890136
2145.4 1889808
2145.9 1890044
2146.4 1889836
2146.9 1889916
2147.4 1889992
2147.9 1890120
2148.4 1890248
2148.9 1890088
2149.4 1889996
2149.9 1889940
2150.4 1889484
2150.9 1889640
2151.4 1889624
2151.9 1889592
2152.4 1890516
2152.9 1890344
2153.4 1890072
2153.9 1890264
2154.4 1890184
2154.9 1890268
2155.4 1890048
2155.9 1890128
2156.4 1889908
2156.9 1889784
2157.4 1889656
2157.9 1889688
2158.4 1889688
2158.9 1889860
2159.4 1890304
2159.9 1890224
2160.4 1890348
2160.9 1890636
2161.4 1890364
2161.9 1890396
2162.4 1890380
2162.9 1890664
2163.4 1890948
2163.9 1890396
2164.4 1890032
2164.9 1890404
2165.4 1889852
2165.9 1889916
2166.4 1889756
2166.9 1884068
2167.4 1884068
2167.9 1884068
2168.5 1884036
2169.1 1884036
2169.7 1884036
2170.4 1884028
2170.9 1884028
2171.4 1884028
2172.0 1884028
2172.5 1884028
2173.1 1884028
2173.6 1884060
2174.1 1884060
2174.6 1884060
2175.1 1884060
2175.6 1884060
2176.1 1884060
2176.6 1884060
2177.1 1884060
2177.6 1884028
2178.2 1884028
2178.7 1884028
2179.2 1884028
2179.7 1884028
2180.2 1884028
2180.7 1884060
2181.2 1884060
2181.7 1884060
2182.3 1884028
2182.8 1884028
2183.3 1884028
2183.8 1884028
2184.3 1884028
2184.8 1884028
2185.3 1884028
2185.9 1884028
2186.4 1884028
2186.9 1884028
2187.4 1883996
2187.9 1884060
2188.4 1884060
2188.9 1884060
2189.4 1884060
2189.9 1889860
2190.4 1890144
2190.9 1890048
2191.4 1890096
2191.9 1890364
2192.4 1890224
2192.9 1890488
2193.4 1890064
2193.9 1890380
2194.4 1890080
2194.9 1890292
2195.4 1890292
2195.9 1890244
2196.4 1890056
2196.9 1889616
2197.4 1889964
2197.9 1889724
2198.4 1890228
2198.9 1890468
2199.4 1890388
2199.9 1890268
2200.4 1889968
2200.9 1890208
2201.4 1890144
2201.9 1890380
2202.4 1890300
2202.9 1890332
2203.4 1890316
2203.9 1890756
2204.4 1890472
2204.9 1890464
2205.4 1890056
2205.9 1890292
2206.4 1890356
2206.9 1890212
2207.4 1890372
2207.9 1890356
2208.4 1890308
2208.9 1890244
2209.4 1890216
2209.9 1889652
2210.4 1889544
2210.9 1889228
2211.4 1889592
2211.9 1886484
2212.5 1883972
2213.0 1883972
2213.5 1883972
2214.0 1883972
2214.5 1883940
2215.0 1883940
2215.5 1883932
2216.0 1883932
2216.5 1883932
2217.0 1883932
2217.5 1883932
2218.0 1883932
2218.5 1883932
2219.0 1883932
2219.5 1883900
2220.0 1883964
2220.5 1883964
2221.0 1883964
2221.5 1883964
2222.1 1883964
2222.6 1883964
2223.1 1883964
2223.6 1883964
2224.2 1883932
2224.7 1883932
2225.2 1883932
2225.7 1883932
2226.2 1883932
2226.8 1883932
2227.3 1883932
2227.8 1883932
2228.3 1883964
2228.8 1883932
2229.3 1883932
2229.8 1883932
2230.3 1883932
2230.8 1883932
2231.3 1883932
2231.8 1883932
2232.3 1883932
2232.8 1883932
2233.3 1883932
2233.8 1883900
2234.3 1883900
2234.8 1890264
2235.3 1890292
2235.8 1890388
2236.3 1890560
2236.8 1889992
2237.3 1890324
2237.8 1890412
2238.3 1890524
2238.8 1890632
2239.3 1890380
2239.8 1890388
2240.3 1890668
2240.8 1890032
2241.3 1890380
2241.8 1890348
2242.3 1890380
2242.8 1890364
2243.3 1891012
2243.8 1890364
2244.3 1890460
2244.8 1890296
2245.3 1890312
2245.8 1890076
2246.3 1890012
2246.8 1889808
2247.3 1889888
2247.8 1889620
2248.3 1889888
2248.8 1889728
2249.3 1889936
2249.8 1890116
2250.3 1890432
2250.8 1890352
2251.3 1890240
2251.8 1890320
2252.3 1890556
2252.8 1890432
2253.3 1890196
2253.8 1890300
2254.3 1890464
2254.8 1890408
2255.3 1890152
2255.8 1890252
2256.3 1890172
2256.8 1886068
2257.3 1883880
2257.9 1883880
2258.4 1883880
2258.9 1883880
2259.4 1883880
2259.9 1883880
2260.4 1883872
2260.9 1883872
2261.4 1883872
2262.0 1883872
2262.5 1883840
2263.0 1883904
2263.5 1883904
2264.0 1883904
2264.5 1883904
2265.0 1883904
2265.5 1883904
2266.0 1883904
2266.5 1883872
2267.1 1883872
2267.6 1883872
2268.1 1883872
2268.6 1883872
2269.1 1883872
2269.6 1883872
2270.1 1883872
2270.6 1883936
2271.1 1883936
2271.6 1883904
2272.1 1883904
2272.6 1883904
2273.1 1883904
2273.6 1883904
2274.2 1883904
2274.7 1883904
2275.2 1883904
2275.7 1883904
2276.3 1883872
2276.8 1883872
2277.3 1883872
2277.8 1883872
2278.3 1883904
2278.8 1883904
2279.3 1883904
2279.8 1889320
2280.3 1890028
2280.8 1890140
2281.3 1889568
2281.8 1890092
2282.3 1890232
2282.8 1890644
2283.3 1890724
2283.8 1890024
2284.3 1890392
2284.8 1890368
2285.3 1890084
2285.8 1890288
2286.3 1890540
2286.8 1890320
2287.3 1890020
2287.8 1889956
2288.3 1890004
2288.8 1890036
2289.3 1889968
2289.8 1890240
2290.3 1890376
2290.8 1890452
2291.3 1890232
2291.8 1889884
2292.3 1890044
2292.8 1890112
2293.3 1890492
2293.8 1890336
2294.3 1890192
2294.8 1890012
2295.3 1890076
2295.8 1890184
2296.3 1889916
2296.8 1889460
2297.3 1889760
2297.8 1889444
2298.3 1889348
2298.8 1889492
2299.3 1889460
2299.8 1889480
2300.3 1889608
2300.8 1889880
2301.3 1889720
2301.8 1889736
2302.3 1883968
2302.8 1883968
2303.3 1883968
2303.8 1883968
2304.3 1883968
2304.8 1883936
2305.3 1883936
2305.8 1883928
2306.3 1883928
2306.8 1883928
2307.3 1883928
2307.8 1883960
2308.3 1883960
2308.8 1883928
2309.3 1883928
2309.8 1883928
2310.4 1883928
2310.9 1883928
2311.4 1883928
2311.9 1883928
2312.4 1883928
2312.9 1883928
2313.4 1883928
2313.9 1883896
2314.4 1883896
2314.9 1883896
2315.4 1883896
2315.9 1883960
2316.4 1883960
2316.9 1883960
2317.4 1883960
2317.9 1883960
2318.4 1883928
2318.9 1883928
2319.4 1883928
2320.0 1883928
2320.5 1883928
2321.0 1883928
2321.6 1883928
2322.1 1883928
2322.6 1883992
2323.1 1883960
2323.6 1883960
2324.1 1883960
2324.6 1883928
2325.1 1890004
2325.6 1889956
2326.1 1890068
2326.6 1890148
2327.1 1890464
2327.6 1890208
2328.1 1890256
2328.6 1889816
2329.1 1890004
2329.6 1890140
2330.1 1889980
2330.6 1890280
2331.1 1890296
2331.6 1889304
2332.1 1889508
2332.6 1889712
2333.1 1889712
2333.6 1889616
2334.1 1889920
2334.6 1889964
2335.1 1890292
2335.6 1890464
2336.1 1890608
2336.6 1890308
2337.1 1890276
2337.6 1890100
2338.1 1890592
2338.6 1890228
2339.1 1890260
2339.6 1890292
2340.1 1890208
2340.6 1890208
2341.1 1890256
2341.6 1890492
2342.1 1890080
2342.6 1891076
2343.1 1890208
2343.6 1890064
2344.1 1890352
2344.6 1890428
2345.1 1889936
2345.6 1890096
2346.1 1890392
2346.6 1890408
2347.1 1884388
2347.6 1884388
2348.1 1884388
2348.6 1884388
2349.1 1884388
2349.6 1884388
2350.1 1884388
2350.6 1884416
2351.1 1884416
2351.6 1884384
2352.1 1884384
2352.6 1884384
2353.1 1884384
2353.6 1884384
2354.1 1884384
2354.6 1884384
2355.1 1884384
2355.6 1884384
2356.1 1884352
2356.6 1884352
2357.1 1884352
2357.6 1884352
2358.1 1884416
2358.6 1884416
2359.2 1884416
2359.7 1884416
2360.2 1884416
2360.7 1884416
2361.2 1884384
2361.7 1884384
2362.2 1884384
2362.7 1884384
2363.2 1884384
2363.7 1884384
2364.2 1884384
2364.7 1884384
2365.2 1884448
2365.8 1884416
2366.3 1884416
2366.8 1884416
2367.3 1884416
2367.8 1884416
2368.3 1884416
2368.8 1884416
2369.3 1884416
2369.8 1891680
2370.3 1889752
2370.8 1890124
2371.3 1889792
2371.8 1889884
2372.3 1890612
2372.8 1890404
2373.3 1890816
2373.8 1890272
2374.3 1890380
2374.8 1890184
2375.3 1890136
2375.8 1890044
2376.3 1889884
2376.8 1890104
2377.3 1890328
2377.8 1890372
2378.3 1890436
2378.8 1890564
2379.3 1890404
2379.8 1890412
2380.3 1890492
2380.8 1890256
2381.3 1889704
2381.8 1889688
2382.3 1889452
2382.8 1889324
2383.3 1889420
2383.8 1889388
2384.3 1889576
2384.8 1890272
2385.3 1890080
2385.8 1890224
2386.3 1890288
2386.8 1890256
2387.3 1890384
2387.8 1890208
2388.3 1890256
2388.8 1889988
2389.3 1889812
2389.8 1889780
2390.3 1889716
2390.8 1889320
2391.3 1889700
2391.8 1889228
2392.3 1883824
2392.8 1883824
2393.3 1883824
2393.8 1883824
2394.3 1883792
2394.8 1883792
2395.3 1883792
2395.8 1883788
2396.3 1883788
2396.8 1883788
2397.4 1883820
2397.9 1883820
2398.4 1883820
2398.9 1883788
2399.4 1883788
2399.9 1883788
2400.4 1883788
2400.9 1883788
2401.4 1883788
2401.9 1883788
2402.4 1883788
2402.9 1883788
2403.4 1883820
2403.9 1883820
2404.4 1883820
2404.9 1883820
2405.4 1883820
2405.9 1883820
2406.4 1883820
2406.9 1883820
2407.4 1883820
2407.9 1883788
2408.4 1883788
2408.9 1883788
2409.4 1883788
2409.9 1883788
2410.4 1883788
2411.0 1883788
2411.5 1883820
2412.0 1883820
2412.5 1883820
2413.0 1883820
2413.5 1883788
2414.0 1883788
2414.5 1883788
2415.0 1889468
2415.5 1890208
2416.0 1890192
2416.5 1890080
2417.0 1890112
2417.5 1890588
2418.0 1890460
2418.5 1889972
2419.0 1889720
2419.5 1889956
2420.0 1890300
2420.5 1890140
2421.0 1889936
2421.5 1889984
2422.0 1889824
2422.5 1890016
2423.0 1889968
2423.5 1889904
2424.0 1890016
2424.5 1890708
2425.0 1890196
2425.5 1890416
2426.0 1890652
2426.5 1890384
2427.0 1890448
2427.5 1890544
2428.0 1890496
2428.5 1889740
2429.0 1889520
2429.5 1889312
2430.0 1889960
2430.5 1890008
2431.0 1890416
2431.5 1890480
2432.0 1890368
2432.5 1890384
2433.0 1890496
2433.5 1890528
2434.0 1890624
2434.5 1890276
2435.0 1890060
2435.5 1890604
2436.0 1890092
2436.5 1890916
2437.0 1884024
2437.5 1884024
2438.0 1884024
2438.5 1884024
2439.0 1884024
2439.5 1884024
2440.0 1884020
2440.5 1884020
2441.0 1884020
2441.5 1883988
2442.0 1883988
2442.5 1883988
2443.0 1883988
2443.5 1883988
2444.0 1884020
2444.5 1884020
2445.0 1884020
2445.5 1883988
2446.0 1883988
2446.5 1883988
2447.0 1883988
2447.5 1883988
2448.0 1883988
2448.5 1883988
2449.1 1883988
2449.6 1883988
2450.1 1883988
2450.6 1883988
2451.1 1883988
2451.6 1884020
2452.1 1884020
2452.6 1884020
2453.1 1884020
2453.6 1884020
2454.1 1884020
2454.6 1884020
2455.1 1884020
2455.7 1883988
2456.2 1883988
2456.7 1883988
2457.2 1883988
2457.7 1883988
2458.2 1883988
2458.7 1883988
2459.2 1883988
2459.7 1883988
2460.2 1890076
2460.7 1889936
2461.2 1890188
2461.7 1890376
2462.2 1890124
2462.7 1890472
2463.2 1890344
2463.7 1889820
2464.2 1889824
2464.7 1889996
2465.2 1890292
2465.7 1889928
2466.2 1889880
2466.7 1889928
2467.2 1889768
2467.7 1891468
2468.2 1891260
2468.7 1890684
2469.2 1890652
2469.7 1890368
2470.2 1889828
2470.7 1889924
2471.2 1890380
2471.7 1890428
2472.2 1890600
2472.7 1890192
2473.2 1890380
2473.7 1890492
2474.2 1890048
2474.7 1890192
2475.2 1890436
2475.7 1890436
2476.2 1890372
2476.7 1890088
2477.2 1890216
2477.7 1890072
2478.2 1890280
2478.7 1890420
2479.2 1890372
2479.7 1890372
2480.2 1890080
2480.7 1890332
2481.2 1890220
2481.7 1890316
2482.2 1890236
2482.7 1889844
2483.2 1884416
2483.7 1884416
2484.2 1884416
2484.7 1884416
2485.2 1884408
2485.7 1884408
2486.2 1884408
2486.7 1884408
2487.2 1884408
2487.7 1884408
2488.3 1884408
2488.8 1884408
2489.3 1884440
2489.8 1884440
2490.3 1884440
2490.8 1884440
2491.3 1884440
2491.8 1884440
2492.3 1884440
2492.8 1884408
2493.3 1884408
2493.8 1884408
2494.3 1884408
2494.8 1884408
2495.3 1884408
2495.8 1884408
2496.4 1884440
2496.9 1884440
2497.5 1884408
2498.0 1884408
2498.5 1884408
2499.0 1884408
2499.6 1884408
2500.1 1884408
2500.7 1884408
2501.2 1884408
2501.7 1884408
2502.2 1884408
2502.7 1884376
2503.2 1884440
2503.7 1884440
2504.2 1884440
2504.7 1889296
2505.2 1890136
2505.7 1890404
2506.2 1890704
2506.7 1890216
2507.2 1889804
2507.7 1889788
2508.2 1889900
2508.7 1889804
2509.2 1889884
2509.7 1890380
2510.2 1890004
2510.7 1890156
2511.2 1890456
2511.7 1890188
2512.2 1890392
2512.7 1890204
2513.2 1889812
2513.7 1889808
2514.2 1889976
2514.7 1890144
2515.2 1890032
2515.7 1890096
2516.2 1890332
2516.7 1890492
2517.2 1890316
2517.7 1890236
2518.2 1890412
2518.7 1890412
2519.2 1890444
2519.7 1890576
2520.2 1890308
2520.7 1890292
2521.2 1890356
2521.7 1890120
2522.2 1889960
2522.7 1890056
2523.2 1890056
2523.7 1890040
2524.2 1890184
2524.7 1890016
2525.2 1890412
2525.7 1890096
2526.2 1890096
2526.7 1890016
2527.2 1890316
2527.7 1890396
2528.2 1884288
2528.7 1884288
2529.2 1884288
2529.7 1884288
2530.2 1884288
2530.7 1884280
2531.2 1884280
2531.7 1884248
2532.2 1884248
2532.7 1884248
2533.2 1884248
2533.7 1884280
2534.2 1884280
2534.7 1884280
2535.2 1884280
2535.7 1884248
2536.2 1884248
2536.7 1884248
2537.3 1884248
2537.8 1884248
2538.3 1884248
2538.8 1884248
2539.3 1884248
2539.8 1884248
2540.3 1884216
2540.8 1884216
2541.3 1884280
2541.8 1884280
2542.3 1884280
2542.8 1884280
2543.3 1884280
2543.8 1884280
2544.3 1884280
2544.8 1884280
2545.3 1884280
2545.8 1884248
2546.3 1884248
2546.8 1884248
2547.3 1884248
2547.8 1884248
2548.3 1884248
2548.8 1884248
2549.3 1884248
2549.8 1890760
2550.3 1890316
2550.8 1890616
2551.3 1890048
2551.8 1890080
2552.3 1890020
2552.8 1889700
2553.3 1890284
2553.8 1890252
2554.3 1890300
2554.8 1890412
2555.3 1890204
2555.8 1889512
2556.3 1889860
2556.8 1889656
2557.3 1889468
2557.8 1889388
2558.3 1889388
2558.8 1889496
2559.3 1890020
2559.8 1889680
2560.3 1890236
2560.8 1890220
2561.3 1890028
2561.8 1889920
2562.3 1890312
2562.8 1890376
2563.3 1890472
2563.8 1890880
2564.3 1890312
2564.8 1890488
2565.3 1889872
2565.8 1889904
2566.3 1889920
2566.8 1889996
2567.3 1890108
2567.8 1890280
2568.3 1890012
2568.8 1890408
2569.3 1890280
2569.8 1890636
2570.3 1890084
2570.8 1890256
2571.3 1889912
2571.8 1890416
2572.3 1890004
2572.8 1888836
2573.3 1884144
2573.8 1884144
2574.4 1884144
2574.9 1884144
2575.4 1884136
2575.9 1884136
2576.4 1884136
2576.9 1884136
2577.4 1884136
2577.9 1884104
2578.4 1884104
2578.9 1884104
2579.5 1884104
2580.0 1884168
2580.5 1884168
2581.0 1884168
2581.5 1884168
2582.0 1884168
2582.5 1884136
2583.0 1884136
2583.5 1884136
2584.0 1884136
2584.5 1884136
2585.0 1884136
2585.5 1884136
2586.0 1884168
2586.5 1884168
2587.0 1884168
2587.5 1884168
2588.0 1884136
2588.5 1884136
2589.0 1884136
2589.5 1884136
2590.0 1884136
2590.6 1884136
2591.1 1884136
2591.6 1884136
2592.1 1884104
2592.7 1884104
2593.2 1884104
2593.7 1884168
2594.2 1884168
2594.7 1888648
2595.2 1890092
2595.7 1890684
2596.2 1890500
2596.7 1890452
2597.2 1890328
2597.7 1890140
2598.2 1890264
2598.7 1890360
2599.2 1890216
2599.7 1890048
2600.2 1889952
2600.7 1890112
2601.2 1890128
2601.7 1890032
2602.2 1890220
2602.7 1890172
2603.2 1890300
2603.7 1890012
2604.2 1890168
2604.7 1889972
2605.2 1890604
2605.7 1890144
2606.2 1890604
2606.7 1890400
2607.2 1890068
2607.7 1890368
2608.2 1890352
2608.7 1890304
2609.2 1890336
2609.7 1890520
2610.2 1890204
2610.7 1889952
2611.2 1890220
2611.7 1890600
2612.2 1890552
2612.7 1890536
2613.2 1890456
2613.7 1890456
2614.2 1890428
2614.7 1890312
2615.2 1890328
2615.7 1890200
2616.2 1890232
2616.7 1889712
2617.2 1889460
2617.7 1890092
2618.2 1884280
2618.7 1884280
2619.2 1884280
2619.7 1884280
2620.2 1884280
2620.7 1884244
2621.2 1884244
2621.8 1884244
2622.3 1884244
2622.8 1884244
2623.3 1884244
2623.8 1884276
2624.3 1884276
2624.8 1884276
2625.3 1884276
2625.8 1884244
2626.3 1884244
2626.8 1884244
2627.3 1884244
2627.8 1884244
2628.4 1884244
2628.9 1884244
2629.4 1884244
2629.9 1884212
2630.4 1884212
2630.9 1884276
2631.4 1884276
2631.9 1884276
2632.4 1884276
2632.9 1884276
2633.4 1884276
2633.9 1884276
2634.5 1884276
2635.0 1884244
2635.5 1884244
2636.0 1884244
2636.5 1884244
2637.0 1884244
2637.5 1884244
2638.0 1884276
2638.5 1884276
2639.0 1884276
2639.5 1884276
2640.0 1890120
2640.5 1889984
2641.0 1889576
2641.5 1889940
2642.0 1889720
2642.5 1889700
2643.0 1889780
2643.5 1889812
2644.0 1890536
2644.5 1890424
2645.0 1890264
2645.5 1890280
2646.0 1890564
2646.5 1891180
2647.0 1890152
2647.5 1889964
2648.0 1889760
2648.5 1890328
2649.0 1890204
2649.5 1890376
2650.0 1890508
2650.5 1890100
2651.0 1890572
2651.5 1890084
2652.0 1890100
2652.5 1890196
2653.0 1890336
2653.5 1890036
2654.0 1890036
2654.5 1889800
2655.0 1890092
2655.5 1890344
2656.0 1890500
2656.5 1890280
2657.0 1890404
2657.5 1890264
2658.0 1890312
2658.5 1890360
2659.0 1890280
2659.5 1890452
2660.0 1890056
2660.5 1889488
2661.0 1890276
2661.5 1890340
2662.0 1890260
2662.5 1890212
2663.0 1884224
2663.5 1884288
2664.0 1884288
2664.5 1884288
2665.0 1884288
2665.5 1884288
2666.1 1884284
2666.6 1884284
2667.1 1884284
2667.6 1884252
2668.1 1884252
2668.6 1884252
2669.1 1884252
2669.6 1884252
2670.1 1884252
2670.7 1884252
2671.2 1884284
2671.7 1884284
2672.2 1884284
2672.7 1884284
2673.2 1884252
2673.7 1884252
2674.2 1884252
2674.7 1884252
2675.2 1884252
2675.7 1884252
2676.3 1884252
2676.8 1884252
2677.3 1884252
2677.8 1884252
2678.3 1884284
2678.8 1884284
2679.3 1884284
2679.8 1884284
2680.3 1884284
2680.8 1884284
2681.3 1884284
2681.8 1884252
2682.3 1884252
2682.8 1884252
2683.3 1884252
2683.8 1884252
2684.3 1884252
2684.8 1890352
2685.3 1890288
2685.8 1890304
2686.3 1890400
2686.8 1890192
2687.3 1890304
2687.8 1890352
2688.3 1890256
2688.8 1890256
2689.3 1890256
2689.8 1890760
2690.3 1890508
2690.8 1890208
2691.3 1890508
2691.8 1890352
2692.3 1890480
2692.8 1890588
2693.3 1890604
2693.8 1890540
2694.3 1890176
2694.8 1890284
2695.3 1890284
2695.8 1890584
2696.3 1890312
2696.8 1890128
2697.3 1890700
2697.8 1890324
2698.3 1890104
2698.8 1889820
2699.3 1890088
2699.8 1890572
2700.3 1890368
2700.8 1890796
2701.3 1890416
2701.8 1890508
2702.3 1890068
2702.8 1890496
2703.3 1890496
2703.8 1890620
2704.3 1890020
2704.8 1890540
2705.3 1890240
2705.8 1890160
2706.3 1890352
2706.8 1890176
2707.3 1890272
2707.8 1890384
2708.4 1884460
2708.9 1884460
2709.4 1884460
2709.9 1884460
2710.4 1884460
2710.9 1884428
2711.4 1884428
2711.9 1884428
2712.4 1884428
2712.9 1884428
2713.5 1884428
2714.0 1884428
2714.5 1884460
2715.0 1884428
2715.5 1884428
2716.0 1884428
2716.5 1884428
2717.0 1884428
2717.5 1884428
2718.0 1884428
2718.5 1884428
2719.0 1884428
2719.5 1884428
2720.0 1884428
2720.5 1884460
2721.0 1884460
2721.5 1884460
2722.0 1884460
2722.5 1884460
2723.0 1884460
2723.5 1884460
2724.0 1884460
2724.5 1884428
2725.0 1884428
2725.5 1884428
2726.0 1884428
2726.5 1884428
2727.0 1884428
2727.5 1884428
2728.0 1884428
2728.5 1884460
2729.0 1884428
2729.5 1884428
2730.0 1890088
2730.5 1890168
2731.0 1890440
2731.5 1890044
2732.0 1890452
2732.5 1890516
2733.0 1890248
2733.5 1890500
2734.0 1890296
2734.5 1889900
2735.0 1890116
2735.5 1890448
2736.0 1890616
2736.5 1890220
2737.0 1890204
2737.5 1890408
2738.0 1890188
2738.5 1890284
2739.0 1890908
2739.5 1890528
2740.0 1890520
2740.5 1890348
2741.0 1890268
2741.5 1890064
2742.0 1890236
2742.5 1890648
2743.0 1890520
2743.5 1890412
2744.0 1890692
2744.5 1890632
2745.0 1890516
2745.5 1890484
2746.0 1890500
2746.5 1890264
2747.0 1890248
2747.5 1890420
2748.0 1890136
2748.5 1890756
2749.0 1890280
2749.5 1890280
2750.0 1890180
2750.5 1889960
2751.0 1889724
2751.5 1889644
2752.0 1890196
2752.5 1890592
2753.0 1884248
2753.5 1884248
2754.0 1884248
2754.5 1884248
2755.0 1884248
2755.5 1884240
2756.0 1884240
2756.5 1884240
2757.0 1884208
2757.5 1884208
2758.0 1884272
2758.5 1884272
2759.0 1884272
2759.6 1884272
2760.1 1884272
2760.6 1884272
2761.1 1884272
2761.6 1884272
2762.1 1884240
2762.6 1884240
2763.1 1884240
2763.6 1884240
2764.1 1884240
2764.6 1884240
2765.1 1884240
2765.6 1884240
2766.1 1884272
2766.6 1884272
2767.1 1884272
2767.6 1884272
2768.1 1884272
2768.6 1884272
2769.1 1884272
2769.6 1884272
2770.1 1884272
2770.6 1884272
2771.1 1884240
2771.6 1884240
2772.1 1884240
2772.6 1884240
2773.1 1884272
2773.6 1884272
2774.1 1884272
2774.6 1884272
2775.1 1890316
2775.6 1890328
2776.1 1890156
2776.6 1890156
2777.1 1890676
2777.6 1890332
2778.1 1890488
2778.6 1890392
2779.1 1890456
2779.6 1890456
2780.1 1890416
2780.6 1890528
2781.1 1890560
2781.6 1890340
2782.1 1889708
2782.6 1889440
2783.1 1889504
2783.6 1889360
2784.1 1889456
2784.6 1889344
2785.1 1890208
2785.6 1890412
2786.1 1890256
2786.6 1890516
2787.1 1890328
2787.6 1890152
2788.1 1890120
2788.6 1890532
2789.1 1890544
2789.6 1890420
2790.1 1890492
2790.6 1890224
2791.1 1890192
2791.6 1890288
2792.1 1890492
2792.6 1889840
2793.1 1890588
2793.6 1890192
2794.1 1890036
2794.6 1890004
2795.1 1890080
2795.6 1890048
2796.1 1889920
2796.6 1889904
2797.1 1890316
2797.6 1890064
2798.1 1884068
2798.6 1884100
2799.1 1884100
2799.6 1884100
2800.1 1884064
2800.6 1884064
2801.2 1884064
2801.7 1884064
2802.2 1884064
2802.7 1884064
2803.2 1884064
2803.7 1884064
2804.2 1884032
2804.7 1884032
2805.2 1884032
2805.7 1884032
2806.2 1884096
2806.7 1884096
2807.2 1884096
2807.7 1884096
2808.2 1884096
2808.7 1884096
2809.2 1884096
2809.7 1884064
2810.2 1884064
2810.7 1884064
2811.2 1884064
2811.7 1884064
2812.2 1884064
2812.7 1884064
2813.2 1884064
2813.7 1884096
2814.2 1884096
2814.7 1884096
2815.2 1884096
2815.7 1884096
2816.2 1884096
2816.7 1884096
2817.2 1884096
2817.7 1884096
2818.2 1884096
2818.7 1884064
2819.2 1884064
2819.7 1884064
2820.2 1889800
2820.7 1889672
2821.2 1889848
2821.7 1889908
2822.2 1890288
2822.7 1890336
2823.2 1890192
2823.7 1890336
2824.2 1890312
2824.7 1890628
2825.2 1890416
2825.7 1890276
2826.2 1890340
2826.7 1890260
2827.2 1890404
2827.7 1890260
2828.2 1889992
2828.7 1889960
2829.2 1889912
2829.7 1890180
2830.2 1889972
2830.7 1889924
2831.2 1889940
2831.7 1889940
2832.2 1890096
2832.7 1890128
2833.2 1890588
2833.7 1890428
2834.2 1890492
2834.7 1890232
2835.2 1890688
2835.7 1890152
2836.2 1890516
2836.7 1890452
2837.2 1889996
2837.7 1890484
2838.2 1890548
2838.7 1890120
2839.2 1890312
2839.7 1890452
2840.2 1890208
2840.7 1890256
2841.2 1890792
2841.7 1890320
2842.2 1890304
2842.7 1890320
2843.2 1884348
2843.7 1884348
2844.2 1884348
2844.7 1884348
2845.2 1884340
2845.7 1884340
2846.2 1884340
2846.7 1884308
2847.2 1884308
2847.7 1884308
2848.2 1884308
2848.7 1884372
2849.2 1884372
2849.7 1884372
2850.2 1884372
2850.7 1884372
2851.2 1884340
2851.7 1884340
2852.2 1884340
2852.7 1884340
2853.2 1884340
2853.7 1884340
2854.2 1884340
2854.7 1884340
2855.2 1884340
2855.7 1884404
2856.2 1884372
2856.7 1884372
2857.2 1884372
2857.7 1884372
2858.2 1884372
2858.7 1884372
2859.2 1884372
2859.7 1884372
2860.2 1884372
2860.7 1884340
2861.2 1884340
2861.7 1884340
2862.2 1884340
2862.7 1884340
2863.2 1884340
2863.7 1884372
2864.2 1884372
2864.7 1884372
2865.2 1890120
2865.7 1890160
2866.2 1890244
2866.7 1890296
2867.2 1890304
2867.7 1890728
2868.2 1890208
2868.7 1890288
2869.2 1890332
2869.7 1890412
2870.2 1890432
2870.7 1890212
2871.2 1890448
2871.7 1890496
2872.2 1890164
2872.7 1890164
2873.2 1889660
2873.7 1889708
2874.2 1889660
2874.7 1889628
2875.2 1890140
2875.7 1890692
2876.2 1890292
2876.7 1890228
2877.2 1890308
2877.7 1890244
2878.2 1890228
2878.7 1890260
2879.2 1890700
2879.7 1890368
2880.2 1890016
2880.7 1890236
2881.2 1890520
2881.7 1890204
2882.2 1890252
2882.7 1890468
2883.2 1890596
2883.7 1890832
2884.2 1890092
2884.7 1890220
2885.2 1890588
2885.7 1890348
2886.2 1890444
2886.7 1890348
2887.2 1890124
2887.7 1890380
2888.2 1884664
2888.7 1884568
2889.2 1884568
2889.7 1884568
2890.2 1884568
2890.7 1884592
2891.2 1884592
2891.7 1884592
2892.2 1884592
2892.7 1884592
2893.2 1884592
2893.7 1884560
2894.2 1884560
2894.7 1884560
2895.2 1884560
2895.7 1884560
2896.2 1884560
2896.7 1884560
2897.2 1884560
2897.7 1884560
2898.2 1884560
2898.7 1884592
2899.2 1884592
2899.7 1884592
2900.2 1884592
2900.7 1884592
2901.2 1884592
2901.7 1884592
2902.2 1884592
2902.7 1884560
2903.2 1884560
2903.7 1884560
2904.2 1884560
2904.7 1884560
2905.2 1884560
2905.7 1884592
2906.2 1884592
2906.7 1884592
2907.2 1884592
2907.7 1884560
2908.2 1884560
2908.7 1884560
2909.2 1884560
2909.7 1891328
2910.2 1890296
2910.7 1890404
2911.2 1890372
2911.7 1890308
2912.2 1890372
2912.7 1890200
2913.2 1890344
2913.7 1889960
2914.2 1889948
2914.7 1890272
2915.2 1889924
2915.7 1889956
2916.2 1889640
2916.7 1889436
2917.2 1890084
2917.7 1889980
2918.2 1889964
2918.7 1889776
2919.2 1889776
2919.7 1889672
2920.2 1889688
2920.7 1890004
2921.2 1890208
2921.7 1890484
2922.2 1889960
2922.7 1890152
2923.2 1890420
2923.7 1890908
2924.2 1890500
2924.7 1889752
2925.2 1890228
2925.7 1890276
2926.2 1890416
2926.7 1890164
2927.2 1890432
2927.7 1890432
2928.2 1890416
2928.7 1890260
2929.2 1890228
2929.7 1890292
2930.2 1890216
2930.7 1890200
2931.2 1890264
2931.7 1890356
2932.2 1890060
2932.7 1889996
2933.3 1884008
2934.2 1884008
2935.0 1884008
2937.8 1884008
2938.3 1884008
2939.2 1883976
2940.0 1883976
2941.9 1884040
2943.4 1884040
2944.1 1884040
2945.2 1884040
2947.1 1884040
2947.6 1884040
2948.1 1884040
2948.6 1884008
2949.6 1884008
2950.3 1884008
2952.5 1884008
2953.0 1884008
2954.5 1884008
2955.0 1889852
2955.5 1889740
2956.0 1890184
2956.5 1889836
2957.0 1890088
2957.5 1890720
2958.0 1890388
2958.5 1890452
2959.0 1890324
2959.5 1890372
2960.0 1890288
2960.5 1890288
2961.0 1889988
2961.5 1890116
2962.0 1890180
2962.5 1890352
2963.0 1890668
2963.5 1890400
2964.0 1890336
2964.5 1890496
2965.0 1890076
2965.5 1890424
2966.0 1890392
2966.5 1890392
2967.0 1890092
2967.5 1889920
2968.0 1889352
2968.5 1889760
2969.0 1889888
2969.5 1890328
2970.0 1890336
2970.5 1890400
2971.0 1890192
2971.5 1890304
2972.0 1889956
2972.5 1890256
2973.0 1890304
2973.5 1890272
2974.0 1889924
2974.5 1890448
2975.0 1890012
2975.5 1890140
2976.0 1890108
2976.5 1889904
2977.0 1889776
2977.5 1890132
2978.0 1884268
2978.5 1884268
2979.0 1884268
2979.8 1884268
2980.3 1884236
2982.1 1884232
2983.9 1884296
2984.4 1884296
2985.6 1884296
2986.1 1884296
2986.6 1884296
2988.5 1884264
2989.9 1884264
2991.7 1884264
2992.5 1884264
2994.0 1884264
2995.8 1884264
2996.3 1884264
2996.8 1884264
2999.5 1884296
3000.0 1890168
