1.5 1862396
3.5 1862396
4.2 1862396
6.5 1862396
8.4 1862396
10.2 1862396
12.1 1862460
12.6 1862460
13.1 1862428
13.8 1862428
18.9 1862428
19.4 1862428
19.9 1862428
21.0 1862428
22.8 1862396
26.5 1862396
27.0 1862396
28.4 1862396
29.5 1862428
30.0 1868064
30.5 1869112
31.0 1869832
31.5 1871220
32.0 1871464
32.5 1871448
33.0 1870284
33.5 1869792
34.0 1870316
34.5 1870040
35.0 1869892
35.5 1869956
36.0 1870524
36.5 1870208
37.0 1870572
37.5 1870112
38.0 1869860
38.5 1870396
39.0 1869924
39.5 1869908
40.0 1869792
40.5 1869648
41.0 1870152
41.5 1870184
42.0 1870404
42.5 1870088
43.0 1869788
43.5 1870408
44.0 1869888
44.5 1869980
45.0 1869496
45.5 1869636
46.0 1870540
46.5 1870336
47.0 1870348
47.5 1870428
48.0 1869560
48.5 1869592
49.0 1869844
49.5 1869704
50.0 1869664
50.5 1869776
51.0 1870296
51.5 1869776
52.0 1863880
52.5 1863880
54.3 1863880
54.8 1863880
56.7 1863872
58.4 1863872
58.9 1863872
59.4 1863840
60.6 1863840
61.1 1863840
62.5 1863904
63.6 1863904
64.1 1863904
64.6 1863904
65.6 1863904
67.4 1863904
69.1 1863872
74.0 1863872
74.5 1863872
75.0 1870152
75.5 1870152
76.0 1870040
76.5 1870024
77.0 1870224
77.5 1870424
78.0 1870224
78.5 1870316
79.0 1870396
79.5 1870064
80.0 1869992
80.5 1870136
81.0 1869868
81.5 1869172
82.0 1869648
82.5 1870120
83.0 1869696
83.5 1869396
84.0 1869348
84.5 1870008
85.0 1870852
85.5 1870480
86.0 1870480
86.5 1870068
87.0 1870432
87.5 1869816
88.0 1869920
88.5 1870236
89.0 1870204
89.5 1870440
90.0 1869928
90.5 1870288
91.0 1870180
91.5 1870100
92.0 1870020
92.5 1869516
93.0 1870068
93.5 1870052
94.0 1870100
94.5 1870100
95.0 1870092
95.5 1870060
96.0 1870028
96.5 1870556
97.0 1864104
97.5 1864104
99.5 1864104
100.0 1864104
100.5 1864096
102.4 1864096
104.2 1864096
107.7 1864064
109.6 1864128
113.2 1864128
115.1 1864128
115.6 1864128
117.4 1864128
119.5 1864096
120.0 1870360
120.5 1870108
121.0 1870028
121.5 1869904
122.0 1870156
122.5 1869904
123.0 1869556
123.5 1869572
124.0 1869320
124.5 1869920
125.0 1870196
125.5 1870180
126.0 1870084
126.5 1870384
127.0 1870196
127.5 1870212
128.0 1870036
128.5 1870020
129.0 1870100
129.5 1870320
130.0 1870016
130.5 1869448
131.0 1869844
131.5 1869980
132.0 1870064
132.5 1870268
133.0 1870064
133.5 1870144
134.0 1869984
134.5 1870016
135.0 1871036
135.5 1870140
136.0 1870296
136.5 1870464
137.0 1870184
137.5 1870068
138.0 1870212
138.5 1869816
139.0 1870164
139.5 1869848
140.0 1870244
140.5 1870348
141.0 1869828
141.5 1870176
142.0 1864164
142.5 1864164
143.0 1864164
143.5 1864164
144.0 1864164
144.5 1864164
145.0 1864132
145.5 1864132
146.0 1864132
146.6 1864132
147.1 1864196
147.6 1864196
148.1 1864196
148.6 1864196
149.1 1864196
149.6 1864164
150.1 1864164
150.6 1864164
151.1 1864164
151.6 1864164
152.2 1864164
152.7 1864164
153.2 1864164
153.7 1864164
154.2 1864164
154.7 1864196
155.2 1864196
155.7 1864196
156.3 1864196
156.8 1864196
157.4 1864196
157.9 1864196
158.4 1864196
158.9 1864196
159.4 1864164
159.9 1864164
160.4 1864164
160.9 1864164
161.4 1864196
162.0 1864196
162.5 1864196
163.0 1864196
163.5 1864196
164.0 1864164
164.5 1864164
165.0 1870008
165.5 1870168
166.0 1870056
166.5 1870056
167.0 1869992
167.5 1870008
168.0 1870360
168.5 1870136
169.0 1869928
169.5 1870108
170.0 1870164
170.5 1870476
171.0 1869800
171.5 1870164
172.0 1870288
172.5 1870240
173.0 1870068
173.5 1870100
174.0 1870320
174.5 1869988
175.0 1869652
175.5 1869192
176.0 1869256
176.5 1869476
177.0 1869936
177.5 1869668
178.0 1869984
178.5 1869648
179.0 1869872
179.5 1870088
180.0 1869656
180.5 1870320
181.0 1869692
181.5 1869456
182.0 1869424
182.5 1869768
183.0 1870224
183.5 1870192
184.0 1869988
184.5 1870100
185.0 1870312
185.5 1870044
186.0 1870440
186.5 1870076
187.0 1864180
187.5 1864148
188.0 1864148
188.5 1864148
189.0 1864148
189.5 1864148
190.0 1864148
190.5 1864148
191.0 1864144
191.5 1864144
192.0 1864112
192.5 1864112
193.0 1864112
193.5 1864112
194.0 1864176
194.5 1864176
195.0 1864176
195.5 1864176
196.0 1864176
196.5 1864176
197.0 1864144
197.5 1864144
198.1 1864144
198.6 1864144
199.1 1864144
199.6 1864144
200.1 1864144
200.6 1864144
201.1 1864208
201.6 1864176
202.1 1864176
202.6 1864176
203.1 1864176
203.6 1864176
204.2 1864176
204.7 1864176
205.2 1864176
205.7 1864176
206.2 1864176
206.7 1864144
207.2 1864144
207.7 1864144
208.3 1864144
208.8 1864176
209.3 1864176
209.8 1870616
210.3 1869916
210.8 1869664
211.3 1869556
211.8 1869812
212.3 1869544
212.8 1869512
213.3 1869464
213.8 1869512
214.3 1869544
214.8 1869808
215.3 1869540
215.8 1869872
216.3 1870124
216.8 1870344
217.3 1870044
217.8 1870344
218.3 1870248
218.8 1869916
219.3 1870092
219.8 1870036
220.3 1870036
220.8 1870020
221.3 1870068
221.8 1870020
222.3 1869988
222.8 1869940
223.3 1870036
223.8 1870068
224.3 1870416
224.8 1870048
225.3 1870016
225.8 1870096
226.3 1870444
226.8 1870048
227.3 1870220
227.8 1870284
228.3 1870316
228.8 1870268
229.3 1870428
229.8 1870248
230.3 1870108
230.8 1870092
231.3 1870092
231.8 1867212
232.3 1864420
232.8 1864356
233.3 1864324
233.8 1864324
234.3 1864324
234.8 1864324
235.3 1864324
235.8 1864348
236.3 1864348
236.8 1864348
237.3 1864348
237.8 1864348
238.3 1864316
238.8 1864316
239.4 1864316
239.9 1864316
240.4 1864316
240.9 1864316
241.4 1864316
241.9 1864316
242.4 1864316
242.9 1864284
243.4 1864348
243.9 1864348
244.4 1864348
244.9 1864348
245.4 1864348
245.9 1864348
246.4 1864348
246.9 1864348
247.4 1864348
247.9 1864316
248.4 1864316
248.9 1864316
249.4 1864316
249.9 1864316
250.4 1864316
250.9 1864348
251.4 1864348
251.9 1864348
252.5 1864348
253.0 1864316
253.5 1864316
254.0 1864316
254.5 1864316
255.0 1870320
255.5 1870444
256.0 1869956
256.5 1870020
257.0 1870036
257.5 1869924
258.0 1870116
258.5 1870192
259.0 1869940
259.5 1870288
260.0 1870124
260.5 1870256
261.0 1869864
261.5 1870036
262.0 1869800
262.5 1869768
263.0 1870336
263.5 1870020
264.0 1869656
264.5 1870004
265.0 1870188
265.5 1870060
266.0 1870232
266.5 1869948
267.0 1870376
267.5 1870076
268.0 1870328
268.5 1870264
269.0 1870248
269.5 1870140
270.0 1869816
270.5 1870224
271.0 1870336
271.5 1870256
272.0 1870352
272.5 1870160
273.0 1870208
273.5 1869848
274.0 1869988
274.5 1870080
275.0 1870612
275.5 1870200
276.0 1870232
276.5 1870232
277.1 1864072
277.6 1864072
278.1 1864072
278.6 1864072
279.1 1864072
279.6 1864072
280.1 1864032
280.6 1864032
281.1 1864032
281.6 1864032
282.1 1864032
282.6 1864032
283.1 1864000
283.6 1864000
284.1 1864064
284.7 1864064
285.2 1864064
285.7 1864064
286.2 1864064
286.7 1864064
287.2 1864064
287.7 1864064
288.2 1864032
288.7 1864032
289.2 1864032
289.7 1864032
290.2 1864032
290.7 1864032
291.2 1864032
291.7 1864032
292.2 1864032
292.8 1864032
293.3 1864032
293.8 1864032
294.3 1864032
294.8 1864032
295.3 1864032
295.8 1864032
296.3 1864032
296.8 1864032
297.3 1864000
297.8 1864000
298.3 1864000
298.8 1864000
299.3 1864064
299.8 1869672
300.3 1870264
300.8 1870264
301.3 1870232
301.8 1870408
302.3 1869900
302.8 1870076
303.3 1870060
303.8 1870136
304.3 1870060
304.8 1870320
305.3 1870176
305.8 1870224
306.3 1869848
306.8 1870224
307.3 1870052
307.8 1870144
308.3 1870256
308.8 1869972
309.3 1870352
309.8 1870124
310.3 1869492
310.8 1870116
311.3 1870036
311.8 1869892
312.3 1869720
312.8 1869564
313.3 1869656
313.8 1869576
314.3 1869768
314.8 1869856
315.3 1869428
315.8 1869648
316.3 1869980
316.8 1870076
317.3 1869632
317.8 1869964
318.3 1869900
318.8 1870328
319.3 1870344
319.8 1870004
320.3 1869956
320.8 1870208
321.3 1870492
321.9 1864180
322.4 1864212
322.9 1864212
323.4 1864212
323.9 1864212
324.4 1864180
324.9 1864180
325.4 1864172
325.9 1864172
326.4 1864172
326.9 1864172
327.4 1864172
327.9 1864172
328.4 1864172
328.9 1864140
329.4 1864140
329.9 1864140
330.5 1864204
331.0 1864204
331.5 1864204
332.0 1864204
332.5 1864204
333.0 1864204
333.5 1864204
334.0 1864204
334.5 1864172
335.0 1864172
335.5 1864172
336.1 1864172
336.6 1864172
337.1 1864172
337.6 1864172
338.1 1864204
338.6 1864172
339.1 1864172
339.6 1864172
340.1 1864172
340.6 1864172
341.1 1864172
341.7 1864172
342.2 1864172
342.7 1864172
343.2 1864140
343.7 1864140
344.2 1864140
344.7 1871536
345.2 1869956
345.7 1869672
346.2 1869924
346.7 1870144
347.2 1870128
347.7 1869812
348.2 1869784
348.7 1869704
349.2 1870736
349.7 1870712
350.2 1870332
350.7 1870428
351.2 1870208
351.7 1869908
352.2 1870128
352.7 1870176
353.2 1869844
353.7 1869892
354.2 1870224
354.7 1870328
355.2 1870328
355.7 1870072
356.2 1870264
356.7 1869996
357.2 1870028
357.7 1869696
358.2 1869664
358.7 1870328
359.2 1869836
359.7 1869892
360.2 1869828
360.7 1869972
361.2 1869876
361.7 1870004
362.2 1870396
362.7 1869924
363.2 1869908
363.7 1869988
364.2 1869892
364.7 1870328
365.2 1870200
365.7 1870184
366.2 1870372
366.7 1869900
367.2 1864260
367.8 1864260
368.3 1864260
368.8 1864260
369.3 1864260
369.8 1864260
370.3 1864256
370.8 1864256
371.3 1864256
371.8 1864256
372.3 1864224
372.8 1864224
373.3 1864224
373.8 1864224
374.3 1864224
374.8 1864256
375.3 1864256
375.8 1864256
376.3 1864224
376.8 1864224
377.3 1864224
377.8 1864224
378.3 1864224
378.8 1864224
379.3 1864224
379.8 1864224
380.3 1864224
380.8 1864224
381.3 1864192
381.8 1864256
382.4 1864256
382.9 1864256
383.4 1864256
383.9 1864256
384.4 1864256
384.9 1864256
385.4 1864256
385.9 1864256
386.4 1864224
386.9 1864224
387.4 1864224
387.9 1864224
388.4 1864224
388.9 1864224
389.4 1864256
389.9 1870008
390.4 1870172
390.9 1870536
391.4 1871256
391.9 1870412
392.4 1870700
392.9 1870260
393.4 1870180
393.9 1869612
394.4 1870024
394.9 1870172
395.4 1870188
395.9 1870332
396.4 1870108
396.9 1870204
397.4 1869888
397.9 1870000
398.4 1870600
398.9 1870220
399.4 1870204
399.9 1870076
400.4 1870140
400.9 1869904
401.4 1870156
401.9 1870060
402.4 1869920
402.9 1870092
403.4 1870456
403.9 1869948
404.4 1870124
404.9 1870140
405.4 1870296
405.9 1870012
406.4 1869900
406.9 1870200
407.4 1870168
407.9 1870356
408.4 1869972
408.9 1869876
409.4 1869844
409.9 1870168
410.4 1870060
410.9 1869868
411.4 1869196
411.9 1863920
412.4 1863920
412.9 1863920
413.4 1863888
413.9 1863888
414.4 1863888
414.9 1863888
415.5 1863884
416.0 1863884
416.5 1863884
417.0 1863884
417.5 1863884
418.0 1863884
418.5 1863884
419.0 1863916
419.5 1863916
420.0 1863916
420.5 1863916
421.0 1863916
421.5 1863916
422.0 1863916
422.5 1863884
423.0 1863884
423.5 1863884
424.0 1863884
424.5 1863884
425.0 1863884
425.5 1863884
426.0 1863884
426.5 1863884
427.0 1863916
427.5 1863884
428.0 1863884
428.5 1863884
429.1 1863884
429.6 1863884
430.1 1863884
430.6 1863884
431.1 1863884
431.6 1863884
432.1 1863884
432.6 1863852
433.1 1863916
433.6 1863916
434.1 1863916
434.6 1863916
435.1 1869992
435.6 1870008
436.1 1869960
436.6 1869832
437.1 1869832
437.6 1870236
438.1 1869344
438.6 1869580
439.1 1869564
439.6 1870372
440.1 1869920
440.6 1869824
441.1 1870076
441.6 1870172
442.1 1870252
442.6 1869872
443.1 1870092
443.6 1870140
444.1 1870280
444.6 1870028
445.1 1870380
445.6 1870064
446.1 1870380
446.6 1870064
447.1 1870332
447.6 1870648
448.1 1870508
448.6 1869764
449.1 1869688
449.6 1870096
450.1 1870164
450.6 1870052
451.1 1870036
451.6 1870084
452.1 1870180
452.6 1869988
453.1 1870132
453.6 1870132
454.1 1869972
454.6 1870052
455.1 1869840
455.6 1870060
456.1 1869968
456.6 1870108
457.1 1864328
457.6 1864328
458.1 1864328
458.6 1864328
459.1 1864328
459.6 1864328
460.2 1864328
460.7 1864356
461.2 1864356
461.7 1864356
462.2 1864356
462.7 1864356
463.2 1864356
463.7 1864356
464.2 1864356
464.7 1864324
465.2 1864324
465.7 1864324
466.2 1864324
466.7 1864324
467.2 1864324
467.7 1864356
468.2 1864356
468.7 1864356
469.2 1864356
469.7 1864356
470.2 1864356
470.7 1864324
471.2 1864324
471.7 1864324
472.2 1864324
472.8 1864324
473.3 1864324
473.8 1864324
474.3 1864292
474.8 1864356
475.3 1864356
475.8 1864356
476.3 1864356
476.8 1864356
477.3 1864356
477.8 1864356
478.3 1864356
479.0 1864324
479.5 1864324
480.0 1869724
480.5 1870404
481.0 1870372
481.5 1870276
482.0 1870388
482.5 1870152
483.0 1870168
483.5 1870024
484.0 1870436
484.5 1870040
485.0 1869972
485.5 1870180
486.0 1870204
486.5 1870140
487.0 1870328
487.5 1870472
488.0 1870408
488.5 1870028
489.0 1869604
489.5 1869304
490.0 1869692
490.5 1869784
491.0 1870148
491.5 1870388
492.0 1870480
492.5 1870400
493.0 1870416
493.5 1870020
494.0 1870052
494.5 1870196
495.0 1869936
495.5 1869920
496.0 1869904
496.5 1870012
497.0 1870016
497.5 1869872
498.0 1870188
498.5 1869904
499.0 1870360
499.5 1870912
500.0 1870100
500.5 1870044
501.0 1870024
501.5 1870036
502.0 1864152
503.0 1864120
503.6 1864120
504.5 1864120
505.0 1864184
506.4 1864184
508.6 1864184
512.2 1864184
514.0 1864184
514.5 1864152
516.2 1864152
517.9 1864152
519.7 1864152
521.6 1864152
524.5 1864152
525.0 1869680
525.5 1869952
526.0 1869744
526.5 1869744
527.0 1870124
527.5 1870124
528.0 1869888
528.5 1869020
529.0 1868812
529.5 1869176
530.0 1870024
530.5 1869976
531.0 1870168
531.5 1869976
532.0 1869960
532.5 1870008
533.0 1870040
533.5 1870056
534.0 1870244
534.5 1869992
535.0 1870144
535.5 1870048
536.0 1870172
536.5 1870220
537.0 1870316
537.5 1870268
538.0 1870396
538.5 1870160
539.0 1870112
539.5 1869812
540.0 1869932
540.5 1869708
541.0 1869820
541.5 1869364
542.0 1869712
542.5 1869308
543.0 1869452
543.5 1869356
544.0 1869340
544.5 1869592
545.0 1869504
545.5 1869632
546.0 1869648
546.5 1869488
547.0 1863556
547.9 1863556
548.9 1863556
549.4 1863556
549.9 1863524
550.7 1863520
551.2 1863520
551.7 1863520
552.8 1863520
553.3 1863520
553.9 1863552
554.4 1863552
554.9 1863552
556.0 1863520
556.5 1863520
557.0 1863520
557.5 1863520
558.0 1863520
558.5 1863520
559.4 1863520
561.0 1863520
561.5 1863520
562.2 1863488
562.7 1863488
563.2 1863552
563.9 1863552
565.2 1863552
566.1 1863552
569.5 1863552
570.0 1869256
570.5 1870132
571.0 1870556
571.5 1869720
572.0 1870256
572.5 1869784
573.0 1869960
573.5 1869752
574.0 1870036
574.5 1869676
575.0 1869400
575.5 1869384
576.0 1869476
576.5 1869572
577.0 1869668
577.5 1869256
578.0 1869492
578.5 1869460
579.0 1869744
579.5 1869980
580.0 1869720
580.5 1870004
581.0 1869688
581.5 1870004
582.0 1870116
582.5 1869876
583.0 1870208
583.5 1869580
584.0 1869392
584.5 1869732
585.0 1870280
585.5 1870200
586.0 1869996
586.5 1870044
587.0 1870268
587.5 1869240
588.0 1870152
588.5 1869888
589.0 1870124
589.5 1869744
590.0 1869768
590.5 1870132
591.0 1869768
591.5 1868664
592.0 1864264
592.5 1864264
594.8 1864256
595.3 1864256
595.8 1864256
596.3 1864224
596.8 1864224
598.9 1864224
600.8 1864224
601.3 1864224
601.8 1864224
602.3 1864256
602.8 1864256
604.2 1864224
606.1 1864224
606.7 1864224
607.2 1864224
607.7 1864224
608.9 1864224
609.5 1864224
611.3 1864224
612.8 1864192
614.4 1864192
614.9 1870100
615.4 1869736
615.9 1869768
616.4 1869672
616.9 1869340
617.4 1869768
617.9 1869672
618.4 1869500
618.9 1869752
619.4 1869736
619.9 1869668
620.4 1870088
620.9 1870324
621.4 1870356
621.9 1869992
622.4 1870072
622.9 1869772
623.4 1869708
623.9 1870072
624.4 1870008
624.9 1870320
625.4 1869988
625.9 1870004
626.4 1869736
626.9 1870068
627.4 1870620
627.9 1870900
628.4 1870052
628.9 1870116
629.4 1869704
629.9 1869864
630.4 1869896
630.9 1869640
631.4 1869940
631.9 1870144
632.4 1870288
632.9 1870416
633.4 1870320
633.9 1870256
634.4 1870096
634.9 1870072
635.4 1869932
635.9 1869728
636.4 1870012
638.5 1864316
640.3 1864308
642.9 1864308
643.7 1864308
645.8 1864340
648.0 1864340
649.7 1864340
654.4 1864308
655.6 1864308
656.7 1864308
657.2 1864308
659.2 1864308
659.7 1870668
660.2 1869884
660.7 1870200
661.2 1870200
661.7 1869884
662.2 1869964
662.7 1870076
663.2 1869852
663.7 1870044
664.2 1869836
664.7 1870024
665.2 1870356
665.7 1869976
666.2 1870048
666.7 1870064
667.2 1869732
667.7 1869936
668.2 1870332
668.7 1869920
669.2 1870080
669.7 1870136
670.2 1869976
670.7 1869928
671.2 1869612
671.7 1869440
672.2 1869552
672.7 1869644
673.2 1870056
673.7 1870196
674.2 1870180
674.7 1870328
675.2 1870716
675.7 1871040
676.2 1870756
676.7 1870296
677.2 1869952
677.7 1869904
678.2 1870316
678.7 1870348
679.2 1869684
679.7 1870024
680.2 1870008
680.7 1870256
681.2 1869628
681.7 1863616
683.4 1863616
683.9 1863616
686.2 1863612
688.0 1863676
688.5 1863644
694.0 1863644
694.9 1863644
696.8 1863644
699.0 1863644
699.5 1863644
700.0 1863644
701.4 1863612
703.2 1863612
704.5 1863612
705.0 1869924
705.5 1870272
706.0 1870176
706.5 1870272
707.0 1869816
707.5 1870132
708.0 1869640
708.5 1869752
709.0 1869688
709.5 1869500
710.0 1869268
710.5 1869588
711.0 1869932
711.5 1870468
712.0 1870152
712.5 1870184
713.0 1870152
713.5 1870120
714.0 1869792
714.5 1869712
715.0 1869972
715.5 1870224
716.0 1869752
716.5 1869736
717.0 1869736
717.5 1869988
718.0 1870380
718.5 1870444
719.0 1870192
719.5 1870128
720.0 1870140
720.5 1870220
721.0 1869952
721.5 1870108
722.0 1870348
722.5 1870108
723.0 1870756
723.5 1870048
724.0 1870268
724.5 1870268
725.0 1869948
725.5 1869792
726.0 1869852
726.5 1868428
727.0 1863692
727.5 1863692
728.0 1863692
728.5 1863692
729.0 1863692
729.5 1863692
730.7 1863684
732.5 1863652
734.8 1863716
735.8 1863716
736.6 1863716
737.1 1863716
737.6 1863716
738.1 1863716
738.6 1863716
739.3 1863716
740.6 1863684
741.1 1863684
743.4 1863684
743.9 1863684
744.4 1863684
744.9 1863684
746.3 1863716
746.8 1863684
747.3 1863684
747.8 1863684
748.8 1863684
749.5 1863684
750.0 1869664
750.5 1869568
751.0 1869100
751.5 1869688
752.0 1869748
752.5 1870068
753.0 1869956
753.5 1870004
754.0 1869892
754.5 1869844
755.0 1870040
755.5 1870012
756.0 1869788
756.5 1870296
757.0 1870136
757.5 1869504
758.0 1869616
758.5 1870264
759.0 1869804
759.5 1869916
760.0 1870304
760.5 1870096
761.0 1870000
761.5 1869716
762.0 1869860
762.5 1869924
763.0 1869940
763.5 1870176
764.0 1869876
764.5 1870048
765.0 1870436
765.5 1869820
766.0 1869916
766.5 1870248
767.0 1870104
767.5 1869584
768.0 1869804
768.5 1870280
769.0 1870216
769.5 1869944
770.0 1870272
770.5 1870160
771.0 1870240
771.5 1870396
772.0 1864164
772.5 1864164
773.0 1864164
774.2 1864164
775.8 1864156
776.3 1864124
777.8 1864124
778.3 1864124
778.8 1864124
779.3 1864188
779.8 1864188
780.3 1864188
780.8 1864188
781.3 1864188
783.1 1864156
783.6 1864156
784.1 1864156
784.6 1864156
785.1 1864156
785.6 1864156
786.1 1864156
786.8 1864156
787.6 1864156
788.1 1864188
788.8 1864188
789.5 1864188
790.1 1864188
790.6 1864188
791.1 1864188
791.6 1864188
792.1 1864188
792.7 1864188
793.2 1864188
793.8 1864188
794.5 1864156
795.0 1869740
795.5 1870264
796.0 1869756
796.5 1869884
797.0 1869756
797.5 1869980
798.0 1870104
798.5 1869772
799.0 1869868
799.5 1869868
800.0 1869612
800.5 1869784
801.0 1869720
801.5 1869848
802.0 1870020
802.5 1870384
803.0 1870336
803.5 1869752
804.0 1870116
804.5 1870020
805.0 1870692
805.5 1870408
806.0 1870044
806.5 1869920
807.0 1870204
807.5 1869964
808.0 1870344
808.5 1870092
809.0 1870724
809.5 1870060
810.0 1870116
810.5 1869960
811.0 1869580
811.5 1869912
812.0 1870212
812.5 1869212
813.0 1869872
813.5 1869792
814.0 1870232
814.5 1870140
815.0 1870100
815.5 1870180
816.0 1870164
816.5 1869896
818.3 1863636
818.8 1863636
820.8 1863632
822.0 1863632
822.5 1863632
823.0 1863632
823.5 1863632
824.0 1863632
825.4 1863632
825.9 1863664
827.0 1863664
827.5 1863664
829.4 1863664
831.6 1863664
833.2 1863664
835.2 1863664
837.5 1863632
838.4 1863632
838.9 1863632
839.5 1863632
840.0 1870240
840.5 1870176
841.0 1870064
841.5 1870504
842.0 1870728
842.5 1870268
843.0 1869984
843.5 1870224
844.0 1870032
844.5 1870032
845.0 1870636
845.5 1870340
846.0 1870056
846.5 1870292
847.0 1870136
847.5 1870040
848.0 1870436
848.5 1870484
849.0 1870292
849.5 1870388
850.0 1870348
850.5 1869968
851.0 1870192
851.5 1870316
852.0 1870284
852.5 1869420
853.0 1869672
853.5 1869228
854.0 1869040
854.5 1869388
855.0 1869252
855.5 1869488
856.0 1869332
856.5 1869128
857.0 1869236
857.5 1869220
858.0 1869632
858.5 1869712
859.0 1869408
859.5 1869504
860.0 1869624
860.5 1869356
861.0 1869324
861.5 1866032
862.0 1863256
862.5 1863256
863.6 1863256
865.0 1863256
865.5 1863256
867.3 1863248
868.5 1863248
869.5 1863280
871.0 1863280
871.5 1863280
872.0 1863280
874.2 1863280
874.7 1863280
875.2 1863280
876.2 1863280
876.7 1863280
877.2 1863248
879.6 1863248
881.5 1863248
882.0 1863248
882.6 1863280
883.4 1863280
883.9 1863280
884.4 1863280
884.9 1870492
885.4 1870096
885.9 1869984
886.4 1869828
886.9 1869860
887.4 1869464
887.9 1869984
888.4 1869968
888.9 1870176
889.4 1869936
889.9 1870360
890.4 1869980
890.9 1869636
891.4 1871652
891.9 1870168
892.4 1869872
892.9 1870344
893.4 1869980
893.9 1870092
894.4 1870344
894.9 1870248
895.4 1870124
895.9 1870012
896.4 1869900
896.9 1870424
897.4 1869600
897.9 1869728
898.4 1869776
898.9 1870424
899.4 1869964
899.9 1870368
900.4 1870244
900.9 1870256
901.4 1870192
901.9 1870116
902.4 1870004
902.9 1869880
903.4 1870084
903.9 1870116
904.4 1870384
904.9 1870028
905.4 1869644
905.9 1870156
906.4 1870156
906.9 1864120
907.4 1864120
908.0 1864152
909.8 1864120
910.3 1864120
910.8 1864120
912.7 1864120
913.2 1864120
914.1 1864120
914.6 1864120
916.5 1864120
917.4 1864120
917.9 1864088
918.8 1864088
920.2 1864152
920.7 1864152
922.6 1864152
924.5 1864152
926.4 1864152
929.5 1864120
930.0 1869956
930.5 1869988
931.0 1870156
931.5 1870028
932.0 1870012
932.5 1869996
933.0 1870516
933.5 1869884
934.0 1870344
934.5 1870012
935.0 1869988
935.5 1869864
936.0 1869832
936.5 1869704
937.0 1869784
937.5 1869768
938.0 1869784
938.5 1869956
939.0 1869860
939.5 1869848
940.0 1870248
940.5 1870248
941.0 1870532
941.5 1870280
942.0 1869916
942.5 1869996
943.0 1870028
943.5 1870028
944.0 1869884
944.5 1870012
945.0 1869752
945.5 1869752
946.0 1869924
946.5 1869972
947.0 1870020
947.5 1869752
948.0 1869736
948.5 1869688
949.0 1869972
949.5 1870632
950.0 1870128
950.5 1870064
951.0 1869760
951.5 1869904
952.0 1864224
952.5 1864224
953.0 1864224
953.5 1864192
955.0 1864188
955.5 1864252
956.0 1864252
957.7 1864252
958.4 1864252
958.9 1864252
960.4 1864252
960.9 1864252
961.8 1864220
963.8 1864220
965.4 1864220
966.9 1864220
967.4 1864220
967.9 1864220
968.4 1864220
970.2 1864252
970.7 1864252
971.2 1864252
971.7 1864252
972.2 1864252
972.9 1864252
973.5 1864252
974.1 1864252
974.6 1864252
975.1 1869996
975.6 1869696
976.1 1870044
976.6 1869776
977.1 1869240
977.6 1869160
978.1 1869256
978.6 1869728
979.1 1869732
979.6 1870028
980.1 1869644
980.6 1869536
981.1 1869520
981.6 1869632
982.1 1869928
982.6 1869676
983.1 1870088
983.6 1870064
984.1 1869952
984.6 1870064
985.1 1870072
985.6 1869976
986.1 1870072
986.6 1870024
987.1 1870276
987.6 1869724
988.1 1869992
988.6 1870228
989.1 1870008
989.6 1869944
990.1 1870172
990.6 1870284
991.1 1869576
991.6 1870080
992.1 1869860
992.6 1869892
993.1 1869764
993.6 1869812
994.1 1869764
994.6 1869700
995.1 1869880
995.6 1870148
996.1 1869928
996.6 1869772
997.1 1863704
997.6 1863736
998.1 1863736
998.6 1863736
999.1 1863736
999.7 1863704
1000.7 1863696
1001.2 1863696
1002.3 1863696
1003.2 1863696
1005.0 1863696
1005.5 1863696
1006.2 1863664
1007.7 1863664
1008.2 1863664
1009.7 1863728
1010.2 1863728
1010.7 1863728
1011.5 1863728
1012.0 1863728
1012.5 1863728
1013.0 1863696
1013.6 1863696
1014.4 1863696
1015.6 1863696
1016.1 1863696
1016.6 1863696
1017.6 1863696
1018.1 1863696
1018.6 1863760
1019.3 1863728
1019.8 1863728
1020.3 1870236
1020.8 1870032
1021.3 1870032
1021.8 1870188
1022.3 1870268
1022.8 1870112
1023.3 1870252
1023.8 1870172
1024.3 1870144
1024.8 1870000
1025.3 1870040
1025.8 1870244
1026.3 1870180
1026.8 1870260
1027.3 1870496
1027.8 1870244
1028.3 1870512
1028.8 1870164
1029.3 1870116
1029.8 1870276
1030.3 1870384
1030.8 1870100
1031.3 1870036
1031.8 1870084
1032.3 1870272
1032.8 1870208
1033.3 1870272
1033.8 1870240
1034.3 1870240
1034.8 1870240
1035.3 1870040
1035.8 1869504
1036.3 1869504
1036.8 1869188
1037.3 1869236
1037.8 1869172
1038.3 1869204
1038.8 1869520
1039.3 1869488
1039.8 1869252
1040.3 1869612
1040.8 1869568
1041.3 1869928
1041.8 1869976
1042.3 1864036
1044.2 1864036
1044.7 1864036
1046.6 1864032
1047.4 1864032
1047.9 1864032
1048.4 1864064
1048.9 1864064
1049.4 1864064
1049.9 1864064
1050.4 1864032
1050.9 1864032
1051.5 1864032
1052.0 1864032
1052.8 1864032
1053.3 1864032
1053.8 1864032
1054.3 1864032
1055.1 1864000
1056.0 1864000
1056.6 1864064
1057.1 1864064
1057.6 1864064
1058.1 1864064
1058.6 1864064
1059.1 1864064
1059.7 1864064
1060.2 1864032
1061.3 1864032
1061.8 1864032
1062.3 1864032
1064.3 1864032
1064.8 1870720
1065.3 1869728
1065.8 1869932
1066.3 1869772
1066.8 1870136
1067.3 1869900
1067.8 1870280
1068.3 1870312
1068.8 1869980
1069.3 1870120
1069.8 1870172
1070.3 1869920
1070.8 1870016
1071.3 1869888
1071.8 1869984
1072.3 1869780
1072.8 1869276
1073.3 1869416
1073.8 1869716
1074.3 1869668
1074.8 1869440
1075.3 1870512
1075.8 1870132
1076.3 1869832
1076.8 1870356
1077.3 1870228
1077.8 1870308
1078.3 1870148
1078.8 1870196
1079.3 1870244
1079.8 1870012
1080.3 1870220
1080.8 1870236
1081.3 1870332
1081.8 1870236
1082.3 1870488
1082.8 1870472
1083.3 1870096
1083.8 1870488
1084.3 1870064
1084.8 1870008
1085.3 1870196
1085.8 1870164
1086.3 1869992
1086.8 1864160
1087.3 1864160
1087.8 1864160
1088.3 1864160
1088.9 1864160
1090.1 1864128
1090.6 1864120
1091.1 1864120
1091.6 1864120
1092.1 1864120
1092.6 1864120
1093.1 1864120
1093.6 1864152
1094.2 1864152
1094.7 1864152
1095.2 1864152
1095.9 1864120
1097.7 1864120
1098.2 1864120
1100.0 1864120
1101.0 1864120
1101.5 1864120
1102.0 1864120
1102.5 1864088
1103.0 1864088
1104.9 1864088
1106.8 1864152
1108.9 1864152
1109.5 1864152
1110.0 1869952
1110.5 1870268
1111.0 1869872
1111.5 1869888
1112.0 1869984
1112.5 1870316
1113.0 1870092
1113.5 1870424
1114.0 1870644
1114.5 1870016
1115.0 1870076
1115.5 1870356
1116.0 1870168
1116.5 1870484
1117.0 1870296
1117.5 1870248
1118.0 1869896
1118.5 1870240
1119.0 1870112
1119.5 1870020
1120.0 1870248
1120.5 1869604
1121.0 1869160
1121.5 1869160
1122.0 1869492
1122.5 1869680
1123.0 1869524
1123.5 1869304
1124.0 1869700
1124.5 1869808
1125.0 1869688
1125.5 1869860
1126.0 1869704
1126.5 1869672
1127.0 1869956
1127.5 1869704
1128.0 1869860
1128.5 1869608
1129.0 1869640
1129.5 1869624
1130.0 1869648
1130.5 1869868
1131.0 1870168
1131.5 1870436
1132.0 1864392
1132.5 1864392
1133.0 1864392
1134.3 1864392
1135.3 1864392
1137.1 1864352
1137.6 1864352
1138.1 1864416
1138.6 1864416
1142.2 1864416
1144.0 1864416
1144.5 1864416
1146.3 1864416
1148.1 1864384
1148.6 1864384
1150.4 1864384
1150.9 1864384
1151.9 1864384
1153.7 1864384
1154.5 1864416
1155.0 1870264
1155.5 1869948
1156.0 1869568
1156.5 1869552
1157.0 1870452
1157.5 1870072
1158.0 1870152
1158.5 1870152
1159.0 1870200
1159.5 1869852
1160.0 1870112
1160.5 1869956
1161.0 1869592
1161.5 1870200
1162.0 1869964
1162.5 1870120
1163.0 1870120
1163.5 1869584
1164.0 1869460
1164.5 1869316
1165.0 1869700
1165.5 1869840
1166.0 1869748
1166.5 1869540
1167.0 1869224
1167.5 1869304
1168.0 1869352
1168.5 1869460
1169.0 1869384
1169.5 1869368
1170.0 1869408
1170.5 1869532
1171.0 1869612
1171.5 1869596
1172.0 1869612
1172.5 1869752
1173.0 1869880
1173.5 1869752
1174.0 1870116
1174.5 1870164
1175.0 1870300
1175.5 1870092
1176.0 1869760
1176.5 1869448
1177.0 1863484
1177.5 1863484
1179.9 1863484
1180.8 1863476
1181.3 1863444
1181.8 1863444
1183.3 1863444
1183.8 1863444
1185.7 1863444
1186.5 1863444
1187.0 1863444
1188.8 1863444
1190.6 1863476
1191.5 1863476
1193.7 1863476
1196.1 1863476
1196.6 1863476
1197.1 1863476
1197.6 1863476
1199.5 1863476
1200.0 1869296
1200.5 1869376
1201.0 1869408
1201.5 1869296
1202.0 1869044
1202.5 1868996
1203.0 1869376
1203.5 1869220
1204.0 1869472
1204.5 1869280
1205.0 1869824
1205.5 1869980
1206.0 1870280
1206.5 1870076
1207.0 1870028
1207.5 1869948
1208.0 1869964
1208.5 1870060
1209.0 1870156
1209.5 1870060
1210.0 1870240
1210.5 1870004
1211.0 1869768
1211.5 1869672
1212.0 1869864
1212.5 1869736
1213.0 1869704
1213.5 1869748
1214.0 1870156
1214.5 1869792
1215.0 1869456
1215.5 1869848
1216.0 1870152
1216.5 1869884
1217.0 1870104
1217.5 1869804
1218.0 1869724
1218.5 1869884
1219.0 1869804
1219.5 1869724
1220.0 1870380
1220.5 1869924
1221.0 1869876
1221.5 1869844
1222.0 1864232
1222.5 1864232
1223.0 1864232
1224.9 1864192
1226.2 1864192
1226.7 1864192
1227.2 1864192
1229.0 1864192
1229.5 1864192
1232.7 1864192
1235.0 1864192
1235.5 1864192
1237.4 1864224
1237.9 1864224
1238.4 1864224
1238.9 1864224
1239.4 1864224
1241.2 1864224
1242.8 1864224
1244.5 1864192
1245.0 1870120
1245.5 1870516
1246.0 1870452
1246.5 1870468
1247.0 1870324
1247.5 1870168
1248.0 1870420
1248.5 1870088
1249.0 1869992
1249.5 1869360
1250.0 1869420
1250.5 1868788
1251.0 1869040
1251.5 1869184
1252.0 1869656
1252.5 1869544
1253.0 1869844
1253.5 1869624
1254.0 1869764
1254.5 1870128
1255.0 1869964
1255.5 1870424
1256.0 1870312
1256.5 1869996
1257.0 1870344
1257.5 1869932
1258.0 1870124
1258.5 1870028
1259.0 1870888
1259.5 1870440
1260.0 1870252
1260.5 1870480
1261.0 1869772
1261.5 1869724
1262.0 1870072
1262.5 1869932
1263.0 1870088
1263.5 1869932
1264.0 1870072
1264.5 1869536
1265.0 1870148
1265.5 1870304
1266.0 1869988
1266.5 1870052
1267.0 1864120
1267.9 1864120
1268.4 1864120
1268.9 1864120
1269.4 1864120
1269.9 1864120
1270.4 1864084
1271.9 1864148
1272.4 1864148
1272.9 1864148
1273.4 1864148
1275.4 1864148
1275.9 1864148
1276.4 1864148
1276.9 1864148
1277.4 1864116
1278.4 1864116
1278.9 1864116
1280.8 1864116
1281.3 1864116
1282.4 1864148
1282.9 1864148
1284.8 1864148
1286.9 1864116
1289.2 1864116
1289.7 1869584
1290.2 1870300
1290.7 1870552
1291.2 1870172
1291.7 1870236
1292.2 1870064
1292.7 1869952
1293.2 1870208
1293.7 1869920
1294.2 1870224
1294.7 1870372
1295.2 1869552
1295.7 1870484
1296.2 1870148
1296.7 1869864
1297.2 1870348
1297.7 1870236
1298.2 1870096
1298.7 1870300
1299.2 1869732
1299.7 1869900
1300.2 1870292
1300.7 1870048
1301.2 1870348
1301.7 1870364
1302.2 1870128
1302.7 1870000
1303.2 1869844
1303.7 1869764
1304.2 1869764
1304.7 1869724
1305.2 1870404
1305.7 1870104
1306.2 1870072
1306.7 1869552
1307.2 1869512
1307.7 1869544
1308.2 1869244
1308.7 1869496
1309.2 1870364
1309.7 1870256
1310.2 1870244
1310.7 1870024
1311.2 1870104
1311.7 1864360
1313.0 1864360
1313.5 1864360
1314.0 1864360
1316.0 1864352
1316.5 1864352
1317.0 1864352
1317.5 1864320
1318.0 1864320
1318.5 1864320
1319.0 1864320
1319.5 1864384
1320.0 1864384
1320.5 1864384
1321.0 1864384
1321.5 1864352
1322.0 1864352
1322.5 1864352
1323.0 1864352
1323.5 1864352
1324.0 1864352
1324.7 1864352
1325.2 1864352
1325.7 1864416
1326.2 1864384
1326.7 1864384
1327.2 1864384
1331.1 1864384
1331.6 1864384
1332.1 1864384
1332.6 1864384
1333.1 1864384
1333.6 1864384
1334.5 1864352
1335.0 1870276
1335.5 1870148
1336.0 1870196
1336.5 1870292
1337.0 1870276
1337.5 1870164
1338.0 1870180
1338.5 1870292
1339.0 1870372
1339.5 1870180
1340.0 1870440
1340.5 1870076
1341.0 1870300
1341.5 1870220
1342.0 1870316
1342.5 1870140
1343.0 1870220
1343.5 1870268
1344.0 1870236
1344.5 1870108
1345.0 1870308
1345.5 1870056
1346.0 1870196
1346.5 1870228
1347.0 1870132
1347.5 1870024
1348.0 1870244
1348.5 1869628
1349.0 1869852
1349.5 1869660
1350.0 1869968
1350.5 1870392
1351.0 1869984
1351.5 1870344
1352.0 1870188
1352.5 1869880
1353.0 1869864
1353.5 1869644
1354.0 1869628
1354.5 1869676
1355.0 1869760
1355.5 1869856
1356.0 1869904
1356.5 1869856
1357.2 1863948
1357.8 1863948
1360.1 1863980
1360.9 1863972
1362.4 1863972
1362.9 1863972
1363.6 1863972
1364.8 1863972
1365.3 1863972
1367.2 1863972
1367.7 1863940
1369.3 1863940
1370.1 1863940
1370.8 1863940
1371.3 1863940
1373.0 1863972
1374.8 1863972
1375.3 1863972
1375.8 1863940
1376.8 1863940
1377.6 1863940
1379.4 1863940
1379.9 1870064
1380.4 1870296
1380.9 1870356
1381.4 1870544
1381.9 1869772
1382.4 1870008
1382.9 1869944
1383.4 1869848
1383.9 1870136
1384.4 1870212
1384.9 1869952
1385.4 1870096
1385.9 1870236
1386.4 1869748
1386.9 1869636
1387.4 1870188
1387.9 1870140
1388.4 1870456
1388.9 1870156
1389.4 1870188
1389.9 1869944
1390.4 1870244
1390.9 1870276
1391.4 1870180
1391.9 1869692
1392.4 1870040
1392.9 1869832
1393.4 1870228
1393.9 1870244
1394.4 1870512
1394.9 1870252
1395.4 1869968
1395.9 1869700
1396.4 1869888
1396.9 1869936
1397.4 1869968
1397.9 1870000
1398.4 1869652
1398.9 1869684
1399.4 1870204
1399.9 1870276
1400.4 1870276
1400.9 1870212
1401.4 1869788
1401.9 1863696
1403.5 1863696
1404.0 1863696
1404.5 1863696
1405.1 1863696
1406.7 1863688
1409.0 1863688
1409.5 1863720
1411.9 1863720
1412.8 1863720
1413.7 1863720
1414.5 1863720
1415.0 1863720
1415.8 1863720
1416.9 1863720
1417.7 1863688
1419.4 1863688
1420.9 1863688
1424.4 1863688
1424.9 1870196
1425.4 1869708
1425.9 1869724
1426.4 1870108
1426.9 1870540
1427.4 1870188
1427.9 1870252
1428.4 1870076
1428.9 1870140
1429.4 1870000
1429.9 1870216
1430.4 1870264
1430.9 1869852
1431.4 1869916
1431.9 1869868
1432.4 1870024
1432.9 1870104
1433.4 1869900
1433.9 1870264
1434.4 1870200
1434.9 1870032
1435.4 1869812
1435.9 1869876
1436.4 1869752
1436.9 1869812
1437.4 1869624
1437.9 1869404
1438.4 1869688
1438.9 1869956
1439.4 1869688
1439.9 1870232
1440.4 1870072
1440.9 1870232
1441.4 1870108
1441.9 1869696
1442.4 1869844
1442.9 1869860
1443.4 1869860
1443.9 1870176
1444.4 1870080
1444.9 1869940
1445.4 1869892
1445.9 1870128
1446.4 1870016
1446.9 1870192
1447.4 1864164
1448.9 1864164
1449.4 1864164
1451.4 1864124
1452.9 1864124
1453.4 1864124
1453.9 1864124
1454.4 1864124
1454.9 1864124
1455.9 1864156
1456.9 1864156
1458.5 1864156
1459.0 1864156
1461.0 1864124
1461.5 1864124
1463.4 1864124
1465.2 1864124
1465.9 1864124
1466.4 1864124
1468.5 1864124
1469.1 1864124
1469.6 1866872
1470.1 1871388
1470.6 1870004
1471.1 1870160
1471.6 1869892
1472.1 1869924
1472.6 1869908
1473.1 1869736
1473.6 1869768
1474.1 1869940
1474.6 1870404
1475.1 1870340
1475.6 1870088
1476.1 1869664
1476.6 1869332
1477.1 1869772
1477.6 1869712
1478.1 1869868
1478.6 1869808
1479.1 1870120
1479.6 1870284
1480.1 1870208
1480.6 1869796
1481.1 1870176
1481.6 1869640
1482.1 1869248
1482.6 1869388
1483.1 1869640
1483.6 1869720
1484.1 1869576
1484.6 1869704
1485.1 1869800
1485.6 1869340
1486.1 1869420
1486.6 1869528
1487.1 1869624
1487.6 1869308
1488.1 1869356
1488.6 1869484
1489.1 1869452
1489.6 1869744
1490.1 1869776
1490.6 1869948
1491.1 1870232
1491.6 1868968
1493.3 1864416
1493.8 1864384
1494.8 1864384
1495.6 1864384
1497.4 1864628
1499.3 1864628
1500.8 1864628
1503.9 1864628
1504.5 1864628
1505.4 1864596
1506.8 1864596
1507.3 1864596
1507.8 1864628
1508.3 1864628
1508.9 1864628
1509.4 1864628
1509.9 1864628
1510.4 1864596
1510.9 1864596
1511.4 1864596
1511.9 1864596
1512.4 1864596
1512.9 1864596
1513.4 1864596
1514.0 1864596
1514.5 1864596
1515.0 1869844
1515.5 1869796
1516.0 1870048
1516.5 1869860
1517.0 1869796
1517.5 1870204
1518.0 1869984
1518.5 1869844
1519.0 1870064
1519.5 1870268
1520.0 1870060
1520.5 1870220
1521.0 1870012
1521.5 1870344
1522.0 1870504
1522.5 1870000
1523.0 1870172
1523.5 1869904
1524.0 1869684
1524.5 1869460
1525.0 1869752
1525.5 1869880
1526.0 1869724
1526.5 1869644
1527.0 1869644
1527.5 1869692
1528.0 1869516
1528.5 1869720
1529.0 1869312
1529.5 1869452
1530.0 1869840
1530.5 1869728
1531.0 1869872
1531.5 1869520
1532.0 1869840
1532.5 1869816
1533.0 1870240
1533.5 1870256
1534.0 1870512
1534.5 1870384
1535.0 1870300
1535.5 1869948
1536.0 1869856
1536.5 1869936
1537.0 1864228
1537.5 1864228
1538.0 1864228
1538.5 1864228
1539.0 1864196
1539.5 1864196
1540.0 1864188
1540.5 1864188
1541.1 1864188
1541.6 1864188
1542.1 1864188
1542.6 1864220
1543.2 1864220
1543.7 1864188
1544.2 1864188
1544.7 1864188
1545.2 1864188
1545.7 1864188
1546.2 1864188
1546.7 1864188
1547.2 1864188
1547.7 1864188
1548.2 1864156
1548.7 1864156
1549.2 1864220
1549.7 1864220
1550.2 1864220
1550.7 1864220
1551.2 1864220
1551.7 1864220
1552.2 1864220
1552.7 1864220
1553.3 1864188
1553.8 1864188
1554.3 1864188
1554.8 1864188
1555.3 1864188
1555.8 1864188
1556.3 1864220
1556.8 1864220
1557.3 1864220
1557.8 1864220
1558.3 1864220
1558.8 1864220
1559.3 1864188
1559.8 1864188
1560.3 1870052
1560.8 1869988
1561.3 1869972
1561.8 1870132
1562.3 1870996
1562.8 1870668
1563.3 1870432
1563.8 1870384
1564.3 1870492
1564.8 1870084
1565.3 1870076
1565.8 1870152
1566.3 1870280
1566.8 1870172
1567.3 1869980
1567.8 1870060
1568.3 1870280
1568.8 1870392
1569.3 1870156
1569.8 1869588
1570.3 1870104
1570.8 1869948
1571.3 1869788
1571.8 1869864
1572.3 1870372
1572.8 1870260
1573.3 1870420
1573.8 1870152
1574.3 1870072
1574.8 1870152
1575.3 1870064
1575.8 1870444
1576.3 1870080
1576.8 1870460
1577.3 1870300
1577.8 1870048
1578.3 1870096
1578.8 1869844
1579.3 1870168
1579.8 1869964
1580.3 1870048
1580.8 1870048
1581.3 1869904
1581.8 1870112
1582.3 1864336
1582.8 1864336
1583.3 1864336
1583.8 1864336
1584.3 1864336
1584.8 1864368
1585.3 1864368
1585.8 1864368
1586.3 1864360
1586.8 1864360
1587.3 1864328
1587.8 1864328
1588.3 1864328
1588.8 1864328
1589.3 1864328
1589.8 1864328
1590.4 1864328
1590.9 1864296
1591.4 1864296
1591.9 1864296
1592.4 1864360
1592.9 1864360
1593.4 1864360
1593.9 1864360
1594.4 1864360
1594.9 1864360
1595.4 1864328
1595.9 1864328
1596.5 1864328
1597.0 1864328
1597.6 1864328
1598.1 1864328
1598.7 1864328
1599.2 1864328
1599.7 1864392
1600.2 1864360
1600.7 1864360
1601.2 1864360
1601.7 1864360
1602.2 1864360
1602.7 1864360
1603.2 1864360
1603.7 1864360
1604.2 1864360
1604.7 1870592
1605.2 1870120
1605.7 1869992
1606.2 1870088
1606.7 1870072
1607.2 1870228
1607.7 1870196
1608.2 1870260
1608.7 1870292
1609.2 1870292
1609.7 1870252
1610.2 1870220
1610.7 1870016
1611.2 1870396
1611.7 1869812
1612.2 1870096
1612.7 1869948
1613.2 1869964
1613.7 1869740
1614.2 1869772
1614.7 1869684
1615.2 1870096
1615.7 1870000
1616.2 1870000
1616.7 1870444
1617.2 1869804
1617.7 1870096
1618.2 1870000
1618.7 1870032
1619.2 1869652
1619.7 1870184
1620.2 1869728
1620.7 1870092
1621.2 1870028
1621.7 1869712
1622.2 1870344
1622.7 1870044
1623.2 1869932
1623.7 1869980
1624.2 1870028
1624.7 1869756
1625.2 1870072
1625.7 1869976
1626.2 1869692
1626.7 1863600
1627.2 1863600
1627.7 1863600
1628.2 1863600
1628.7 1863568
1629.2 1863568
1629.7 1863568
1630.2 1863564
1630.7 1863564
1631.2 1863564
1631.7 1863564
1632.2 1863564
1632.7 1863596
1633.2 1863596
1633.7 1863596
1634.2 1863596
1634.7 1863596
1635.2 1863596
1635.7 1863596
1636.3 1863596
1636.8 1863596
1637.3 1863596
1637.8 1863564
1638.3 1863564
1638.8 1863564
1639.3 1863564
1639.8 1863564
1640.3 1863564
1640.8 1863596
1641.3 1863596
1641.8 1863596
1642.3 1863564
1642.8 1863564
1643.3 1863564
1643.8 1863564
1644.3 1863564
1644.8 1863564
1645.3 1863564
1645.8 1863564
1646.3 1863564
1646.8 1863532
1647.3 1863596
1647.8 1863596
1648.3 1863596
1648.8 1863596
1649.3 1863596
1649.8 1869872
1650.3 1870060
1650.8 1869792
1651.3 1870028
1651.8 1869680
1652.3 1870216
1652.8 1869840
1653.3 1869572
1653.8 1869060
1654.3 1869864
1654.8 1870128
1655.3 1869892
1655.8 1869796
1656.3 1870112
1656.8 1870080
1657.3 1870064
1657.8 1869748
1658.3 1869780
1658.8 1869732
1659.3 1870160
1659.8 1869980
1660.3 1870440
1660.8 1870360
1661.3 1869888
1661.8 1870092
1662.3 1869856
1662.8 1870060
1663.3 1869964
1663.8 1870204
1664.3 1869904
1664.8 1870148
1665.3 1869864
1665.8 1870320
1666.3 1869816
1666.8 1869500
1667.3 1869608
1667.8 1870272
1668.3 1869972
1668.8 1869752
1669.3 1869864
1669.8 1869748
1670.3 1870048
1670.8 1870332
1671.3 1870080
1671.8 1864272
1672.4 1864272
1672.9 1864272
1673.4 1864272
1673.9 1864272
1674.4 1864240
1674.9 1864240
1675.4 1864232
1675.9 1864232
1676.4 1864232
1676.9 1864232
1677.4 1864232
1677.9 1864232
1678.6 1864296
1679.1 1864264
1679.6 1864264
1680.1 1864264
1680.6 1864264
1681.1 1864264
1681.7 1864264
1682.2 1864264
1682.7 1864264
1683.2 1864264
1683.7 1864264
1684.2 1864264
1684.7 1864232
1685.2 1864232
1685.7 1864232
1686.2 1864232
1686.7 1864264
1687.2 1864264
1687.7 1864264
1688.2 1864264
1688.7 1864232
1689.2 1864232
1689.7 1864232
1690.2 1864232
1690.7 1864232
1691.2 1864232
1691.7 1864232
1692.2 1864232
1692.7 1864232
1693.3 1864200
1693.8 1864264
1694.3 1864264
1694.8 1871136
1695.3 1870472
1695.8 1870064
1696.3 1870156
1696.8 1869984
1697.3 1870220
1697.8 1869856
1698.3 1869984
1698.8 1869888
1699.3 1870300
1699.8 1870260
1700.3 1870008
1700.8 1869944
1701.3 1870480
1701.8 1870496
1702.3 1869816
1702.8 1869660
1703.3 1869820
1703.8 1869584
1704.3 1869328
1704.8 1870144
1705.3 1869940
1705.8 1870004
1706.3 1870224
1706.8 1869892
1707.3 1870192
1707.8 1869972
1708.3 1870272
1708.8 1869812
1709.3 1869860
1709.8 1869948
1710.3 1869964
1710.8 1869728
1711.3 1869776
1711.8 1869524
1712.3 1869808
1712.8 1869824
1713.3 1870088
1713.8 1869568
1714.3 1869932
1714.8 1870208
1715.3 1870364
1715.8 1870128
1716.3 1870192
1716.8 1867344
1717.3 1864124
1717.9 1864124
1718.4 1864124
1718.9 1864124
1719.4 1864124
1719.9 1864124
1720.4 1864124
1720.9 1864088
1721.4 1864152
1721.9 1864152
1722.4 1864152
1722.9 1864152
1723.4 1864152
1723.9 1864152
1724.4 1864152
1724.9 1864152
1725.4 1864152
1725.9 1864120
1726.4 1864120
1726.9 1864120
1727.4 1864120
1727.9 1864120
1728.4 1864152
1728.9 1864152
1729.4 1864152
1729.9 1864152
1730.4 1864120
1730.9 1864120
1731.4 1864120
1731.9 1864120
1732.4 1864120
1732.9 1864120
1733.4 1864120
1733.9 1864120
1734.5 1864120
1735.0 1864120
1735.5 1864120
1736.0 1864152
1736.5 1864152
1737.0 1864152
1737.5 1864152
1738.0 1864152
1738.5 1864152
1739.0 1864152
1739.5 1864152
1740.0 1870220
1740.5 1870236
1741.0 1870188
1741.5 1870364
1742.0 1870204
1742.5 1870284
1743.0 1869904
1743.5 1870060
1744.0 1869872
1744.5 1869824
1745.0 1870208
1745.5 1870240
1746.0 1869668
1746.5 1869980
1747.0 1870076
1747.5 1869596
1748.0 1869852
1748.5 1869932
1749.0 1869728
1749.5 1869872
1750.0 1870020
1750.5 1869924
1751.0 1869800
1751.5 1869832
1752.0 1870032
1752.5 1870256
1753.0 1870320
1753.5 1870192
1754.0 1869420
1754.5 1869688
1755.0 1869476
1755.5 1869588
1756.0 1869300
1756.5 1869452
1757.0 1869704
1757.5 1869720
1758.0 1869784
1758.5 1869908
1759.0 1869956
1759.5 1870240
1760.0 1870256
1760.5 1869908
1761.0 1869892
1761.5 1869668
1762.0 1864088
1762.5 1864088
1763.0 1864056
1763.5 1864056
1764.0 1864056
1764.5 1864056
1765.0 1864056
1765.5 1864056
1766.0 1864052
1766.5 1864052
1767.1 1864052
1767.6 1864052
1768.1 1864020
1768.6 1864084
1769.1 1864084
1769.6 1864084
1770.1 1864084
1770.6 1864084
1771.1 1864084
1771.6 1864084
1772.1 1864084
1772.6 1864084
1773.1 1864052
1773.6 1864052
1774.1 1864052
1774.6 1864052
1775.1 1864052
1775.6 1864052
1776.1 1864084
1776.6 1864084
1777.1 1864052
1777.6 1864052
1778.1 1864052
1778.6 1864052
1779.1 1864052
1779.6 1864052
1780.1 1864052
1780.6 1864052
1781.1 1864052
1781.6 1864052
1782.2 1864020
1782.7 1864020
1783.3 1864084
1783.9 1864084
1784.4 1864084
1784.9 1869984
1785.4 1870064
1785.9 1870000
1786.4 1869940
1786.9 1869636
1787.4 1869840
1787.9 1869904
1788.4 1869936
1788.9 1870300
1789.4 1869968
1789.9 1870448
1790.4 1870148
1790.9 1870024
1791.4 1870100
1791.9 1869832
1792.4 1869660
1792.9 1869708
1793.4 1870324
1793.9 1869628
1794.4 1869896
1794.9 1869972
1795.4 1869988
1795.9 1870112
1796.4 1870272
1796.9 1870144
1797.4 1870240
1797.9 1869796
1798.4 1870176
1798.9 1870080
1799.4 1870004
1799.9 1869872
1800.4 1870060
1800.9 1870124
1801.4 1870236
1801.9 1870724
1802.4 1870784
1802.9 1870724
1803.4 1870268
1803.9 1869508
1804.4 1870188
1804.9 1869848
1805.4 1869976
1805.9 1870196
1806.4 1870164
1806.9 1863852
1807.4 1863884
1807.9 1863884
1808.4 1863884
1808.9 1863884
1809.4 1863884
1809.9 1863884
1810.4 1863852
1810.9 1863852
1811.4 1863852
1811.9 1863852
1812.4 1863852
1812.9 1863852
1813.4 1863852
1813.9 1863852
1814.4 1863884
1814.9 1863884
1815.4 1863884
1815.9 1863884
1816.4 1863884
1816.9 1863884
1817.4 1863884
1817.9 1863884
1818.4 1863884
1818.9 1863852
1819.4 1863852
1819.9 1863852
1820.4 1863852
1820.9 1863852
1821.4 1863852
1821.9 1863884
1822.4 1863884
1822.9 1863884
1823.4 1863852
1823.9 1863852
1824.4 1863852
1824.9 1863852
1825.4 1863852
1825.9 1863852
1826.4 1863852
1826.9 1863852
1827.4 1863852
1827.9 1863852
1828.4 1863852
1828.9 1863852
1829.4 1863884
1829.9 1870228
1830.4 1869864
1830.9 1870244
1831.4 1870068
1831.9 1870052
1832.4 1870244
1832.9 1869960
1833.4 1870008
1833.9 1870180
1834.4 1870292
1834.9 1870412
1835.4 1870208
1835.9 1870224
1836.4 1870420
1836.9 1869996
1837.4 1870184
1837.9 1869992
1838.4 1870232
1838.9 1870248
1839.4 1870184
1839.9 1870716
1840.4 1870352
1840.9 1870540
1841.4 1870132
1841.9 1870256
1842.4 1869968
1842.9 1869152
1843.4 1869152
1843.9 1869388
1844.4 1869800
1844.9 1869700
1845.4 1870064
1845.9 1869940
1846.4 1869528
1846.9 1869704
1847.4 1869656
1847.9 1869592
1848.4 1869800
1848.9 1869940
1849.4 1869672
1849.9 1869712
1850.4 1870012
1850.9 1870360
1851.4 1870484
1851.9 1864312
1852.4 1864376
1852.9 1864376
1853.4 1864376
1853.9 1864376
1854.4 1864376
1854.9 1864368
1855.4 1864368
1855.9 1864368
1856.4 1864336
1856.9 1864336
1857.4 1864336
1857.9 1864336
1858.4 1864336
1858.9 1864336
1859.4 1864368
1859.9 1864368
1860.4 1864368
1860.9 1864336
1861.4 1864336
1861.9 1864336
1862.4 1864336
1862.9 1864336
1863.4 1864336
1863.9 1864336
1864.4 1864336
1864.9 1864336
1865.4 1864304
1865.9 1864304
1866.4 1864304
1866.9 1864368
1867.4 1864368
1867.9 1864368
1868.4 1864368
1868.9 1864368
1869.4 1864368
1870.0 1864368
1870.5 1864336
1871.0 1864336
1871.5 1864336
1872.0 1864336
1872.5 1864336
1873.0 1864336
1873.5 1864336
1874.0 1864336
1874.5 1864336
1875.0 1870272
1875.5 1869728
1876.0 1869804
1876.5 1869712
1877.0 1869804
1877.5 1870200
1878.0 1870136
1878.5 1870452
1879.0 1870040
1879.5 1870136
1880.0 1870756
1880.5 1869928
1881.0 1869932
1881.5 1870072
1882.0 1870120
1882.5 1870200
1883.0 1870024
1883.5 1870088
1884.0 1869960
1884.5 1870516
1885.0 1870288
1885.5 1870416
1886.0 1870508
1886.5 1870036
1887.0 1869800
1887.5 1870148
1888.0 1870180
1888.5 1869832
1889.0 1870384
1889.5 1870352
1890.0 1870364
1890.5 1870300
1891.0 1870332
1891.5 1870112
1892.0 1870380
1892.5 1870252
1893.0 1870224
1893.5 1870064
1894.0 1870632
1894.5 1870160
1895.0 1870156
1895.5 1870284
1896.0 1869992
1896.5 1869896
1897.0 1863916
1897.6 1863884
1898.1 1863884
1898.6 1863884
1899.1 1863884
1899.6 1863884
1900.1 1863880
1900.6 1863880
1901.1 1863880
1901.6 1863880
1902.1 1863880
1902.6 1863848
1903.1 1863848
1903.6 1863912
1904.1 1863912
1904.6 1863912
1905.1 1863912
1905.6 1863912
1906.1 1863912
1906.6 1863880
1907.1 1863880
1907.6 1863880
1908.1 1863880
1908.6 1863880
1909.2 1863880
1909.7 1863880
1910.2 1863880
1910.7 1863880
1911.2 1863944
1911.7 1863912
1912.2 1863912
1912.8 1863912
1913.3 1863912
1913.8 1863912
1914.3 1863912
1914.8 1863912
1915.3 1863912
1915.8 1863912
1916.3 1863880
1916.8 1863880
1917.3 1863880
1917.8 1863880
1918.3 1863880
1918.8 1863912
1919.3 1863912
1919.8 1870988
1920.3 1870104
1920.8 1870136
1921.3 1870056
1921.8 1870388
1922.3 1869956
1922.8 1870380
1923.3 1870112
1923.8 1870000
1924.3 1870128
1924.8 1870232
1925.3 1869892
1925.8 1870412
1926.3 1869860
1926.8 1869812
1927.3 1869720
1927.8 1870160
1928.3 1869956
1928.8 1870048
1929.3 1870176
1929.8 1870036
1930.3 1869816
1930.8 1870196
1931.3 1869832
1931.8 1870100
1932.3 1869768
1932.8 1870008
1933.3 1869688
1933.8 1870116
1934.3 1870304
1934.8 1870976
1935.3 1871392
1935.8 1870336
1936.3 1870452
1936.8 1870328
1937.3 1869936
1937.8 1870028
1938.3 1869980
1938.8 1870108
1939.3 1869996
1939.8 1869988
1940.3 1869972
1940.8 1870132
1941.3 1869912
1941.8 1863864
1942.3 1863864
1942.8 1863864
1943.3 1863864
1943.8 1863864
1944.3 1863832
1944.8 1863832
1945.3 1863832
1945.8 1863832
1946.3 1863832
1946.8 1863864
1947.3 1863864
1947.8 1863864
1948.3 1863864
1948.8 1863832
1949.3 1863832
1949.8 1863832
1950.3 1863832
1950.8 1863832
1951.3 1863832
1951.8 1863832
1952.3 1863832
1952.8 1863800
1953.3 1863800
1953.8 1863800
1954.3 1863864
1954.8 1863864
1955.3 1863864
1955.8 1863864
1956.3 1863864
1956.9 1863864
1957.4 1863864
1957.9 1863864
1958.4 1863864
1958.9 1863832
1959.4 1863832
1959.9 1863832
1960.4 1863832
1960.9 1863832
1961.4 1863832
1961.9 1863832
1962.4 1863832
1962.9 1863864
1963.4 1863864
1963.9 1863864
1964.4 1863864
1964.9 1870284
1965.4 1870108
1965.9 1870092
1966.4 1870456
1966.9 1870012
1967.4 1869952
1967.9 1870108
1968.4 1870408
1968.9 1870344
1969.4 1870328
1969.9 1870340
1970.4 1870276
1970.9 1869820
1971.4 1869916
1971.9 1870136
1972.4 1869804
1972.9 1869820
1973.4 1869884
1973.9 1869836
1974.4 1870104
1974.9 1869768
1975.4 1869784
1975.9 1870008
1976.4 1869832
1976.9 1870528
1977.4 1870384
1977.9 1870432
1978.4 1869688
1978.9 1869800
1979.4 1870112
1979.9 1869944
1980.4 1869912
1980.9 1869864
1981.4 1869896
1981.9 1870052
1982.4 1870604
1982.9 1870116
1983.4 1869580
1983.9 1869992
1984.4 1870068
1984.9 1870052
1985.4 1870116
1985.9 1869816
1986.4 1869928
1986.9 1863540
1987.4 1863540
1987.9 1863540
1988.4 1863540
1988.9 1863572
1989.4 1863580
1990.0 1864088
1990.5 1863788
1991.0 1863788
1991.6 1863820
1992.1 1863820
1992.6 1863820
1993.1 1863820
1993.6 1863820
1994.1 1863820
1994.6 1863820
1995.1 1863788
1995.6 1863852
1996.1 1863852
1996.6 1863852
1997.1 1863852
1997.6 1863852
1998.1 1863852
1998.6 1863852
1999.1 1863820
1999.6 1863820
2000.1 1863820
2000.6 1863820
2001.1 1863820
2001.6 1863820
2002.1 1863820
2002.6 1863820
2003.1 1863852
2003.6 1863852
2004.2 1863852
2004.7 1863852
2005.2 1863820
2005.8 1863820
2006.4 1863820
2006.9 1863820
2007.4 1863820
2007.9 1863820
2008.4 1863820
2008.9 1863788
2009.4 1863788
2009.9 1870444
2010.4 1870252
2010.9 1870428
2011.4 1870412
2011.9 1870724
2012.4 1870472
2012.9 1870616
2013.4 1870504
2013.9 1870584
2014.4 1870504
2014.9 1870728
2015.4 1871240
2015.9 1869816
2016.4 1870672
2016.9 1870608
2017.4 1870720
2017.9 1871156
2018.4 1870908
2018.9 1870688
2019.4 1870672
2019.9 1870940
2020.4 1870496
2020.9 1870544
2021.4 1870656
2021.9 1870544
2022.4 1870316
2022.9 1870192
2023.4 1870176
2023.9 1870396
2024.4 1870380
2024.9 1870452
2025.4 1870388
2025.9 1870544
2026.4 1870768
2026.9 1870688
2027.4 1870448
2027.9 1870388
2028.4 1869900
2028.9 1869868
2029.4 1869932
2029.9 1869916
2030.4 1869804
2030.9 1871352
2031.4 1870396
2031.9 1870744
2032.4 1870744
2032.9 1870980
2033.4 1864328
2033.9 1864328
2034.4 1864328
2034.9 1864328
2035.4 1864296
2035.9 1864296
2036.4 1864296
2036.9 1864296
2037.4 1864296
2037.9 1864296
2038.4 1864296
2038.9 1864296
2039.4 1864296
2039.9 1864360
2040.4 1864328
2040.9 1864328
2041.4 1864328
2041.9 1864328
2042.4 1864328
2042.9 1864328
2043.4 1864328
2043.9 1864328
2044.5 1864328
2045.0 1864296
2045.5 1864296
2046.0 1864296
2046.5 1864296
2047.0 1864296
2047.5 1864296
2048.0 1864328
2048.5 1864328
2049.0 1864328
2049.6 1864296
2050.1 1864296
2050.6 1864296
2051.1 1864296
2051.6 1864296
2052.1 1864296
2052.7 1864296
2053.2 1864296
2053.7 1864296
2054.2 1864296
2054.7 1864296
2055.2 1870308
2055.7 1870624
2056.2 1870340
2056.7 1870464
2057.2 1870292
2057.7 1870340
2058.2 1870560
2058.7 1870704
2059.2 1870308
2059.7 1870244
2060.2 1870372
2060.7 1870324
2061.2 1870216
2061.7 1870040
2062.2 1870020
2062.7 1870112
2063.2 1870080
2063.7 1870616
2064.2 1870300
2064.7 1870708
2065.2 1870568
2065.7 1870460
2066.2 1870220
2066.7 1870284
2067.2 1870220
2067.7 1870584
2068.2 1870492
2068.7 1870348
2069.2 1870316
2069.7 1870316
2070.2 1870032
2070.7 1870192
2071.2 1870300
2071.7 1870076
2072.2 1870520
2072.7 1870476
2073.2 1870380
2073.7 1870476
2074.2 1870536
2074.7 1870632
2075.2 1871136
2075.7 1870680
2076.2 1870616
2076.7 1870428
2077.2 1870836
2077.7 1870364
2078.2 1864532
2078.7 1864532
2079.2 1864532
2079.7 1864532
2080.2 1864532
2080.7 1864532
2081.2 1864532
2081.7 1864500
2082.2 1864500
2082.7 1864500
2083.2 1864500
2083.7 1864500
2084.2 1864532
2084.7 1864532
2085.3 1864532
2085.8 1864532
2086.3 1864532
2086.8 1864500
2087.3 1864500
2087.8 1864500
2088.3 1864500
2088.8 1864500
2089.3 1864500
2089.8 1864500
2090.3 1864500
2090.8 1864500
2091.4 1864468
2091.9 1864532
2092.4 1864532
2092.9 1864532
2093.4 1864532
2093.9 1864532
2094.4 1864532
2094.9 1864532
2095.4 1864532
2095.9 1864500
2096.4 1864500
2096.9 1864500
2097.4 1864500
2097.9 1864500
2098.4 1864500
2098.9 1864500
2099.4 1864532
2099.9 1870236
2100.4 1870536
2100.9 1870588
2101.4 1870300
2101.9 1870236
2102.4 1870220
2102.9 1870444
2103.4 1870200
2103.9 1869868
2104.4 1870308
2104.9 1870528
2105.4 1870480
2105.9 1870528
2106.4 1870544
2106.9 1870512
2107.4 1870656
2107.9 1870404
2108.4 1870196
2108.9 1870420
2109.4 1870120
2109.9 1870340
2110.4 1870104
2110.9 1869960
2111.4 1869676
2111.9 1869676
2112.4 1869880
2112.9 1870452
2113.4 1870468
2113.9 1870148
2114.4 1870244
2114.9 1870632
2115.4 1870044
2115.9 1870404
2116.4 1870292
2116.9 1870280
2117.4 1870468
2117.9 1870592
2118.4 1870632
2118.9 1870584
2119.4 1870552
2119.9 1870188
2120.4 1870584
2120.9 1870932
2121.4 1870348
2121.9 1870096
2122.4 1870240
2122.9 1870332
2123.5 1864700
2124.0 1864700
2124.5 1864700
2125.1 1864700
2125.6 1864700
2126.1 1864700
2126.6 1864700
2127.1 1864700
2127.6 1864700
2128.1 1864700
2128.6 1864700
2129.1 1864668
2129.6 1864668
2130.1 1864668
2130.6 1864668
2131.1 1864700
2131.6 1864700
2132.1 1864700
2132.6 1864700
2133.1 1864668
2133.6 1864668
2134.1 1864668
2134.6 1864668
2135.1 1864668
2135.6 1864668
2136.1 1864668
2136.7 1864668
2137.2 1864668
2137.7 1864636
2138.2 1864700
2138.7 1864700
2139.2 1864700
2139.7 1864700
2140.2 1864700
2140.7 1864700
2141.2 1864700
2141.7 1864700
2142.2 1864668
2142.7 1864668
2143.2 1864668
2143.7 1864668
2144.2 1864668
2144.7 1871472
2145.2 1870136
2145.7 1870056
2146.2 1870104
2146.7 1870388
2147.2 1870244
2147.7 1870404
2148.2 1870372
2148.7 1870340
2149.2 1870656
2149.7 1870608
2150.2 1870624
2150.7 1870640
2151.2 1870120
2151.7 1870436
2152.2 1870276
2152.7 1870008
2153.2 1870104
2153.7 1870184
2154.2 1870184
2154.7 1870516
2155.2 1870340
2155.7 1870152
2156.2 1869948
2156.7 1869844
2157.2 1869720
2157.7 1870004
2158.2 1869876
2158.7 1869812
2159.2 1869700
2159.7 1869876
2160.2 1869892
2160.7 1869860
2161.2 1869968
2161.7 1869876
2162.2 1869940
2162.7 1869940
2163.2 1869812
2163.7 1870080
2164.2 1870476
2164.7 1870316
2165.2 1870648
2165.7 1870224
2166.2 1870536
2166.7 1870648
2167.2 1870172
2167.7 1870284
2168.2 1864508
2168.7 1864508
2169.3 1864540
2169.8 1864540
2170.3 1864540
2170.8 1864540
2171.3 1864540
2171.8 1864540
2172.3 1864540
2172.8 1864540
2173.5 1864540
2174.0 1864508
2174.5 1864508
2175.0 1864508
2175.5 1864508
2176.0 1864508
2176.5 1864540
2177.0 1864540
2177.5 1864540
2178.1 1864540
2178.6 1864540
2179.1 1864540
2179.6 1864508
2180.1 1864508
2180.6 1864508
2181.1 1864508
2181.8 1864508
2182.3 1864508
2182.8 1864508
2183.3 1864508
2183.8 1864476
2184.3 1864540
2184.8 1864540
2185.4 1864540
2185.9 1864540
2186.4 1864540
2187.0 1864540
2187.5 1864540
2188.0 1864540
2188.5 1864540
2189.0 1864508
2189.5 1864508
2190.0 1870236
2190.5 1870444
2191.0 1870792
2191.5 1870192
2192.0 1870192
2192.5 1870268
2193.0 1870680
2193.5 1870332
2194.0 1870696
2194.5 1870552
2195.0 1870600
2195.5 1870524
2196.0 1870744
2196.5 1870584
2197.0 1870508
2197.5 1870600
2198.0 1870900
2198.5 1870332
2199.0 1870144
2199.5 1870064
2200.0 1870404
2200.5 1870308
2201.0 1870372
2201.5 1870168
2202.0 1869428
2202.5 1870152
2203.0 1869600
2203.5 1869300
2204.0 1869996
2204.5 1870280
2205.0 1870136
2205.5 1870152
2206.0 1869868
2206.5 1869820
2207.0 1870104
2207.5 1870136
2208.0 1870232
2208.5 1870056
2209.0 1870120
2209.5 1870452
2210.0 1870616
2210.5 1870412
2211.0 1870364
2211.5 1870284
2212.0 1870444
2212.5 1870332
2213.0 1865596
2213.5 1864464
2214.0 1864464
2214.5 1864464
2215.0 1864464
2215.5 1864464
2216.0 1864464
2216.5 1864464
2217.0 1864464
2217.5 1864432
2218.0 1864432
2218.5 1864432
2219.0 1864432
2219.5 1864464
2220.0 1864464
2220.5 1864464
2221.0 1864464
2221.5 1864432
2222.0 1864432
2222.5 1864432
2223.0 1864432
2223.5 1864432
2224.0 1864432
2224.6 1864432
2225.1 1864432
2225.6 1864432
2226.1 1864400
2226.7 1864400
2227.2 1864400
2227.7 1864464
2228.2 1864464
2228.7 1864464
2229.2 1864464
2229.7 1864464
2230.2 1864464
2230.7 1864432
2231.2 1864432
2231.7 1864432
2232.2 1864432
2232.7 1864432
2233.2 1864432
2233.7 1864464
2234.2 1864464
2234.7 1871320
2235.2 1870168
2235.7 1870608
2236.2 1870624
2236.7 1870372
2237.2 1870528
2237.7 1870608
2238.2 1870580
2238.7 1870544
2239.2 1870512
2239.7 1870728
2240.2 1870512
2240.7 1870768
2241.2 1870436
2241.7 1870340
2242.2 1870704
2242.7 1870656
2243.2 1870656
2243.7 1870592
2244.2 1870672
2244.7 1870744
2245.2 1870584
2245.7 1870584
2246.2 1870584
2246.7 1870632
2247.2 1870364
2247.7 1870188
2248.2 1870728
2248.7 1870680
2249.2 1870680
2249.7 1870632
2250.2 1870348
2250.7 1870584
2251.2 1870268
2251.7 1870300
2252.2 1870300
2252.7 1870364
2253.2 1870192
2253.7 1869780
2254.2 1870144
2254.7 1870272
2255.2 1870176
2255.7 1870316
2256.2 1870396
2256.7 1870332
2257.2 1870300
2257.7 1870476
2258.2 1864384
2258.7 1864448
2259.2 1864416
2259.7 1864416
2260.2 1864416
2260.7 1864416
2261.2 1864416
2261.7 1864416
2262.3 1864416
2262.8 1864416
2263.3 1864416
2263.8 1864416
2264.3 1864416
2264.8 1864384
2265.3 1864384
2265.8 1864384
2266.3 1864416
2266.8 1864416
2267.3 1864416
2267.8 1864416
2268.3 1864384
2268.8 1864384
2269.3 1864384
2269.8 1864384
2270.3 1864384
2270.8 1864384
2271.4 1864384
2271.9 1864384
2272.4 1864384
2272.9 1864384
2273.4 1864352
2273.9 1864416
2274.4 1864416
2274.9 1864416
2275.4 1864416
2275.9 1864416
2276.4 1864416
2276.9 1864416
2277.5 1864416
2278.0 1864384
2278.5 1864384
2279.0 1864384
2279.5 1864384
2280.0 1870032
2280.5 1870240
2281.0 1870208
2281.5 1870080
2282.0 1870064
2282.5 1870032
2283.0 1870192
2283.5 1870288
2284.0 1869736
2284.5 1869876
2285.0 1870064
2285.5 1870176
2286.0 1870348
2286.5 1870316
2287.0 1870160
2287.5 1870064
2288.0 1870192
2288.5 1870288
2289.0 1870412
2289.5 1870584
2290.0 1870488
2290.5 1870284
2291.0 1870696
2291.5 1870428
2292.0 1870080
2292.5 1870320
2293.0 1870776
2293.5 1870696
2294.0 1870472
2294.5 1870728
2295.0 1870568
2295.5 1870632
2296.0 1870360
2296.5 1870628
2297.0 1870440
2297.5 1870236
2298.0 1870156
2298.5 1869936
2299.0 1870188
2299.5 1870124
2300.0 1870236
2300.5 1870156
2301.0 1870184
2301.5 1869884
2302.0 1870468
2302.5 1870388
2303.0 1869508
2303.5 1864780
2304.0 1864780
2304.5 1864780
2305.0 1864780
2305.5 1864780
2306.0 1864748
2306.5 1864744
2307.0 1864744
2307.5 1864744
2308.0 1864744
2308.5 1864776
2309.0 1864776
2309.5 1864776
2310.0 1864744
2310.5 1864744
2311.1 1864744
2311.6 1864744
2312.1 1864744
2312.6 1864744
2313.1 1864744
2313.6 1864744
2314.1 1864744
2314.7 1864712
2315.2 1864712
2315.7 1864712
2316.2 1864712
2316.7 1864776
2317.2 1864776
2317.7 1864776
2318.3 1864776
2318.8 1864776
2319.3 1864744
2319.9 1864744
2320.4 1864744
2320.9 1864744
2321.4 1864744
2321.9 1864744
2322.4 1864744
2322.9 1864776
2323.4 1864776
2323.9 1864776
2324.4 1864744
2324.9 1870288
2325.4 1870620
2325.9 1870684
2326.4 1870380
2326.9 1870480
2327.4 1870360
2327.9 1870392
2328.4 1870296
2328.9 1870520
2329.4 1870708
2329.9 1870592
2330.4 1870496
2330.9 1870784
2331.4 1870592
2331.9 1870324
2332.4 1870136
2332.9 1870072
2333.4 1870004
2333.9 1870420
2334.4 1870704
2334.9 1870556
2335.4 1870572
2335.9 1870588
2336.4 1870212
2336.9 1869972
2337.4 1869988
2337.9 1870148
2338.4 1869896
2338.9 1869864
2339.4 1869816
2339.9 1869828
2340.4 1869892
2340.9 1870080
2341.4 1870252
2341.9 1870128
2342.4 1870492
2342.9 1870428
2343.4 1870776
2343.9 1869968
2344.4 1870208
2344.9 1870300
2345.4 1870412
2345.9 1870712
2346.4 1870380
2346.9 1870568
2347.4 1870488
2347.9 1870472
2348.4 1864564
2348.9 1864564
2349.4 1864564
2349.9 1864564
2350.4 1864564
2350.9 1864560
2351.4 1864560
2351.9 1864560
2352.4 1864560
2352.9 1864592
2353.4 1864592
2353.9 1864592
2354.4 1864592
2354.9 1864592
2355.4 1864592
2355.9 1864592
2356.4 1864592
2357.0 1864560
2357.5 1864560
2358.0 1864560
2358.5 1864560
2359.0 1864560
2359.5 1864560
2360.0 1864560
2360.5 1864560
2361.0 1864592
2361.5 1864592
2362.0 1864560
2362.5 1864560
2363.0 1864560
2363.6 1864560
2364.1 1864560
2364.6 1864560
2365.1 1864560
2365.7 1864560
2366.2 1864560
2366.7 1864528
2367.2 1864528
2367.7 1864528
2368.2 1864592
2368.7 1864592
2369.2 1864592
2369.7 1864592
2370.2 1870328
2370.7 1870012
2371.2 1869872
2371.7 1870172
2372.2 1870188
2372.7 1869996
2373.2 1870188
2373.7 1870188
2374.2 1870536
2374.7 1870328
2375.2 1870392
2375.7 1870376
2376.2 1870440
2376.7 1870432
2377.2 1870448
2377.7 1870384
2378.2 1870400
2378.7 1870052
2379.2 1870148
2379.7 1870904
2380.2 1870336
2380.7 1870620
2381.2 1870700
2381.7 1870224
2382.2 1870288
2382.7 1870668
2383.2 1870352
2383.7 1870320
2384.2 1870732
2384.7 1870432
2385.2 1870480
2385.7 1870512
2386.2 1870416
2386.7 1870400
2387.2 1870288
2387.7 1869944
2388.2 1869848
2388.7 1869800
2389.2 1870008
2389.7 1869580
2390.2 1869972
2390.7 1870584
2391.2 1870648
2391.7 1870584
2392.2 1870268
2392.7 1870536
2393.2 1867928
2393.7 1864644
2394.2 1864644
2394.7 1864612
2395.2 1864612
2395.7 1864608
2396.2 1864608
2396.7 1864608
2397.2 1864608
2397.8 1864608
2398.3 1864608
2398.8 1864608
2399.3 1864608
2399.8 1864576
2400.3 1864640
2400.8 1864640
2401.3 1864640
2401.8 1864640
2402.3 1864640
2402.8 1864640
2403.3 1864640
2403.8 1864640
2404.3 1864608
2404.8 1864608
2405.3 1864608
2405.8 1864608
2406.3 1864608
2406.8 1864608
2407.3 1864608
2407.8 1864640
2408.3 1864640
2408.8 1864608
2409.3 1864608
2409.8 1864608
2410.3 1864608
2410.8 1864608
2411.3 1864608
2411.8 1864608
2412.3 1864608
2412.8 1864608
2413.3 1864608
2413.8 1864576
2414.3 1864576
2414.8 1870656
2415.3 1870464
2415.8 1870384
2416.3 1870668
2416.8 1870684
2417.3 1870596
2417.8 1870380
2418.3 1870456
2418.8 1869980
2419.3 1870108
2419.8 1869884
2420.3 1869628
2420.8 1869740
2421.3 1870184
2421.8 1870656
2422.3 1870656
2422.8 1869692
2423.3 1870356
2423.8 1870324
2424.3 1870576
2424.8 1870448
2425.3 1869928
2425.8 1869784
2426.3 1870148
2426.8 1869864
2427.3 1870400
2427.8 1869644
2428.3 1870068
2428.8 1870256
2429.3 1870280
2429.8 1870276
2430.3 1870624
2430.8 1870768
2431.3 1870328
2431.8 1870688
2432.3 1870528
2432.8 1870340
2433.3 1870356
2433.8 1870040
2434.3 1870232
2434.8 1870792
2435.3 1870400
2435.8 1870224
2436.3 1870128
2436.8 1870400
2437.3 1870604
2437.8 1870588
2438.3 1864728
2438.8 1864792
2439.3 1864792
2439.8 1864792
2440.3 1864792
2440.8 1864788
2441.3 1864788
2441.8 1864756
2442.5 1864756
2443.0 1864756
2443.5 1864756
2444.0 1864756
2444.5 1864756
2445.1 1864756
2445.6 1864756
2446.1 1864756
2446.6 1864788
2447.1 1864788
2447.6 1864788
2448.1 1864788
2448.6 1864788
2449.1 1864788
2449.6 1864788
2450.2 1864788
2450.7 1864788
2451.2 1864788
2451.7 1864756
2452.2 1864756
2452.7 1864756
2453.2 1864756
2453.7 1864788
2454.2 1864788
2454.7 1864788
2455.2 1864788
2455.7 1864788
2456.2 1864756
2456.7 1864756
2457.3 1864756
2457.8 1864756
2458.3 1864756
2458.8 1864756
2459.3 1864756
2459.8 1870836
2460.3 1870316
2460.8 1870236
2461.3 1870380
2461.8 1870324
2462.3 1870324
2462.8 1870452
2463.3 1870512
2463.8 1870088
2464.3 1870072
2464.8 1870004
2465.3 1870368
2465.8 1870684
2466.3 1870604
2466.8 1870588
2467.3 1870508
2467.8 1870556
2468.3 1870224
2468.8 1870572
2469.3 1870556
2469.8 1870048
2470.3 1870568
2470.8 1870568
2471.3 1870632
2471.8 1870456
2472.3 1870488
2472.8 1870648
2473.3 1870536
2473.8 1869936
2474.3 1870268
2474.8 1870184
2475.3 1870264
2475.8 1870312
2476.3 1870864
2476.8 1869996
2477.3 1870676
2477.8 1870928
2478.3 1870484
2478.8 1870580
2479.3 1870752
2479.8 1870884
2480.3 1870600
2480.8 1870724
2481.3 1870492
2481.8 1870300
2482.3 1870268
2482.8 1870660
2483.3 1864396
2483.8 1864460
2484.3 1864460
2484.8 1864460
2485.3 1864428
2485.8 1864424
2486.3 1864424
2486.8 1864424
2487.3 1864424
2487.9 1864424
2488.4 1864424
2488.9 1864424
2489.4 1864392
2489.9 1864392
2490.4 1864392
2490.9 1864392
2491.4 1864424
2491.9 1864424
2492.4 1864424
2492.9 1864424
2493.4 1864424
2493.9 1864392
2494.4 1864392
2495.0 1864392
2495.5 1864392
2496.0 1864392
2496.5 1864392
2497.0 1864392
2497.6 1864392
2498.1 1864392
2498.6 1864392
2499.1 1864424
2499.6 1864424
2500.1 1864424
2500.6 1864424
2501.1 1864424
2501.6 1864424
2502.1 1864424
2502.6 1864424
2503.1 1864424
2503.6 1864392
2504.1 1864392
2504.6 1864392
2505.1 1870140
2505.6 1870460
2506.1 1870556
2506.6 1870396
2507.1 1870824
2507.6 1870620
2508.1 1870588
2508.6 1870336
2509.1 1870256
2509.6 1870288
2510.1 1870364
2510.6 1870000
2511.1 1870048
2511.6 1869576
2512.1 1869828
2512.6 1869892
2513.1 1869844
2513.6 1869544
2514.1 1870144
2514.6 1870144
2515.1 1869932
2515.6 1869996
2516.1 1869996
2516.6 1869996
2517.1 1870124
2517.6 1870124
2518.1 1870376
2518.6 1870328
2519.1 1870092
2519.6 1870232
2520.1 1870292
2520.6 1870324
2521.1 1870560
2521.6 1870356
2522.1 1870400
2522.6 1870176
2523.1 1870524
2523.6 1870140
2524.1 1870392
2524.6 1869892
2525.1 1869876
2525.6 1869860
2526.1 1869860
2526.6 1869528
2527.1 1869512
2527.6 1869812
2528.1 1864212
2528.6 1863924
2529.1 1863924
2529.7 1863924
2530.2 1863920
2530.7 1863920
2531.2 1863920
2531.8 1863888
2532.3 1863888
2532.8 1863888
2533.3 1863888
2533.8 1863888
2534.3 1863888
2534.8 1863888
2535.3 1863888
2535.8 1863952
2536.3 1863952
2536.8 1863920
2537.3 1863920
2537.8 1863920
2538.4 1863920
2538.9 1863920
2539.4 1863920
2539.9 1863920
2540.4 1863920
2540.9 1863920
2541.4 1863888
2541.9 1863888
2542.4 1863888
2542.9 1863888
2543.4 1863920
2543.9 1863920
2544.4 1863920
2545.0 1863920
2545.5 1863920
2546.1 1863888
2546.6 1863888
2547.1 1863888
2547.6 1863888
2548.1 1863888
2548.6 1863888
2549.1 1863888
2549.6 1863888
2550.1 1870272
2550.6 1870288
2551.1 1870036
2551.6 1869816
2552.1 1870024
2552.6 1869928
2553.1 1869768
2553.6 1870164
2554.1 1870708
2554.6 1869888
2555.1 1869868
2555.6 1869756
2556.1 1869932
2556.6 1870020
2557.1 1870136
2557.6 1870104
2558.1 1869960
2558.6 1869992
2559.1 1870024
2559.6 1870056
2560.1 1869876
2560.6 1870328
2561.1 1870380
2561.6 1870552
2562.1 1870428
2562.6 1869984
2563.1 1869868
2563.6 1870688
2564.1 1870228
2564.6 1870640
2565.1 1870740
2565.6 1870836
2566.1 1870536
2566.6 1870724
2567.1 1870456
2567.6 1870016
2568.1 1870380
2568.6 1870016
2569.1 1870284
2569.6 1870488
2570.1 1870180
2570.6 1870560
2571.1 1870132
2571.6 1870496
2572.1 1870716
2572.6 1870512
2573.1 1869872
2573.6 1864696
2574.1 1864696
2574.6 1864664
2575.1 1864656
2575.6 1864656
2576.1 1864656
2576.6 1864656
2577.1 1864656
2577.6 1864656
2578.1 1864656
2578.6 1864720
2579.1 1864688
2579.6 1864688
2580.1 1864688
2580.6 1864688
2581.1 1864688
2581.6 1864688
2582.1 1864688
2582.6 1864688
2583.1 1864688
2583.6 1864656
2584.1 1864656
2584.6 1864656
2585.2 1864656
2585.7 1864688
2586.2 1864688
2586.7 1864688
2587.2 1864688
2587.7 1864688
2588.4 1864688
2588.9 1864688
2589.4 1864688
2589.9 1864688
2590.5 1864656
2591.0 1864656
2591.5 1864656
2592.0 1864656
2592.5 1864656
2593.0 1864656
2593.5 1864656
2594.0 1864688
2594.5 1864688
2595.0 1870616
2595.5 1870404
2596.0 1869888
2596.5 1869724
2597.0 1869960
2597.5 1870452
2598.0 1870040
2598.5 1870260
2599.0 1870448
2599.5 1870272
2600.0 1870472
2600.5 1870360
2601.0 1870788
2601.5 1870852
2602.0 1870724
2602.5 1870612
2603.0 1870376
2603.5 1870344
2604.0 1870488
2604.5 1870472
2605.0 1870276
2605.5 1870400
2606.0 1870716
2606.5 1870116
2607.0 1870132
2607.5 1870528
2608.0 1870416
2608.5 1870748
2609.0 1870844
2609.5 1870544
2610.0 1870328
2610.5 1870472
2611.0 1870676
2611.5 1870580
2612.0 1870456
2612.5 1870708
2613.0 1870360
2613.5 1870424
2614.0 1870280
2614.5 1870360
2615.0 1870700
2615.5 1870324
2616.0 1870052
2616.5 1870196
2617.0 1870180
2617.5 1870432
2618.0 1864708
2618.5 1864580
2619.0 1864580
2619.5 1864580
2620.0 1864580
2620.5 1864572
2621.0 1864572
2621.5 1864572
2622.1 1864540
2622.6 1864540
2623.1 1864540
2623.6 1864540
2624.1 1864540
2624.6 1864540
2625.1 1864540
2625.6 1864572
2626.1 1864572
2626.6 1864540
2627.1 1864540
2627.6 1864540
2628.1 1864540
2628.6 1864540
2629.1 1864540
2629.6 1864540
2630.1 1864540
2630.6 1864540
2631.1 1864508
2631.6 1864508
2632.1 1864508
2632.6 1864508
2633.1 1864572
2633.6 1864572
2634.1 1864572
2634.6 1864572
2635.1 1864572
2635.6 1864572
2636.1 1864540
2636.6 1864540
2637.2 1864540
2637.7 1864540
2638.2 1864540
2638.7 1864540
2639.2 1864540
2639.7 1864540
2640.2 1870276
2640.7 1870340
2641.2 1869708
2641.7 1869612
2642.2 1869896
2642.7 1870416
2643.2 1870368
2643.7 1870292
2644.2 1870104
2644.7 1869884
2645.2 1869512
2645.7 1869620
2646.2 1869920
2646.7 1869968
2647.2 1869920
2647.7 1870576
2648.2 1870480
2648.7 1870716
2649.2 1870608
2649.7 1870700
2650.2 1870644
2650.7 1870804
2651.2 1870568
2651.7 1870408
2652.2 1870520
2652.7 1870472
2653.2 1870376
2653.7 1870360
2654.2 1870456
2654.7 1870408
2655.2 1870704
2655.7 1870564
2656.2 1870452
2656.7 1870468
2657.2 1870388
2657.7 1870768
2658.2 1870340
2658.7 1870548
2659.2 1870720
2659.7 1870864
2660.2 1870540
2660.7 1870400
2661.2 1870528
2661.7 1870432
2662.2 1870448
2662.7 1870748
2663.2 1864888
2663.7 1864952
2664.2 1864952
2664.7 1864920
2665.2 1864920
2665.7 1864912
2666.3 1864912
2666.8 1864912
2667.3 1864912
2667.8 1864912
2668.3 1864912
2668.8 1864880
2669.3 1864880
2669.8 1864880
2670.3 1864880
2670.8 1864880
2671.3 1864912
2671.8 1864912
2672.3 1864912
2672.8 1864912
2673.3 1864880
2673.8 1864880
2674.3 1864880
2674.8 1864880
2675.3 1864880
2676.6 1864880
2677.1 1864880
2677.7 1864880
2678.2 1864880
2678.7 1864880
2679.2 1864912
2679.7 1864912
2680.2 1864912
2680.8 1864912
2682.2 1864912
2682.7 1864912
2683.3 1864912
2683.8 1864912
2684.3 1864912
2684.8 1868212
2685.3 1870376
2685.8 1870472
2686.3 1869984
2686.8 1869968
2687.3 1870440
2687.8 1870360
2688.3 1870392
2688.8 1870124
2689.3 1870012
2689.8 1870164
2690.3 1870068
2690.8 1870020
2691.3 1870212
2691.8 1870148
2692.3 1870164
2692.8 1870084
2693.3 1870132
2693.8 1870132
2694.3 1870084
2694.8 1870204
2695.3 1869908
2695.8 1870016
2696.3 1870364
2696.8 1870744
2697.3 1870776
2697.8 1870428
2698.3 1870332
2698.8 1870348
2699.3 1870728
2699.8 1870628
2700.3 1870220
2700.8 1870124
2701.3 1869916
2701.8 1870328
2702.3 1870280
2702.8 1870436
2703.3 1870644
2703.8 1870672
2704.3 1870724
2704.8 1870656
2705.3 1870480
2705.8 1870356
2706.3 1870512
2706.8 1869804
2707.3 1869788
2707.8 1869820
2708.3 1864268
2708.8 1864268
2710.7 1864260
2711.2 1864260
2711.7 1864228
2712.2 1864228
2712.7 1864228
2713.2 1864228
2713.7 1864228
2714.3 1864228
2714.8 1864228
2715.3 1864228
2715.8 1864228
2716.3 1864228
2716.8 1864260
2717.4 1864260
2717.9 1864260
2718.4 1864260
2718.9 1864260
2719.4 1864260
2719.9 1864260
2721.4 1864260
2721.9 1864260
2722.4 1864228
2722.9 1864228
2723.4 1864228
2723.9 1864228
2724.4 1864228
2724.9 1864260
2725.4 1864260
2725.9 1864260
2726.4 1864260
2726.9 1864228
2727.4 1864228
2727.9 1864228
2728.4 1864228
2728.9 1864228
2729.5 1864228
2730.0 1869900
2730.5 1870096
2731.0 1870364
2731.5 1870552
2732.0 1870696
2732.5 1870032
2733.0 1870444
2733.5 1870600
2734.0 1870600
2734.5 1870552
2735.0 1870436
2735.5 1870576
2736.0 1870436
2736.5 1870436
2737.0 1870448
2737.5 1870656
2738.0 1870672
2738.5 1870608
2739.0 1870372
2739.5 1870388
2740.0 1870732
2740.5 1870288
2741.0 1870604
2741.5 1870620
2742.0 1870480
2742.5 1870040
2743.0 1870448
2743.5 1870256
2744.0 1870528
2744.5 1870368
2745.0 1870692
2745.5 1870280
2746.0 1870376
2746.5 1870612
2747.0 1870376
2747.5 1870296
2748.0 1870596
2748.5 1870360
2749.0 1870548
2749.5 1870500
2750.0 1870564
2750.5 1870136
2751.0 1870336
2751.5 1870608
2752.0 1870356
2752.5 1870136
2753.0 1864352
2754.9 1864384
2756.6 1864376
2757.1 1864376
2758.5 1864344
2759.0 1864344
2759.5 1864344
2760.0 1864344
2760.5 1864344
2761.4 1864344
2762.5 1864344
2763.0 1864344
2764.5 1864344
2765.0 1864344
2765.5 1864344
2766.0 1864344
2766.5 1864376
2768.6 1864376
2769.1 1864376
2769.6 1864376
2770.1 1864376
2771.2 1864376
2771.7 1864344
2772.5 1864344
2773.0 1864344
2773.6 1864344
2774.1 1864344
2774.6 1864344
2775.1 1870712
2775.6 1870648
2776.1 1870712
2776.6 1870712
2777.1 1870696
2777.6 1870680
2778.1 1870648
2778.6 1870632
2779.1 1870712
2779.6 1870600
2780.1 1870388
2780.6 1870404
2781.1 1870248
2781.6 1871272
2782.1 1871824
2782.6 1872700
2783.1 1875452
2783.6 1874196
2784.1 1874760
2784.6 1874500
2785.1 1874024
2785.6 1875628
2786.1 1875260
2786.6 1875496
2787.1 1874956
2787.6 1873680
2788.1 1873520
2788.6 1873840
2789.1 1874404
2789.6 1875908
2790.1 1878004
2790.6 1877852
2791.1 1878900
2791.6 1880860
2792.1 1881528
2792.6 1882128
2793.1 1882188
2793.6 1881964
2794.1 1882652
2794.6 1886632
2795.1 1887484
2795.6 1887512
2796.1 1886100
2796.6 1886068
2797.1 1887684
2797.6 1886712
2798.1 1888268
2798.6 1889136
2799.1 1888640
2799.6 1887272
2800.1 1886776
2800.6 1886336
2801.1 1886976
2801.6 1887812
2802.1 1887600
2802.6 1888840
2803.1 1889412
2803.6 1888912
2804.1 1892824
2804.6 1892840
2805.1 1892720
2805.6 1893288
2806.1 1892956
2806.6 1892948
2807.1 1893636
2807.6 1894328
2808.1 1893036
2808.6 1890664
2809.1 1887624
2809.6 1881816
2810.1 1881728
2810.6 1882384
2811.1 1883948
2811.6 1883904
2812.1 1884152
2812.6 1884268
2813.1 1884652
2813.6 1885212
2814.1 1885292
2814.6 1886352
2815.1 1886600
2815.6 1886740
2816.1 1888452
2816.6 1887708
2817.1 1887724
2817.6 1888232
2818.1 1886968
2818.6 1886560
2819.1 1885856
2819.6 1888292
2820.1 1886888
2820.6 1887308
2821.1 1889520
2821.6 1887520
2822.1 1888788
2822.6 1886440
2823.1 1883840
2823.6 1883864
2824.1 1884220
2824.6 1881124
2825.1 1877788
2825.6 1876692
2826.1 1878404
2826.6 1880812
2827.1 1878640
2827.6 1880700
2828.1 1882968
2828.6 1884480
2830.0 1897112
2830.5 1900028
2832.1 1895032
2832.6 1892564
2833.1 1889288
2833.6 1888532
2835.8 1865924
2837.4 1865920
2837.9 1865920
2838.4 1865920
2839.1 1865920
2839.6 1865920
2840.1 1865920
2840.8 1858076
2841.3 1856832
2842.7 1856896
2843.2 1856896
2843.8 1856896
2844.3 1857032
2844.8 1857276
2845.5 1852236
2846.0 1853464
2846.5 1853432
2847.0 1853528
2847.5 1853428
2849.3 1856640
2850.9 1856884
2851.5 1856884
2852.3 1854900
2854.4 1858104
2854.9 1859364
2855.9 1859332
2856.5 1859332
2857.0 1859332
2857.5 1859332
2858.0 1859332
2858.5 1859332
2859.0 1853704
2859.5 1853696
2860.0 1853696
2860.5 1853664
2861.0 1853664
2861.5 1853664
2862.0 1853664
2862.5 1853728
2863.0 1853728
2864.5 1853728
2865.0 1853728
2865.5 1853728
2866.0 1853696
2866.6 1853696
2867.1 1853696
2867.6 1853696
2868.5 1853696
2869.0 1853696
2869.5 1853696
2870.0 1853696
2870.5 1853760
2871.5 1853728
2872.0 1853728
2873.8 1853728
2875.0 1853728
2875.5 1853728
2876.0 1853728
2876.5 1853728
2877.0 1853728
2877.5 1853728
2878.0 1853728
2878.5 1853696
2879.0 1853444
2879.5 1853444
2880.0 1853476
2880.5 1853476
2881.0 1853472
2881.5 1853220
2882.0 1853220
2884.1 1853188
2884.6 1853188
2885.1 1853188
2885.6 1853188
2886.1 1853188
2887.9 1851672
2889.9 1851672
2891.7 1851672
2892.9 1851704
2894.7 1851704
2898.3 1851704
2900.4 1851704
2902.3 1851704
2904.3 1851704
2904.8 1851704
2905.3 1851704
2905.8 1851672
2906.3 1851672
2906.8 1851672
2907.3 1851672
2909.2 1851672
2909.7 1851704
2910.2 1851704
2910.7 1851704
2911.2 1851704
2911.7 1851672
2913.6 1851672
2914.1 1851672
2914.6 1851672
2915.1 1851672
2915.6 1851672
2916.1 1851672
2916.6 1851672
2917.1 1851640
2917.6 1851640
2918.5 1851704
2919.0 1851704
2919.5 1851704
2920.0 1851704
2920.5 1851704
2921.3 1851704
2922.0 1851704
2923.5 1851704
2924.0 1851704
2924.7 1851672
2925.2 1851672
2925.8 1851672
2926.3 1851672
2926.8 1851672
2927.4 1851704
2927.9 1851704
2928.4 1851704
2929.8 1851672
2931.2 1851672
2931.7 1851672
2932.3 1851672
2934.5 1851672
2935.0 1851672
2935.5 1851672
2936.2 1851672
2936.7 1851640
2937.2 1851640
2937.8 1851640
2938.4 1851704
2939.1 1851704
2939.8 1851704
2940.3 1851704
2940.8 1851704
2941.3 1851704
2941.8 1851704
2942.7 1851672
2943.8 1851672
2944.3 1851672
2944.8 1851672
2945.3 1851672
2945.8 1851672
2946.5 1851672
2947.0 1851672
2947.9 1851736
2949.2 1851704
2949.8 1851704
2950.3 1851704
2950.8 1851704
2951.7 1851704
2952.2 1851704
2954.0 1851704
2954.5 1851704
2955.0 1851704
2955.5 1851704
2956.0 1851672
2956.5 1851672
2957.3 1851672
2957.8 1851704
2958.3 1851704
2959.4 1851704
2959.9 1851704
2960.4 1851672
2960.9 1851672
2961.4 1851672
2962.4 1851672
2962.9 1851672
2963.4 1851672
2964.0 1851672
2964.5 1851672
2965.0 1851672
2965.5 1851672
2967.0 1851704
2968.4 1851704
2969.0 1851704
2972.5 1851704
2976.0 1851704
2977.7 1851704
2978.2 1851704
2980.1 1851672
2982.3 1851672
2982.8 1851672
2984.7 1851672
2985.2 1851672
2987.2 1851704
2987.7 1851704
2990.8 1851672
2991.3 1851672
2999.5 1851672
3000.0 1851672
3000.5 1851672
