0.9 1824700
1.8 1824700
2.2 1824700
2.8 1824700
3.6 1824700
4.1 1824700
5.0 1824700
5.5 1824700
6.0 1824668
6.6 1824668
7.1 1824732
7.6 1824732
8.4 1824732
9.0 1824732
9.6 1824732
10.4 1824732
10.9 1824732
12.4 1824700
12.9 1824700
18.0 1824700
18.5 1824700
19.0 1824700
20.5 1824700
21.0 1824764
21.7 1824732
22.3 1824732
22.8 1824732
24.6 1824732
25.1 1824732
25.6 1824732
26.1 1824732
26.6 1824732
27.3 1824732
27.8 1824732
29.5 1824700
30.0 1831248
30.5 1831640
31.0 1832492
31.5 1832568
32.0 1832616
32.5 1832508
33.0 1832556
33.5 1832428
34.0 1832272
34.5 1832068
35.0 1831968
35.5 1832156
36.0 1832124
36.5 1832912
37.0 1832692
37.5 1832960
38.0 1832472
38.5 1832424
39.0 1832488
39.5 1832552
40.0 1832772
40.5 1832680
41.0 1833012
41.5 1832676
42.0 1832564
42.5 1833008
43.0 1832692
43.5 1832676
44.0 1832708
44.5 1832788
45.0 1833364
45.5 1833636
46.0 1833196
46.5 1833020
47.0 1832564
47.5 1832688
48.0 1832688
48.5 1832720
49.0 1832532
49.5 1832264
50.0 1832260
50.5 1832464
51.0 1832796
51.5 1832684
52.0 1826664
52.6 1826728
53.1 1826728
53.6 1826728
54.1 1826728
54.6 1826728
55.1 1826728
55.6 1826728
56.1 1826728
56.6 1826728
58.6 1826696
62.7 1826696
63.2 1826696
66.8 1826696
72.2 1826728
74.0 1826728
74.5 1826696
75.0 1826696
75.5 1832820
76.0 1832804
76.5 1832408
77.0 1832472
77.5 1832504
78.0 1832832
78.5 1832708
79.0 1832788
79.5 1832852
80.0 1832660
80.5 1832628
81.0 1832896
81.5 1832916
82.0 1832308
82.5 1832472
83.0 1832708
83.5 1832932
84.0 1832852
84.5 1832756
85.0 1833388
85.5 1832660
86.0 1833372
86.5 1832976
87.0 1833040
87.5 1832724
88.0 1832628
88.5 1832660
89.0 1832504
89.5 1832520
90.0 1832456
90.5 1832456
91.0 1832676
91.5 1832708
92.0 1832708
92.5 1832756
93.0 1832140
93.5 1832536
94.0 1832644
94.5 1832896
95.0 1832788
95.5 1832884
96.0 1832804
96.5 1832756
97.0 1832488
97.5 1830360
98.0 1826712
98.5 1826712
102.1 1826712
104.1 1826712
106.0 1826712
109.6 1826712
113.2 1826744
116.8 1826712
119.5 1826712
120.0 1832724
120.5 1832912
121.0 1832816
121.5 1832660
122.0 1832848
122.5 1832360
123.0 1832740
123.5 1832580
124.0 1832708
124.5 1832612
125.0 1832892
125.5 1832720
126.0 1832720
126.5 1832720
127.0 1832864
127.5 1832404
128.0 1832688
128.5 1832656
129.0 1832880
129.5 1832656
130.0 1833192
130.5 1832952
131.0 1833268
131.5 1832764
132.0 1832844
132.5 1832716
133.0 1832812
133.5 1832844
134.0 1832812
134.5 1832572
135.0 1832940
135.5 1832752
136.0 1832688
136.5 1832800
137.0 1832832
137.5 1832688
138.0 1833036
138.5 1832988
139.0 1833068
139.5 1833256
140.0 1832952
140.5 1832716
141.0 1832780
141.5 1832872
142.0 1827452
142.5 1826640
143.0 1826640
143.5 1826704
144.0 1826704
144.8 1826704
145.4 1826704
146.0 1826700
146.5 1826700
148.2 1826668
148.8 1826668
149.4 1826668
150.1 1826668
150.6 1826668
151.1 1826668
151.6 1826668
152.7 1826668
153.2 1826668
153.9 1826700
155.0 1826700
155.6 1826700
156.2 1826700
157.2 1826700
157.7 1826700
158.5 1826700
159.0 1826700
159.5 1826700
160.1 1826700
160.6 1826668
161.2 1826668
161.8 1826668
162.3 1826668
162.8 1826700
163.3 1826700
163.8 1826700
164.5 1826700
165.0 1832744
165.5 1831728
166.0 1832104
166.5 1832956
167.0 1832832
167.5 1833116
168.0 1832688
168.5 1832452
169.0 1832560
169.5 1832860
170.0 1832684
170.5 1832620
171.0 1832700
171.5 1833324
172.0 1832780
172.5 1832732
173.0 1832652
173.5 1832796
174.0 1832700
174.5 1832588
175.0 1832616
175.5 1832600
176.0 1832396
176.5 1832364
177.0 1832332
177.5 1832444
178.0 1832316
178.5 1832428
179.0 1832332
179.5 1832532
180.0 1832640
180.5 1832672
181.0 1832704
181.5 1832292
182.0 1833220
182.5 1832924
183.0 1833084
183.5 1832292
184.0 1832704
184.5 1832784
185.0 1832644
185.5 1832408
186.0 1832344
186.5 1833024
187.0 1829720
187.5 1826848
188.0 1826848
188.5 1826848
192.1 1826812
193.9 1826812
194.4 1826812
195.7 1826812
196.2 1826812
196.7 1826812
198.6 1826812
199.1 1826780
200.9 1826780
201.4 1826780
201.9 1826844
202.4 1826844
202.9 1826844
204.1 1826844
204.6 1826844
205.1 1826844
207.6 1826812
208.1 1826812
208.6 1826812
209.5 1826812
210.0 1832720
210.5 1833396
211.0 1832760
211.5 1832712
212.0 1832556
212.5 1832288
213.0 1832144
213.5 1831844
214.0 1832540
214.5 1832428
215.0 1832736
215.5 1833116
216.0 1832988
216.5 1832656
217.0 1832248
217.5 1832468
218.0 1832612
218.5 1832328
219.0 1832232
219.5 1832012
220.0 1832240
220.5 1832316
221.0 1832632
221.5 1832760
222.0 1832744
222.5 1832760
223.0 1832396
223.5 1832412
224.0 1832744
224.5 1832932
225.0 1832496
225.5 1832180
226.0 1831880
226.5 1832480
227.0 1833108
227.5 1832748
228.0 1832620
228.5 1832400
229.0 1833092
229.5 1832100
230.0 1832608
230.5 1832656
231.0 1832560
231.5 1832908
232.0 1831744
232.5 1826700
233.0 1826700
234.9 1826700
240.1 1826696
240.6 1826696
241.1 1826696
242.8 1826696
243.3 1826696
243.8 1826696
246.0 1826696
247.8 1826696
249.6 1826696
251.5 1826696
252.6 1826664
253.1 1826664
253.7 1826664
254.4 1826664
254.9 1826728
255.4 1832328
255.9 1831996
256.4 1832328
256.9 1832140
257.4 1832512
257.9 1832912
258.4 1832740
258.9 1832360
259.4 1832708
259.9 1832628
260.4 1832640
260.9 1832688
261.4 1832624
261.9 1832688
262.4 1832844
262.9 1832656
263.4 1832876
263.9 1832608
264.4 1832860
264.9 1832640
265.4 1832684
265.9 1832684
266.4 1832668
266.9 1832700
267.4 1832716
267.9 1832192
268.4 1832448
268.9 1832220
269.4 1832684
269.9 1832968
270.4 1832632
270.9 1832584
271.4 1832964
271.9 1832600
272.4 1832648
272.9 1832776
273.4 1832868
273.9 1832696
274.4 1832584
274.9 1832836
275.4 1832828
275.9 1832988
276.4 1832908
276.9 1832736
277.4 1832732
277.9 1826984
278.4 1826984
278.9 1826984
279.4 1826984
279.9 1827048
280.4 1827048
280.9 1827044
281.4 1827044
281.9 1827044
282.4 1827044
282.9 1827012
283.4 1827012
283.9 1827012
284.4 1827012
284.9 1827012
285.4 1827012
285.9 1827012
286.4 1827012
286.9 1827044
287.4 1827044
287.9 1827044
288.4 1827044
288.9 1827044
289.4 1827044
289.9 1827044
290.4 1827044
291.0 1827044
291.5 1827044
292.0 1827012
292.5 1827012
293.0 1827012
293.5 1827012
294.0 1827012
294.5 1827012
295.0 1827044
295.5 1827044
296.0 1827044
296.5 1827044
297.0 1827012
297.5 1827012
298.0 1827012
298.5 1827012
299.0 1827012
299.5 1827012
300.0 1832468
300.5 1832284
301.0 1833132
301.5 1832468
302.0 1832944
302.5 1832644
303.0 1833024
303.5 1832708
304.0 1832484
304.5 1832532
305.0 1832812
305.5 1832780
306.0 1832512
306.5 1832416
307.0 1832608
307.5 1831956
308.0 1831988
308.5 1831652
309.0 1832268
309.5 1831936
310.0 1832060
310.5 1832328
311.0 1832944
311.5 1832896
312.0 1832832
312.5 1832580
313.0 1832816
313.5 1832264
314.0 1832328
314.5 1832000
315.0 1832252
315.5 1831584
316.0 1832092
316.5 1832092
317.0 1832564
317.5 1832360
318.0 1832268
318.5 1832756
319.0 1832408
319.5 1832248
320.0 1832464
320.5 1832556
321.0 1832720
321.5 1832496
322.0 1826904
322.5 1826904
323.0 1826904
323.5 1826904
324.0 1826904
324.5 1826904
325.0 1826864
325.5 1826864
326.0 1826864
326.5 1826864
327.0 1826896
327.5 1826896
328.0 1826896
328.5 1826896
329.0 1826896
329.5 1826896
330.0 1826864
330.5 1826864
331.0 1826864
331.5 1826864
332.0 1826864
332.5 1826864
333.0 1826864
333.5 1826864
334.0 1826832
334.5 1826896
335.0 1826896
335.5 1826896
336.0 1826896
336.5 1826896
337.0 1826896
337.5 1826896
338.0 1826896
338.5 1826896
339.0 1826896
339.5 1826864
340.0 1826864
340.5 1826864
341.1 1826864
341.6 1826896
342.1 1826896
342.6 1826896
343.1 1826896
343.6 1826896
344.1 1826864
344.6 1826864
345.1 1826864
345.6 1832568
346.1 1832600
346.6 1832504
347.1 1832444
347.6 1832364
348.1 1832428
348.6 1832412
349.1 1832932
349.6 1832884
350.1 1832852
350.6 1832320
351.1 1832684
351.6 1832668
352.1 1832684
352.6 1832068
353.1 1832744
353.6 1832400
354.1 1832400
354.6 1832684
355.1 1832320
355.6 1832600
356.1 1832648
356.6 1832316
357.1 1832648
357.6 1832552
358.1 1832552
358.6 1832868
359.1 1832664
359.6 1832836
360.1 1832932
360.6 1832408
361.1 1832424
361.6 1832280
362.1 1832440
362.6 1832216
363.1 1832896
363.6 1832216
364.1 1832392
364.6 1832708
365.1 1832628
365.6 1832620
366.1 1832888
366.6 1832492
367.1 1832556
367.6 1831180
368.1 1826748
368.6 1826748
369.1 1826748
369.6 1826780
370.1 1826780
370.6 1826780
371.1 1826744
371.6 1826744
372.1 1826744
372.6 1826744
373.1 1826744
373.6 1826744
374.1 1826744
374.6 1826744
375.1 1826744
375.6 1826712
376.1 1826712
376.6 1826776
377.2 1826776
377.7 1826776
378.2 1826776
378.7 1826776
379.2 1826776
379.7 1826776
380.2 1826776
380.7 1826776
381.2 1826744
381.7 1826744
382.2 1826744
382.7 1826744
383.2 1826744
383.7 1826744
384.2 1826776
384.7 1826776
385.2 1826744
385.7 1826744
386.2 1826744
386.7 1826744
387.2 1826744
387.7 1826744
388.2 1826744
388.7 1826744
389.2 1826744
389.7 1826712
390.2 1832684
390.7 1832244
391.2 1832072
391.7 1832404
392.2 1832608
392.7 1832356
393.2 1832560
393.7 1832684
394.2 1832732
394.7 1832528
395.2 1832668
395.7 1832840
396.2 1832904
396.7 1832524
397.2 1832684
397.7 1833684
398.2 1833020
398.7 1832564
399.2 1832924
399.7 1832628
400.2 1832532
400.7 1832628
401.2 1832580
401.7 1832108
402.2 1832768
402.7 1832896
403.2 1832772
403.7 1831964
404.2 1832044
404.7 1832468
405.2 1832640
405.7 1832528
406.2 1832416
406.7 1831880
407.2 1832228
407.7 1831852
408.2 1831660
408.7 1831708
409.2 1831992
409.7 1832356
410.2 1832704
410.7 1832892
411.2 1832700
411.7 1832112
412.2 1826436
412.7 1826436
413.2 1826436
413.7 1826404
414.2 1826404
414.7 1826404
415.2 1826404
415.7 1826404
416.2 1826404
416.7 1826404
417.2 1826436
417.7 1826436
418.2 1826404
418.7 1826404
419.2 1826404
419.7 1826404
420.2 1826404
420.7 1826404
421.2 1826404
421.7 1826404
422.2 1826404
422.7 1826404
423.2 1826404
423.7 1826372
424.2 1826436
424.7 1826436
425.2 1826436
425.7 1826436
426.2 1826436
426.9 1826436
427.4 1826404
427.9 1826404
428.4 1826404
428.9 1826404
429.4 1826404
429.9 1826404
430.4 1826404
430.9 1826404
431.4 1826404
431.9 1826468
432.4 1826436
432.9 1826436
433.4 1826436
433.9 1826436
434.4 1826436
434.9 1833008
435.4 1832944
435.9 1832536
436.4 1832876
436.9 1832620
437.4 1832876
437.9 1832780
438.4 1832496
438.9 1832356
439.4 1832276
439.9 1833232
440.4 1832620
440.9 1832304
441.4 1832416
441.9 1832352
442.4 1832304
442.9 1832352
443.4 1832000
443.9 1832872
444.4 1832444
444.9 1832996
445.4 1832756
445.9 1832708
446.4 1832900
446.9 1832756
447.4 1832552
447.9 1832632
448.4 1832680
448.9 1832772
449.4 1832616
449.9 1832916
450.4 1833340
450.9 1833200
451.4 1832568
451.9 1832632
452.4 1832552
452.9 1832552
453.4 1832632
453.9 1832520
454.4 1832552
454.9 1832616
455.4 1832708
455.9 1832708
456.4 1832552
456.9 1826420
457.4 1826420
458.0 1826420
458.5 1826420
459.0 1826420
459.5 1826420
460.0 1826452
460.5 1826416
461.0 1826416
461.5 1826416
462.0 1826416
462.5 1826416
463.0 1826416
463.5 1826416
464.1 1826416
464.6 1826416
465.1 1826416
465.6 1826384
466.2 1826384
466.7 1826448
467.2 1826448
467.8 1826448
468.3 1826448
468.8 1826448
469.3 1826448
469.8 1826416
470.3 1826416
470.8 1826416
471.3 1826416
471.8 1826416
472.3 1826416
472.8 1826416
473.3 1826416
473.8 1826416
474.3 1826480
474.8 1826448
475.3 1826448
475.8 1826448
476.3 1826448
476.8 1826448
477.3 1826448
477.8 1826448
478.3 1826448
478.9 1826448
479.4 1826416
479.9 1832864
480.4 1832864
480.9 1832688
481.4 1832736
481.9 1832672
482.4 1832468
482.9 1832484
483.4 1832816
483.9 1832848
484.4 1832720
484.9 1832636
485.4 1832732
485.9 1832828
486.4 1832388
486.9 1832196
487.4 1832560
487.9 1832732
488.4 1832576
488.9 1832576
489.4 1832708
489.9 1833164
490.4 1832816
490.9 1833020
491.4 1832484
491.9 1832312
492.4 1832908
492.9 1832456
493.4 1833228
493.9 1832516
494.4 1832800
494.9 1832828
495.4 1832844
495.9 1832848
496.4 1833396
496.9 1832828
497.4 1832448
497.9 1832624
498.4 1832260
498.9 1832924
499.4 1832576
499.9 1832444
500.4 1832632
500.9 1832616
501.4 1832852
501.9 1826704
502.4 1826736
503.0 1826736
503.5 1826736
504.0 1826736
504.6 1826736
505.1 1826736
505.6 1826732
506.1 1826732
506.6 1826732
507.1 1826700
507.6 1826700
508.1 1826700
508.6 1826700
509.1 1826700
509.6 1826700
510.1 1826732
510.6 1826732
511.1 1826732
511.6 1826700
512.1 1826700
512.6 1826700
513.1 1826700
513.7 1826700
514.2 1826700
514.7 1826700
515.2 1826700
515.7 1826700
516.2 1826700
516.7 1826668
517.2 1826732
517.7 1826732
518.2 1826732
518.7 1826732
519.3 1826732
519.8 1826732
520.3 1826732
520.8 1826732
521.3 1826732
521.8 1826700
522.3 1826700
522.8 1826700
523.3 1826700
523.8 1826700
524.3 1826700
524.8 1826732
525.3 1832580
525.8 1832216
526.3 1832280
526.8 1832044
527.3 1832060
527.8 1832280
528.3 1832028
528.8 1831856
529.3 1831776
529.8 1832344
530.3 1832824
530.8 1832648
531.3 1832744
531.8 1832588
532.3 1832920
532.8 1832596
533.3 1832436
533.8 1832744
534.3 1832728
534.8 1832460
535.3 1832564
535.8 1832708
536.3 1832500
536.8 1832024
537.3 1832532
537.8 1832544
538.3 1833052
538.8 1833068
539.3 1832832
539.8 1832660
540.3 1832608
540.8 1833156
541.3 1833412
541.8 1832796
542.3 1832732
542.8 1832608
543.3 1832748
543.8 1832844
544.3 1832780
544.8 1832764
545.3 1832852
545.8 1832820
546.3 1832552
546.8 1832616
547.3 1826620
547.8 1826620
548.3 1826620
548.8 1826620
549.3 1826620
549.8 1826620
550.3 1826588
550.8 1826584
551.3 1826584
551.8 1826584
552.3 1826616
552.8 1826616
553.3 1826616
553.8 1826616
554.3 1826584
554.8 1826584
555.3 1826584
555.8 1826584
556.3 1826584
556.8 1826584
557.3 1826584
557.8 1826584
558.3 1826584
558.8 1826584
559.3 1826584
559.8 1826616
560.3 1826616
560.8 1826616
561.3 1826616
561.8 1826616
562.3 1826616
562.8 1826616
563.3 1826616
563.9 1826584
564.4 1826584
564.9 1826584
565.4 1826584
565.9 1826584
566.4 1826584
566.9 1826584
567.5 1826584
568.0 1826616
568.5 1826584
569.0 1826584
569.5 1826584
570.0 1832492
570.5 1832492
571.0 1832588
571.5 1832540
572.0 1832460
572.5 1832412
573.0 1832572
573.5 1832668
574.0 1832524
574.5 1832540
575.0 1832760
575.5 1832696
576.0 1832540
576.5 1832428
577.0 1832444
577.5 1832428
578.0 1833016
578.5 1833140
579.0 1832476
579.5 1832744
580.0 1832732
580.5 1833128
581.0 1832732
581.5 1832732
582.0 1832700
582.5 1832828
583.0 1832812
583.5 1832764
584.0 1832732
584.5 1832812
585.0 1832632
585.5 1832792
586.0 1831956
586.5 1832332
587.0 1832792
587.5 1832792
588.0 1832888
588.5 1832556
589.0 1832712
589.5 1832808
590.0 1832840
590.5 1832556
591.0 1832792
591.5 1832792
592.0 1826852
592.6 1826852
593.1 1826852
593.6 1826852
594.1 1826820
594.6 1826884
595.1 1826884
595.6 1826884
596.1 1826880
596.6 1826880
597.1 1826880
597.6 1826880
598.1 1826880
598.6 1826880
599.1 1826848
599.6 1826848
600.2 1826848
600.7 1826848
601.2 1826848
601.7 1826848
602.2 1826880
602.7 1826880
603.2 1826880
603.7 1826880
604.2 1826848
604.7 1826848
605.2 1826848
605.7 1826848
606.2 1826848
606.7 1826848
607.2 1826848
607.7 1826848
608.2 1826816
608.7 1826816
609.2 1826880
609.7 1826880
610.2 1826880
610.7 1826880
611.2 1826880
611.7 1826880
612.2 1826880
612.7 1826880
613.2 1826848
613.7 1826848
614.2 1826848
614.7 1826848
615.2 1832616
615.7 1832944
616.2 1833056
616.7 1832616
617.2 1832236
617.7 1832600
618.2 1832868
618.7 1832932
619.2 1832804
619.7 1832708
620.2 1832296
620.7 1832216
621.2 1831900
621.7 1831932
622.2 1832720
622.7 1832040
623.2 1832548
623.7 1832500
624.2 1832388
624.7 1832500
625.2 1832980
625.7 1832396
626.2 1832808
626.7 1832888
627.2 1832256
627.7 1832624
628.2 1832124
628.7 1832232
629.2 1832476
629.7 1832564
630.2 1833076
630.7 1832744
631.2 1832680
631.7 1832492
632.2 1832680
632.7 1832412
633.2 1832476
633.7 1832224
634.2 1832396
634.7 1832824
635.2 1833056
635.7 1832736
636.2 1832836
636.7 1832852
637.2 1826816
637.7 1826816
638.2 1826816
638.7 1826816
639.2 1826816
639.7 1826816
640.2 1826812
640.7 1826812
641.2 1826876
641.7 1826844
642.2 1826844
642.7 1826844
643.2 1826844
643.7 1826844
644.2 1826844
644.7 1826844
645.2 1826844
645.7 1826844
646.2 1826812
646.7 1826812
647.2 1826812
647.7 1826812
648.2 1826844
648.7 1826844
649.2 1826844
649.7 1826844
650.3 1826844
650.8 1826844
651.3 1826812
651.8 1826812
652.3 1826812
652.8 1826812
653.3 1826812
653.8 1826812
654.3 1826812
654.9 1826812
655.4 1826812
655.9 1826812
656.4 1826844
657.0 1826844
657.5 1826844
658.0 1826844
658.5 1826844
659.0 1826844
659.5 1826844
660.0 1833252
660.5 1832768
661.0 1832892
661.5 1832720
662.0 1832832
662.5 1832656
663.0 1832592
663.5 1832736
664.0 1832516
664.5 1832672
665.0 1832636
665.5 1832432
666.0 1832448
666.5 1832796
667.0 1832748
667.5 1832780
668.0 1832796
668.5 1832480
669.0 1832384
669.5 1832572
670.0 1832796
670.5 1832384
671.0 1832636
671.5 1832668
672.0 1833348
672.5 1833252
673.0 1832736
673.5 1832780
674.0 1832352
674.5 1832700
675.0 1832832
675.5 1833060
676.0 1832760
676.5 1832556
677.0 1832744
677.5 1833076
678.0 1831848
678.5 1832084
679.0 1832224
679.5 1832304
680.0 1832200
680.5 1831964
681.0 1832136
681.5 1832148
682.0 1831680
682.5 1826016
683.0 1826016
683.5 1826016
684.0 1826016
684.5 1825984
685.0 1825984
685.5 1825976
686.1 1825976
686.6 1826008
687.1 1826008
687.7 1826008
688.2 1826008
688.7 1826008
689.2 1825976
689.7 1825976
690.2 1825976
690.7 1825976
691.2 1825976
691.7 1825976
692.2 1825976
692.7 1825976
693.2 1825976
693.8 1825976
694.3 1825976
694.8 1825976
695.3 1826008
695.8 1826008
696.3 1826008
696.8 1826008
697.3 1826008
697.8 1826008
698.3 1825976
698.8 1825976
699.3 1825976
699.8 1825976
700.3 1825976
700.8 1825976
701.3 1826008
701.8 1826008
702.3 1826008
702.9 1826008
703.4 1825976
703.9 1825976
704.5 1825976
705.0 1831860
705.5 1832452
706.0 1833100
706.5 1832816
707.0 1832800
707.5 1832752
708.0 1832720
708.5 1832796
709.0 1832784
709.5 1832516
710.0 1832844
710.5 1832496
711.0 1832308
711.5 1833000
712.0 1832984
712.5 1832604
713.0 1832732
713.5 1832732
714.0 1832576
714.5 1832388
715.0 1832664
715.5 1832712
716.0 1832492
716.5 1832256
717.0 1832336
717.5 1832476
718.0 1832808
718.5 1832616
719.0 1832776
719.5 1833216
720.0 1832852
720.5 1833008
721.0 1832660
721.5 1833276
722.0 1832756
722.5 1832916
723.0 1833072
723.5 1832820
724.0 1832600
724.5 1832616
725.0 1832688
725.5 1832672
726.0 1832880
726.5 1832656
727.0 1826668
727.5 1826668
728.0 1826668
728.5 1826668
729.0 1826668
729.5 1826668
730.0 1826668
730.5 1826660
731.0 1826660
731.5 1826628
732.0 1826628
732.5 1826628
733.0 1826628
733.5 1826660
734.0 1826660
734.5 1826660
735.0 1826660
735.6 1826660
736.1 1826660
736.6 1826628
737.1 1826628
737.6 1826628
738.1 1826628
738.6 1826628
739.1 1826628
739.6 1826628
740.1 1826628
740.6 1826628
741.1 1826628
741.6 1826660
742.1 1826660
742.6 1826660
743.1 1826660
743.6 1826660
744.1 1826660
744.6 1826660
745.1 1826660
745.6 1826628
746.1 1826628
746.6 1826628
747.1 1826628
747.6 1826628
748.1 1826628
748.6 1826660
749.1 1826660
749.6 1831152
750.1 1833208
750.6 1832784
751.1 1832592
751.6 1832528
752.1 1832640
752.6 1832688
753.1 1832484
753.6 1832656
754.1 1833100
754.6 1833032
755.1 1832624
755.6 1832564
756.1 1832692
756.6 1832692
757.1 1832960
757.6 1832928
758.1 1832676
758.6 1833212
759.1 1832628
759.6 1832872
760.1 1832276
760.6 1832784
761.1 1832676
761.6 1832640
762.1 1832624
762.6 1832404
763.1 1832640
763.6 1832704
764.1 1832784
764.6 1832700
765.1 1832952
765.6 1832716
766.1 1832748
766.6 1832668
767.1 1832764
767.6 1832904
768.1 1832068
768.6 1831788
769.1 1831864
769.6 1831572
770.1 1831872
770.6 1831904
771.1 1832188
771.6 1832000
772.1 1826276
772.6 1826276
773.1 1826276
773.7 1826244
774.2 1826244
774.7 1826244
775.2 1826244
775.7 1826240
776.2 1826240
776.7 1826272
777.2 1826272
777.7 1826240
778.2 1826240
778.7 1826240
779.2 1826240
779.7 1826240
780.2 1826240
780.8 1826240
781.3 1826240
781.8 1826240
782.3 1826208
782.8 1826208
783.3 1826208
783.8 1826272
784.3 1826272
784.8 1826272
785.3 1826272
785.8 1826272
786.3 1826272
786.8 1826272
787.3 1826272
787.8 1826240
788.3 1826240
788.8 1826240
789.3 1826240
789.8 1826240
790.3 1826240
790.8 1826240
791.3 1826240
791.8 1826272
792.3 1826272
792.8 1826272
793.3 1826272
793.8 1826272
794.3 1826272
794.8 1826272
795.3 1831516
795.8 1832576
796.3 1832200
796.8 1832308
797.3 1832452
797.8 1832752
798.3 1832800
798.8 1832784
799.3 1832624
799.8 1832720
800.3 1832932
800.8 1832716
801.3 1833080
801.8 1832696
802.3 1832748
802.8 1832604
803.3 1833116
803.8 1832804
804.3 1832456
804.8 1832172
805.3 1832496
805.8 1832952
806.3 1832652
806.8 1832588
807.3 1832448
807.8 1832652
808.3 1832104
808.8 1832040
809.3 1831976
809.8 1831944
810.3 1832172
810.8 1832016
811.3 1831920
811.8 1832108
812.3 1832044
812.8 1832548
813.3 1832724
813.8 1832788
814.3 1832424
814.8 1832280
815.3 1832732
815.8 1832468
816.3 1832752
816.8 1832592
817.3 1832688
817.8 1826716
818.3 1826716
818.8 1826716
819.4 1826716
819.9 1826684
820.4 1826684
820.9 1826680
821.4 1826680
821.9 1826680
822.4 1826680
822.9 1826680
823.4 1826680
823.9 1826680
824.4 1826680
824.9 1826712
825.4 1826712
826.0 1826712
826.5 1826712
827.0 1826712
827.5 1826712
828.0 1826712
828.5 1826712
829.0 1826712
829.5 1826712
830.0 1826680
830.6 1826680
831.1 1826680
831.6 1826680
832.1 1826680
832.6 1826712
833.1 1826712
833.6 1826712
834.1 1826712
834.6 1826680
835.1 1826680
835.7 1826680
836.2 1826680
836.7 1826680
837.2 1826680
837.7 1826680
838.2 1826680
838.7 1826648
839.2 1826712
839.7 1826712
840.2 1832092
840.7 1832660
841.2 1832896
841.7 1832660
842.2 1832880
842.7 1832404
843.2 1831776
843.7 1832076
844.2 1832012
844.7 1832140
845.2 1831836
845.7 1831708
846.2 1831980
846.7 1832816
847.2 1832844
847.7 1832924
848.2 1832796
848.7 1832924
849.2 1832640
849.7 1832640
850.2 1832552
850.7 1832696
851.2 1832684
851.7 1832784
852.2 1832876
852.7 1832924
853.2 1832480
853.7 1832844
854.2 1832892
854.7 1833020
855.2 1832684
855.7 1832304
856.2 1832300
856.7 1833064
857.2 1832984
857.7 1832968
858.2 1832604
858.7 1832336
859.2 1832620
859.7 1833064
860.2 1833032
860.7 1832892
861.2 1832088
861.7 1832324
862.2 1826264
862.7 1826264
863.4 1826264
863.9 1826328
864.4 1826328
864.9 1826328
865.4 1826328
865.9 1826324
866.4 1826324
866.9 1826324
867.4 1826324
867.9 1826292
868.5 1826292
869.0 1826292
869.5 1826292
870.0 1826292
870.5 1826292
871.0 1826292
871.5 1826292
872.0 1826324
872.5 1826324
873.1 1826324
873.6 1826324
874.1 1826324
874.6 1826324
875.1 1826324
875.6 1826324
876.1 1826324
876.7 1826324
877.2 1826292
877.7 1826292
878.2 1826292
878.7 1826292
879.2 1826324
879.7 1826324
880.2 1826324
880.7 1826324
881.2 1826324
881.7 1826292
882.2 1826292
882.7 1826292
883.2 1826292
883.7 1826292
884.2 1826292
884.7 1833388
885.2 1832748
885.7 1832684
886.2 1833124
886.7 1832700
887.2 1832796
887.7 1832968
888.2 1833016
888.7 1832196
889.2 1832792
889.7 1832532
890.2 1832520
890.7 1832708
891.2 1832928
891.7 1832740
892.2 1832848
892.7 1832896
893.2 1832596
893.7 1832660
894.2 1832928
894.7 1832816
895.2 1832884
895.7 1833232
896.2 1832680
896.7 1832648
897.2 1832504
897.7 1832632
898.2 1832220
898.7 1832396
899.2 1832616
899.7 1832580
900.2 1832424
900.7 1832548
901.2 1832548
901.7 1832988
902.2 1832944
902.7 1832912
903.2 1832912
903.7 1832832
904.2 1832832
904.7 1832672
905.2 1832624
905.7 1832436
906.2 1832436
906.7 1832624
907.3 1826824
907.8 1826824
908.3 1826824
908.8 1826824
909.5 1826824
910.1 1826792
910.6 1826792
911.1 1826788
911.6 1826788
912.1 1826852
912.6 1826852
913.1 1826852
913.6 1826852
914.1 1826852
914.6 1826852
915.4 1826820
915.9 1826820
916.4 1826820
916.9 1826820
917.5 1826820
918.0 1826820
918.5 1826820
919.0 1826820
919.5 1826820
920.0 1826852
920.5 1826852
921.0 1826852
921.5 1826852
922.0 1826852
922.5 1826852
923.0 1826852
923.5 1826852
924.0 1826852
924.7 1826852
925.2 1826820
925.7 1826820
926.2 1826820
926.7 1826820
927.2 1826852
927.7 1826852
928.2 1826852
928.7 1826852
929.2 1826820
929.7 1826820
930.2 1832044
930.7 1832408
931.2 1832736
931.7 1832912
932.2 1832612
932.7 1832140
933.2 1832040
933.7 1832468
934.2 1832644
934.7 1832880
935.2 1832872
935.7 1832712
936.2 1832524
936.7 1832540
937.2 1832684
937.7 1832920
938.2 1832604
938.7 1832604
939.2 1832620
939.7 1832492
940.2 1832820
940.7 1833152
941.2 1832568
941.7 1832600
942.2 1832916
942.7 1832568
943.2 1832772
943.7 1833072
944.2 1832584
944.7 1832488
945.2 1832272
945.7 1832524
946.2 1832588
946.7 1832776
947.2 1833204
947.7 1832984
948.2 1832856
948.7 1833092
949.2 1832776
949.7 1832824
950.2 1832796
950.7 1832608
951.2 1832732
951.7 1832812
952.2 1829744
952.7 1826412
953.2 1826412
953.7 1826412
954.2 1826412
954.7 1826412
955.2 1826440
955.7 1826440
956.3 1826440
956.8 1826440
957.3 1826408
957.8 1826408
958.3 1826408
958.8 1826408
959.3 1826408
959.8 1826408
960.3 1826408
960.8 1826408
961.3 1826376
961.8 1826376
962.3 1826440
962.8 1826440
963.3 1826440
963.8 1826440
964.3 1826440
964.8 1826440
965.3 1826440
965.8 1826440
966.4 1826408
966.9 1826408
967.5 1826408
968.0 1826408
968.5 1826408
969.0 1826408
969.5 1826440
970.0 1826440
970.5 1826440
971.0 1826440
971.5 1826408
972.0 1826408
972.5 1826408
973.0 1826408
973.5 1826408
974.0 1826408
974.5 1826408
975.0 1832516
975.5 1832484
976.0 1832172
976.5 1832928
977.0 1832500
977.5 1832436
978.0 1832596
978.5 1832580
979.0 1833040
979.5 1832752
980.0 1832348
980.5 1832380
981.0 1832444
981.5 1832364
982.0 1832648
982.5 1832984
983.0 1833040
983.5 1833128
984.0 1832860
984.5 1832592
985.0 1832824
985.5 1832572
986.0 1833092
986.5 1832728
987.0 1832856
987.5 1833256
988.0 1832952
988.5 1832660
989.0 1832060
989.5 1832756
990.0 1832972
990.5 1833064
991.0 1832876
991.5 1832764
992.0 1832952
992.5 1832608
993.0 1832988
993.5 1832956
994.0 1833020
994.5 1832672
995.0 1832840
995.5 1832728
996.0 1832728
996.5 1832604
997.0 1826424
997.5 1826424
998.0 1826424
998.5 1826424
999.0 1826392
999.5 1826392
1000.0 1826392
1000.5 1826452
1001.0 1826452
1001.5 1826452
1002.0 1826452
1002.5 1826452
1003.0 1826452
1003.5 1826452
1004.0 1826420
1004.5 1826420
1005.0 1826420
1005.6 1826420
1006.1 1826420
1006.7 1826420
1007.2 1826420
1007.7 1826420
1008.2 1826484
1008.7 1826452
1009.2 1826452
1009.7 1826452
1010.2 1826452
1010.7 1826452
1011.2 1826452
1011.7 1826452
1012.2 1826452
1012.7 1826452
1013.2 1826420
1013.7 1826420
1014.2 1826420
1014.7 1826420
1015.2 1826452
1015.7 1826452
1016.2 1826452
1016.7 1826452
1017.2 1826452
1017.7 1826452
1018.2 1826420
1018.7 1826420
1019.2 1826420
1019.7 1826420
1020.2 1832204
1020.7 1832332
1021.2 1832712
1021.7 1832708
1022.2 1832392
1022.7 1832488
1023.2 1833116
1023.7 1832692
1024.2 1832440
1024.7 1832748
1025.2 1833204
1025.7 1832776
1026.2 1832808
1026.7 1832936
1027.2 1832760
1027.7 1832808
1028.2 1833704
1028.7 1833024
1029.2 1832936
1029.7 1832840
1030.2 1832876
1030.7 1832908
1031.2 1832812
1031.7 1832764
1032.2 1832876
1032.7 1832496
1033.2 1832388
1033.7 1832276
1034.2 1832720
1034.7 1832672
1035.2 1832856
1035.7 1832636
1036.2 1832744
1036.7 1832636
1037.2 1832792
1037.7 1832840
1038.2 1832808
1038.7 1832588
1039.2 1832872
1039.7 1832760
1040.2 1832916
1040.7 1832676
1041.2 1832868
1041.7 1832568
1042.2 1826396
1042.7 1826396
1043.2 1826460
1043.7 1826460
1044.2 1826460
1044.7 1826460
1045.2 1826452
1045.7 1826452
1046.2 1826452
1046.7 1826420
1047.2 1826420
1047.7 1826420
1048.2 1826420
1048.7 1826420
1049.2 1826420
1049.7 1826420
1050.2 1826452
1050.7 1826452
1051.2 1826420
1051.7 1826420
1052.2 1826420
1052.7 1826420
1053.2 1826420
1053.7 1826420
1054.2 1826420
1054.7 1826420
1055.2 1826420
1055.7 1826420
1056.2 1826388
1056.7 1826388
1057.2 1826452
1057.7 1826452
1058.2 1826452
1058.7 1826452
1059.2 1826452
1059.7 1826452
1060.2 1826452
1060.7 1826420
1061.2 1826420
1061.8 1826420
1062.3 1826420
1062.8 1826420
1063.4 1826420
1064.0 1826420
1064.5 1826420
1065.0 1832348
1065.5 1832316
1066.0 1832536
1066.5 1832600
1067.0 1832584
1067.5 1832408
1068.0 1831984
1068.5 1832112
1069.0 1832000
1069.5 1833028
1070.0 1832800
1070.5 1832452
1071.0 1832484
1071.5 1832548
1072.0 1832500
1072.5 1832392
1073.0 1832564
1073.5 1832500
1074.0 1832484
1074.5 1832564
1075.0 1832432
1075.5 1832464
1076.0 1832544
1076.5 1832308
1077.0 1832356
1077.5 1832308
1078.0 1832432
1078.5 1832340
1079.0 1832308
1079.5 1832244
1080.0 1832192
1080.5 1832320
1081.0 1833156
1081.5 1832728
1082.0 1832744
1082.5 1832696
1083.0 1832712
1083.5 1832412
1084.0 1833148
1084.5 1833828
1085.0 1832924
1085.5 1833220
1086.0 1833496
1086.5 1834268
1087.0 1826712
1087.6 1826712
1088.1 1826712
1088.6 1826712
1089.1 1826712
1089.6 1826680
1090.1 1826680
1090.6 1826676
1091.2 1826676
1091.7 1826708
1092.2 1826708
1092.7 1826708
1093.2 1826708
1093.8 1826708
1094.3 1826708
1094.8 1826676
1095.3 1826676
1095.8 1826676
1096.3 1826676
1096.8 1826676
1097.3 1826676
1097.8 1826676
1098.3 1826676
1098.8 1826644
1099.3 1826708
1099.8 1826708
1100.3 1826708
1100.8 1826708
1101.3 1826708
1101.8 1826708
1102.3 1826708
1102.8 1826708
1103.3 1826708
1103.8 1826676
1104.3 1826676
1104.8 1826676
1105.3 1826676
1105.8 1826676
1106.3 1826676
1106.8 1826708
1107.3 1826708
1107.8 1826708
1108.3 1826708
1108.8 1826676
1109.3 1826676
1109.8 1826676
1110.3 1832760
1110.8 1832648
1111.3 1832808
1111.8 1832888
1112.3 1832760
1112.8 1832824
1113.3 1832616
1113.8 1833092
1114.3 1832604
1114.8 1832252
1115.3 1832788
1115.8 1832504
1116.3 1832944
1116.8 1832724
1117.3 1832804
1117.8 1832268
1118.3 1832568
1118.8 1832960
1119.3 1832708
1119.8 1832396
1120.3 1832264
1120.8 1832012
1121.3 1831916
1121.8 1832232
1122.3 1832060
1122.8 1832192
1123.3 1832224
1123.8 1832352
1124.3 1832240
1124.8 1832524
1125.3 1832552
1125.8 1832268
1126.3 1832252
1126.8 1832600
1127.3 1832900
1127.8 1832440
1128.3 1832440
1128.8 1832584
1129.3 1832016
1129.8 1832316
1130.3 1832500
1130.8 1832548
1131.3 1832548
1131.8 1832548
1132.3 1827084
1132.8 1826956
1133.3 1826956
1133.8 1826956
1134.3 1826956
1134.9 1826988
1135.4 1826988
1135.9 1826980
1136.4 1826980
1137.1 1826948
1137.6 1826948
1138.1 1826948
1138.6 1826948
1139.1 1826948
1139.6 1826948
1140.1 1826948
1140.6 1826948
1141.1 1826948
1141.6 1826980
1142.1 1826980
1142.7 1826980
1143.2 1826980
1143.7 1826980
1144.2 1826980
1144.7 1826980
1145.2 1826980
1145.8 1826980
1146.3 1826980
1146.8 1826948
1147.3 1826948
1147.8 1826948
1148.3 1826948
1148.8 1826948
1149.3 1826948
1149.8 1826980
1150.3 1826980
1150.8 1826948
1151.3 1826948
1151.8 1826948
1152.3 1826948
1152.8 1826948
1153.3 1826948
1153.9 1826948
1154.4 1826948
1154.9 1833000
1155.4 1832728
1155.9 1832632
1156.4 1832792
1156.9 1832760
1157.4 1832776
1157.9 1832160
1158.4 1832208
1158.9 1832064
1159.4 1831956
1159.9 1831856
1160.4 1831952
1160.9 1831764
1161.4 1831780
1161.9 1832160
1162.4 1832064
1162.9 1832220
1163.4 1832236
1163.9 1832096
1164.4 1831968
1164.9 1832816
1165.4 1832752
1165.9 1832656
1166.4 1832752
1166.9 1832720
1167.4 1832820
1167.9 1832924
1168.4 1832720
1168.9 1832704
1169.4 1832752
1169.9 1832680
1170.4 1832428
1170.9 1832348
1171.4 1832424
1171.9 1832504
1172.4 1832476
1172.9 1832364
1173.4 1832508
1173.9 1832304
1174.4 1832084
1174.9 1832352
1175.4 1831956
1175.9 1832320
1176.4 1833140
1176.9 1832744
1177.5 1826684
1178.0 1826684
1178.5 1826684
1179.0 1826684
1179.5 1826684
1180.0 1826652
1180.5 1826652
1181.0 1826648
1181.5 1826648
1182.0 1826648
1182.5 1826648
1183.0 1826648
1183.5 1826648
1184.0 1826680
1184.5 1826680
1185.0 1826680
1185.5 1826680
1186.0 1826680
1186.5 1826680
1187.0 1826680
1187.6 1826680
1188.1 1826680
1188.6 1826680
1189.1 1826648
1189.6 1826648
1190.1 1826648
1190.6 1826648
1191.1 1826648
1191.6 1826648
1192.1 1826680
1192.6 1826680
1193.1 1826680
1193.6 1826680
1194.1 1826648
1194.6 1826648
1195.1 1826648
1195.7 1826648
1196.2 1826648
1196.7 1826648
1197.2 1826648
1197.7 1826648
1198.2 1826616
1198.7 1826616
1199.2 1826680
1199.7 1826680
1200.2 1832368
1200.7 1832240
1201.2 1832496
1201.7 1832532
1202.2 1832532
1202.7 1832564
1203.2 1832740
1203.7 1832552
1204.2 1832172
1204.7 1832860
1205.2 1833096
1205.7 1833924
1206.2 1833996
1206.7 1832744
1207.2 1832652
1207.7 1832468
1208.2 1832452
1208.7 1832576
1209.2 1832768
1209.7 1832704
1210.2 1832648
1210.7 1832584
1211.2 1832680
1211.7 1832792
1212.2 1832868
1212.7 1832888
1213.2 1832712
1213.7 1832760
1214.2 1832808
1214.7 1832380
1215.2 1832500
1215.7 1832484
1216.2 1832640
1216.7 1832672
1217.2 1832704
1217.7 1832528
1218.2 1832640
1218.7 1832704
1219.2 1832784
1219.7 1832372
1220.2 1832368
1220.7 1832496
1221.2 1832368
1221.7 1832432
1222.2 1826616
1222.7 1826616
1223.2 1826616
1223.7 1826616
1224.2 1826648
1224.7 1826648
1225.2 1826648
1225.7 1826616
1226.2 1826612
1226.7 1826612
1227.2 1826612
1227.7 1826612
1228.2 1826612
1228.7 1826612
1229.2 1826612
1229.7 1826612
1230.3 1826612
1230.8 1826612
1231.3 1826644
1231.8 1826644
1232.3 1826644
1232.8 1826644
1233.3 1826644
1233.8 1826644
1234.3 1826644
1234.8 1826644
1235.3 1826612
1235.8 1826612
1236.3 1826612
1236.8 1826612
1237.3 1826612
1237.8 1826612
1238.4 1826612
1238.9 1826612
1239.4 1826644
1239.9 1826612
1240.4 1826612
1240.9 1826612
1241.4 1826612
1241.9 1826612
1242.4 1826612
1242.9 1826612
1243.4 1826612
1243.9 1826612
1244.5 1826612
1245.0 1832104
1245.5 1832168
1246.0 1832120
1246.5 1832184
1247.0 1832024
1247.5 1832120
1248.0 1832056
1248.5 1832072
1249.0 1832372
1249.5 1832056
1250.0 1832160
1250.5 1832240
1251.0 1832144
1251.5 1832240
1252.0 1832364
1252.5 1832412
1253.0 1832364
1253.5 1832300
1254.0 1832608
1254.5 1832852
1255.0 1832904
1255.5 1832732
1256.0 1832636
1256.5 1832668
1257.0 1832432
1257.5 1832808
1258.0 1832636
1258.5 1832336
1259.0 1832148
1259.5 1832212
1260.0 1832420
1260.5 1832452
1261.0 1832924
1261.5 1831960
1262.0 1832712
1262.5 1832840
1263.0 1833012
1263.5 1832600
1264.0 1832680
1264.5 1832584
1265.0 1832360
1265.5 1833024
1266.0 1832676
1266.5 1833040
1267.0 1826208
1267.5 1826240
1268.0 1826240
1268.5 1826240
1269.0 1826240
1269.5 1826240
1270.0 1826232
1270.5 1826232
1271.0 1826232
1271.5 1826232
1272.0 1826200
1272.5 1826200
1273.0 1826200
1273.5 1826200
1274.0 1826232
1274.6 1826232
1275.2 1826232
1275.7 1826232
1276.2 1826232
1276.7 1826232
1277.3 1826200
1277.8 1826200
1278.3 1826200
1278.8 1826200
1279.3 1826200
1279.8 1826200
1280.3 1826200
1280.9 1826200
1281.4 1826200
1281.9 1826200
1282.4 1826232
1282.9 1826232
1283.4 1826232
1283.9 1826232
1284.5 1826232
1285.0 1826232
1285.5 1826232
1286.0 1826232
1286.5 1826200
1287.0 1826200
1287.5 1826200
1288.0 1826200
1288.5 1826200
1289.0 1826200
1289.5 1826200
1290.0 1832416
1290.5 1832444
1291.0 1832180
1291.5 1832556
1292.0 1832840
1292.5 1832524
1293.0 1832700
1293.5 1832240
1294.0 1832716
1294.5 1832844
1295.0 1832776
1295.5 1832760
1296.0 1832728
1296.5 1833412
1297.0 1832972
1297.5 1832972
1298.0 1833004
1298.5 1832592
1299.0 1832576
1299.5 1832908
1300.0 1832572
1300.5 1832668
1301.0 1832524
1301.5 1832208
1302.0 1832952
1302.5 1833016
1303.0 1832700
1303.5 1832716
1304.0 1832164
1304.5 1832636
1305.0 1832804
1305.5 1832412
1306.0 1832380
1306.5 1832412
1307.0 1832348
1307.5 1832444
1308.0 1832460
1308.5 1832508
1309.0 1832412
1309.5 1832284
1310.0 1832392
1310.5 1832296
1311.0 1832504
1311.5 1832076
1312.0 1827292
1312.5 1826592
1313.0 1826592
1313.5 1826592
1314.0 1826592
1314.5 1826592
1315.0 1826592
1315.6 1826552
1316.1 1826552
1316.6 1826552
1317.1 1826552
1317.6 1826552
1318.1 1826552
1318.6 1826552
1319.1 1826552
1319.6 1826552
1320.2 1826584
1320.7 1826584
1321.2 1826584
1321.7 1826584
1322.2 1826584
1322.7 1826584
1323.2 1826584
1323.7 1826584
1324.2 1826584
1324.7 1826552
1325.2 1826552
1325.7 1826552
1326.2 1826552
1326.7 1826552
1327.2 1826584
1327.7 1826584
1328.2 1826584
1328.7 1826584
1329.2 1826552
1329.7 1826552
1330.2 1826552
1330.7 1826552
1331.2 1826552
1331.7 1826552
1332.2 1826552
1332.7 1826552
1333.2 1826552
1333.7 1826552
1334.2 1826552
1334.7 1826584
1335.2 1832628
1335.7 1832708
1336.2 1833132
1336.7 1832480
1337.2 1832620
1337.7 1832684
1338.2 1832688
1338.7 1833100
1339.2 1832784
1339.7 1832692
1340.2 1832832
1340.7 1832548
1341.2 1832260
1341.7 1832468
1342.2 1832720
1342.7 1832640
1343.2 1832576
1343.7 1832816
1344.2 1832656
1344.7 1832608
1345.2 1832700
1345.7 1832544
1346.2 1832524
1346.7 1832052
1347.2 1832448
1347.7 1832464
1348.2 1832528
1348.7 1832368
1349.2 1832320
1349.7 1832764
1350.2 1833052
1350.7 1832208
1351.2 1832496
1351.7 1832400
1352.2 1832604
1352.7 1832352
1353.2 1832588
1353.7 1832636
1354.2 1832920
1354.7 1832872
1355.2 1832728
1355.7 1832536
1356.2 1832536
1356.7 1832456
1357.2 1828016
1357.9 1827128
1358.4 1827128
1359.0 1827128
1359.5 1827128
1360.0 1827128
1360.5 1827124
1361.0 1827124
1361.5 1827092
1362.0 1827092
1362.7 1827092
1363.2 1827092
1363.7 1827092
1364.2 1827092
1364.7 1827092
1365.3 1827092
1365.8 1827156
1366.4 1827124
1366.9 1827124
1367.4 1827124
1367.9 1827124
1368.4 1827124
1368.9 1827124
1369.4 1827124
1369.9 1827124
1370.4 1827124
1370.9 1827092
1371.4 1827092
1372.1 1827092
1372.6 1827092
1373.1 1827092
1373.6 1827124
1374.1 1827124
1374.6 1827124
1375.1 1827124
1375.6 1827124
1376.1 1827124
1376.6 1827092
1377.1 1827092
1377.6 1827092
1378.3 1827092
1378.8 1827092
1379.3 1827092
1379.8 1827092
1380.3 1832328
1380.8 1832044
1381.3 1832172
1381.8 1832140
1382.3 1832140
1382.8 1831916
1383.3 1832248
1383.8 1831824
1384.3 1832396
1384.8 1832936
1385.3 1832964
1385.8 1833032
1386.3 1833616
1386.8 1833176
1387.3 1832968
1387.8 1832824
1388.3 1833240
1388.8 1833316
1389.3 1833160
1389.8 1832512
1390.3 1832524
1390.8 1833392
1391.3 1832620
1391.8 1832496
1392.3 1832084
1392.8 1832668
1393.3 1832224
1393.8 1832496
1394.3 1832604
1394.8 1832572
1395.3 1832872
1395.8 1832448
1396.3 1833252
1396.8 1832796
1397.3 1832764
1397.8 1832684
1398.3 1832936
1398.8 1832588
1399.3 1832872
1399.8 1832768
1400.3 1832672
1400.8 1832760
1401.3 1832844
1401.8 1832972
1402.3 1826620
1402.8 1826620
1403.3 1826620
1403.8 1826620
1404.3 1826620
1404.8 1826588
1405.4 1826588
1405.9 1826584
1406.4 1826584
1406.9 1826584
1407.4 1826584
1407.9 1826584
1408.4 1826584
1408.9 1826648
1409.4 1826616
1410.0 1826616
1410.5 1826616
1411.0 1826616
1411.5 1826616
1412.1 1826616
1412.6 1826616
1413.1 1826616
1413.6 1826616
1414.1 1826616
1414.6 1826616
1415.1 1826584
1415.6 1826584
1416.2 1826584
1416.7 1826616
1417.2 1826616
1417.8 1826616
1418.3 1826616
1418.8 1826616
1419.3 1826616
1419.8 1826584
1420.3 1826584
1420.8 1826584
1421.3 1826584
1421.8 1826584
1422.3 1826584
1422.8 1826584
1423.3 1826584
1423.8 1826552
1424.3 1826552
1424.8 1833944
1425.3 1832548
1425.8 1832436
1426.3 1832404
1426.8 1832612
1427.3 1832532
1427.8 1833056
1428.3 1832216
1428.8 1832280
1429.3 1831696
1429.8 1832104
1430.3 1832276
1430.8 1832656
1431.3 1832544
1431.8 1833208
1432.3 1832496
1432.8 1832464
1433.3 1832732
1433.8 1832496
1434.3 1832688
1434.8 1833092
1435.3 1832604
1435.8 1832540
1436.3 1832288
1436.8 1832588
1437.3 1833724
1437.8 1832304
1438.3 1832108
1438.8 1832044
1439.3 1832092
1439.8 1831864
1440.3 1832024
1440.8 1832180
1441.3 1832164
1441.8 1832024
1442.3 1832244
1442.8 1831852
1443.3 1832200
1443.8 1832260
1444.3 1832796
1444.8 1832904
1445.3 1832984
1445.8 1832524
1446.3 1832888
1446.8 1832712
1447.3 1826672
1447.8 1826672
1448.3 1826672
1449.4 1826672
1449.9 1826672
1451.7 1826668
1452.3 1826668
1452.8 1826668
1453.3 1826668
1453.8 1826636
1454.6 1826636
1455.1 1826636
1455.6 1826636
1457.4 1826668
1459.5 1826668
1460.0 1826668
1460.5 1826668
1461.0 1826636
1461.5 1826636
1462.0 1826636
1463.2 1826636
1464.6 1826636
1466.5 1826636
1467.0 1826636
1469.5 1826636
1470.0 1832476
1470.5 1832460
1471.0 1832476
1471.5 1832552
1472.0 1832536
1472.5 1832252
1473.0 1832412
1473.5 1832236
1474.0 1832200
1474.5 1832576
1475.0 1832520
1475.5 1832520
1476.0 1832740
1476.5 1832660
1477.0 1832488
1477.5 1832884
1478.0 1832852
1478.5 1832852
1479.0 1833008
1479.5 1833048
1480.0 1832636
1480.5 1832508
1481.0 1832776
1481.5 1832116
1482.0 1832556
1482.5 1832116
1483.0 1832036
1483.5 1832068
1484.0 1831688
1484.5 1832228
1485.0 1832648
1485.5 1832600
1486.0 1832836
1486.5 1832884
1487.0 1832744
1487.5 1832788
1488.0 1832616
1488.5 1832820
1489.0 1832536
1489.5 1832224
1490.0 1832280
1490.5 1831904
1491.0 1832644
1491.5 1832628
1492.0 1826376
1493.4 1826376
1494.5 1826376
1495.5 1826408
1496.3 1826404
1496.8 1826404
1497.3 1826404
1498.0 1826404
1499.9 1826404
1500.4 1826404
1500.9 1826404
1501.7 1826404
1502.2 1826404
1502.7 1826404
1503.2 1826372
1503.7 1826372
1504.2 1826372
1504.7 1826372
1505.2 1826404
1505.7 1826404
1506.2 1826404
1506.7 1826404
1507.2 1826372
1507.7 1826372
1508.2 1826372
1508.8 1826372
1509.6 1826372
1510.2 1826372
1510.7 1826372
1511.2 1826372
1511.8 1826340
1512.3 1826340
1512.8 1826404
1513.5 1826404
1514.0 1826404
1514.5 1826404
1515.0 1833272
1515.5 1833016
1516.0 1832780
1516.5 1832148
1517.0 1832496
1517.5 1832480
1518.0 1832592
1518.5 1832592
1519.0 1832164
1519.5 1832292
1520.0 1832256
1520.5 1831704
1521.0 1831956
1521.5 1831972
1522.0 1832352
1522.5 1832224
1523.0 1832304
1523.5 1832352
1524.0 1832320
1524.5 1832184
1525.0 1832276
1525.5 1831960
1526.0 1832212
1526.5 1832592
1527.0 1833000
1527.5 1832828
1528.0 1832920
1528.5 1832788
1529.0 1832852
1529.5 1832804
1530.0 1832736
1530.5 1832768
1531.0 1832720
1531.5 1832816
1532.0 1832312
1532.5 1832816
1533.0 1832532
1533.5 1832624
1534.0 1832736
1534.5 1832816
1535.0 1832748
1535.5 1832476
1536.0 1832872
1536.5 1832888
1537.0 1832840
1537.5 1826748
1539.3 1826748
1543.0 1826744
1546.7 1826712
1547.2 1826712
1549.1 1826712
1549.6 1826712
1551.4 1826712
1552.2 1826712
1556.4 1826712
1556.9 1826712
1557.4 1826744
1557.9 1826744
1559.5 1826744
1560.0 1832804
1560.5 1832836
1561.0 1832616
1561.5 1832804
1562.0 1832740
1562.5 1832468
1563.0 1833436
1563.5 1832740
1564.0 1832360
1564.5 1832688
1565.0 1832844
1565.5 1832548
1566.0 1832532
1566.5 1832088
1567.0 1832500
1567.5 1832468
1568.0 1832404
1568.5 1832232
1569.0 1832216
1569.5 1832296
1570.0 1832356
1570.5 1832276
1571.0 1832400
1571.5 1832416
1572.0 1832324
1572.5 1832544
1573.0 1832212
1573.5 1831988
1574.0 1832512
1574.5 1832860
1575.0 1832632
1575.5 1832792
1576.0 1832952
1576.5 1832304
1577.0 1832920
1577.5 1832492
1578.0 1832680
1578.5 1832036
1579.0 1832228
1579.5 1831956
1580.0 1832232
1580.5 1832152
1581.0 1832940
1581.5 1833032
1582.0 1826708
1582.5 1826708
1583.4 1826772
1585.8 1826768
1586.3 1826768
1587.8 1826768
1588.3 1826768
1589.8 1826768
1591.3 1826768
1593.3 1826736
1594.7 1826736
1598.9 1826736
1600.3 1826736
1601.3 1826736
1601.8 1826736
1603.3 1826768
1604.5 1826768
1605.0 1832312
1605.5 1832512
1606.0 1832652
1606.5 1832684
1607.0 1832892
1607.5 1832432
1608.0 1832496
1608.5 1832480
1609.0 1832452
1609.5 1832572
1610.0 1832620
1610.5 1832644
1611.0 1832792
1611.5 1832808
1612.0 1832728
1612.5 1832744
1613.0 1832368
1613.5 1832492
1614.0 1832776
1614.5 1832004
1615.0 1832184
1615.5 1832584
1616.0 1832724
1616.5 1832792
1617.0 1832156
1617.5 1832600
1618.0 1832504
1618.5 1832772
1619.0 1832852
1619.5 1832916
1620.0 1832716
1620.5 1832716
1621.0 1832828
1621.5 1832716
1622.0 1832984
1622.5 1833128
1623.0 1833428
1623.5 1832968
1624.0 1832700
1624.5 1832780
1625.0 1832648
1625.5 1832824
1626.0 1832776
1626.5 1832704
1627.0 1832816
1629.1 1826892
1629.6 1826892
1630.1 1826892
1631.4 1826888
1632.7 1826888
1634.2 1826888
1634.8 1826888
1635.3 1826888
1636.4 1826856
1640.1 1826856
1641.2 1826856
1642.6 1826888
1644.6 1826888
1646.3 1826888
1647.2 1826856
1647.8 1826856
1649.3 1826856
1649.8 1832616
1650.3 1832740
1650.8 1832596
1651.3 1832660
1651.8 1832856
1652.3 1832464
1652.8 1832748
1653.3 1832652
1653.8 1832748
1654.3 1832464
1654.8 1832772
1655.3 1832520
1655.8 1832724
1656.3 1833024
1656.8 1832912
1657.3 1832692
1657.8 1832692
1658.3 1832800
1658.8 1832308
1659.3 1832228
1659.8 1832664
1660.3 1832760
1660.8 1832540
1661.3 1832884
1661.8 1832584
1662.3 1832648
1662.8 1833028
1663.3 1833232
1663.8 1832980
1664.3 1832580
1664.8 1831888
1665.3 1832220
1665.8 1832172
1666.3 1831860
1666.8 1832252
1667.3 1832124
1667.8 1832520
1668.3 1832236
1668.8 1832440
1669.3 1832724
1669.8 1832140
1670.3 1832392
1670.8 1832804
1671.3 1832820
1671.8 1832788
1674.6 1826632
1675.7 1826628
1677.2 1826628
1678.9 1826628
1680.8 1826628
1681.8 1826628
1683.5 1826660
1685.3 1826628
1685.9 1826628
1686.4 1826628
1689.1 1826628
1691.5 1826628
1693.5 1826628
1694.5 1826628
1695.0 1832544
1695.5 1832592
1696.0 1832616
1696.5 1832364
1697.0 1832316
1697.5 1832524
1698.0 1832656
1698.5 1832324
1699.0 1832484
1699.5 1832784
1700.0 1832760
1700.5 1833128
1701.0 1832640
1701.5 1832688
1702.0 1832720
1702.5 1832548
1703.0 1832912
1703.5 1832640
1704.0 1832356
1704.5 1832516
1705.0 1832448
1705.5 1832100
1706.0 1832308
1706.5 1831944
1707.0 1832132
1707.5 1832132
1708.0 1832212
1708.5 1831944
1709.0 1831928
1709.5 1831692
1710.0 1832068
1710.5 1832508
1711.0 1833108
1711.5 1832696
1712.0 1832568
1712.5 1832680
1713.0 1832680
1713.5 1833028
1714.0 1833028
1714.5 1832696
1715.0 1832516
1715.5 1832640
1716.0 1832388
1716.5 1832484
1717.0 1826344
1717.5 1826376
1718.0 1826376
1719.0 1826376
1719.6 1826344
1720.1 1826344
1720.7 1826336
1721.4 1826336
1721.9 1826336
1722.4 1826336
1723.1 1826336
1723.7 1826336
1724.2 1826336
1724.7 1826304
1725.2 1826304
1725.8 1826368
1726.3 1826368
1726.8 1826368
1727.3 1826368
1727.8 1826368
1728.3 1826368
1728.8 1826364
1729.3 1826364
1729.8 1826332
1730.3 1826332
1730.8 1826332
1731.3 1826332
1731.8 1826332
1732.3 1826332
1732.8 1826332
1733.3 1826332
1733.8 1826364
1734.3 1826364
1734.8 1826364
1735.3 1826364
1735.8 1826364
1736.3 1826364
1736.8 1826364
1737.3 1826364
1737.8 1826364
1738.3 1826364
1738.8 1826332
1739.3 1826332
1739.8 1832664
1740.3 1832140
1740.8 1832172
1741.3 1832724
1741.8 1832800
1742.3 1832548
1742.8 1832440
1743.3 1832756
1743.8 1832580
1744.3 1832408
1744.8 1832740
1745.3 1832364
1745.8 1832092
1746.3 1832504
1746.8 1832392
1747.3 1832724
1747.8 1832692
1748.3 1832472
1748.8 1832440
1749.3 1832976
1749.8 1833016
1750.3 1832844
1750.8 1832780
1751.3 1833964
1751.8 1833192
1752.3 1833396
1752.8 1832800
1753.3 1832912
1753.8 1832704
1754.3 1833052
1754.8 1832572
1755.3 1832556
1755.8 1832872
1756.3 1833016
1756.8 1832668
1757.3 1832636
1757.8 1832764
1758.3 1832732
1758.8 1832920
1759.3 1832968
1759.8 1832616
1760.3 1832268
1760.8 1832680
1761.3 1832664
1761.8 1832728
1762.3 1826872
1762.8 1826872
1763.3 1826872
1763.8 1826872
1764.3 1826872
1764.8 1826872
1765.3 1826872
1765.8 1826872
1766.3 1826872
1766.8 1826840
1767.3 1826840
1767.8 1826840
1768.3 1826840
1768.8 1826840
1769.3 1826840
1769.8 1826872
1770.3 1826872
1770.8 1826872
1771.3 1826872
1771.8 1826840
1772.3 1826840
1772.8 1826840
1773.3 1826840
1773.8 1826840
1774.3 1826840
1774.8 1826840
1775.3 1826840
1775.8 1826808
1776.4 1826808
1776.9 1826872
1777.4 1826872
1777.9 1826872
1778.4 1826872
1778.9 1826872
1779.4 1826872
1779.9 1826872
1780.4 1826872
1780.9 1826840
1781.4 1826840
1782.0 1826840
1782.5 1826840
1783.0 1826840
1783.5 1826840
1784.0 1826840
1784.5 1826840
1785.0 1826872
1785.5 1832052
1786.0 1831892
1786.5 1832032
1787.0 1831892
1787.5 1831876
1788.0 1832272
1788.5 1832576
1789.0 1832372
1789.5 1832704
1790.0 1832576
1790.5 1832448
1791.0 1832652
1791.5 1832508
1792.0 1832520
1792.5 1832400
1793.0 1832192
1793.5 1832720
1794.0 1833068
1794.5 1832756
1795.0 1832504
1795.5 1832340
1796.0 1832404
1796.5 1832672
1797.0 1832956
1797.5 1832500
1798.0 1832844
1798.5 1832828
1799.0 1832748
1799.5 1832688
1800.0 1832624
1800.5 1833036
1801.0 1832372
1801.5 1832308
1802.0 1832640
1802.5 1832228
1803.0 1832748
1803.5 1832860
1804.0 1832560
1804.5 1832752
1805.0 1832500
1805.5 1832624
1806.0 1833364
1806.5 1833004
1807.0 1832768
1807.5 1826200
1808.1 1826200
1808.6 1826200
1809.1 1826168
1809.6 1826168
1810.1 1826168
1810.6 1826168
1811.1 1826228
1811.6 1826228
1812.1 1826228
1812.6 1826228
1813.1 1826228
1813.6 1826228
1814.1 1826196
1814.6 1826196
1815.1 1826196
1815.6 1826196
1816.1 1826196
1816.6 1826196
1817.2 1826196
1817.7 1826260
1818.2 1826260
1818.7 1826228
1819.2 1826228
1819.7 1826228
1820.2 1826228
1820.7 1826228
1821.2 1826228
1821.7 1826228
1822.2 1826228
1822.7 1826228
1823.2 1826228
1823.7 1826196
1824.2 1826196
1824.7 1826196
1825.3 1826228
1825.8 1826228
1826.3 1826228
1826.8 1826228
1827.3 1826228
1827.8 1826196
1828.3 1826196
1828.8 1826196
1829.3 1826196
1829.8 1826196
1830.3 1832444
1830.8 1832528
1831.3 1832196
1831.8 1832432
1832.3 1832240
1832.8 1832556
1833.3 1832968
1833.8 1832636
1834.3 1832620
1834.8 1833124
1835.3 1832936
1835.8 1832556
1836.3 1832700
1836.8 1833016
1837.3 1832936
1837.8 1832604
1838.3 1832352
1838.8 1832652
1839.3 1832224
1839.8 1832180
1840.3 1831864
1840.8 1831596
1841.3 1832480
1841.8 1832196
1842.3 1832536
1842.8 1831984
1843.3 1833072
1843.8 1832788
1844.3 1832692
1844.8 1832948
1845.3 1832688
1845.8 1832560
1846.3 1832324
1846.8 1832308
1847.3 1832720
1847.8 1832844
1848.3 1832704
1848.8 1832720
1849.3 1832752
1849.8 1832500
1850.3 1832180
1850.8 1832148
1851.3 1832384
1851.8 1832384
1852.3 1827836
1852.8 1826528
1853.3 1826528
1853.8 1826528
1854.3 1826528
1854.8 1826528
1855.3 1826528
1855.8 1826528
1856.3 1826492
1856.8 1826492
1857.3 1826556
1857.8 1826556
1858.3 1826556
1858.8 1826556
1859.3 1826556
1859.8 1826556
1860.3 1826556
1860.8 1826524
1861.3 1826524
1861.8 1826524
1862.3 1826524
1862.8 1826524
1863.3 1826524
1863.8 1826524
1864.3 1826556
1864.8 1826556
1865.3 1826556
1865.8 1826556
1866.3 1826524
1866.8 1826524
1867.3 1826524
1867.8 1826524
1868.3 1826524
1868.8 1826524
1869.3 1826524
1869.8 1826524
1870.3 1826524
1870.8 1826524
1871.3 1826492
1871.8 1826556
1872.3 1826556
1872.8 1826556
1873.3 1826556
1873.8 1826556
1874.3 1826556
1874.8 1832072
1875.3 1832032
1875.8 1832680
1876.3 1832144
1876.8 1832032
1877.3 1832024
1877.8 1832412
1878.3 1832760
1878.8 1832584
1879.3 1832460
1879.8 1832440
1880.3 1832628
1880.8 1832628
1881.3 1832472
1881.8 1832216
1882.3 1832484
1882.8 1832392
1883.3 1832392
1883.8 1832708
1884.3 1832548
1884.8 1832336
1885.3 1832432
1885.8 1832448
1886.3 1832496
1886.8 1832572
1887.3 1832652
1887.8 1831832
1888.3 1831880
1888.8 1832224
1889.3 1832588
1889.8 1832932
1890.3 1832632
1890.8 1832728
1891.3 1832980
1891.8 1832772
1892.3 1832632
1892.8 1832680
1893.3 1832868
1893.8 1832852
1894.3 1832884
1894.8 1832204
1895.3 1833056
1895.8 1832932
1896.3 1832932
1896.8 1832884
1897.3 1832884
1897.8 1832944
1898.4 1826636
1898.9 1826636
1899.4 1826636
1899.9 1826636
1900.4 1826600
1900.9 1826600
1901.4 1826600
1901.9 1826600
1902.4 1826600
1902.9 1826600
1903.4 1826600
1903.9 1826600
1904.4 1826600
1904.9 1826600
1905.4 1826632
1905.9 1826632
1906.4 1826632
1906.9 1826632
1907.4 1826632
1907.9 1826632
1908.4 1826632
1908.9 1826632
1909.4 1826632
1909.9 1826632
1910.4 1826600
1910.9 1826600
1911.4 1826600
1911.9 1826600
1912.4 1826632
1912.9 1826632
1913.4 1826632
1913.9 1826632
1914.4 1826600
1914.9 1826600
1915.4 1826600
1915.9 1826600
1916.4 1826600
1916.9 1826600
1917.4 1826600
1917.9 1826600
1918.4 1826600
1918.9 1826600
1919.4 1826568
1919.9 1826632
1920.4 1834020
1920.9 1832936
1921.4 1832764
1921.9 1831912
1922.4 1832068
1922.9 1831816
1923.4 1831896
1923.9 1831800
1924.4 1832432
1924.9 1832604
1925.4 1832516
1925.9 1832376
1926.4 1832772
1926.9 1832708
1927.4 1832768
1927.9 1832976
1928.4 1833008
1928.9 1832800
1929.4 1832612
1929.9 1832692
1930.4 1832956
1930.9 1832436
1931.4 1832420
1931.9 1832372
1932.4 1832276
1932.9 1832704
1933.4 1832420
1933.9 1832892
1934.4 1832512
1934.9 1832908
1935.4 1832880
1935.9 1833020
1936.4 1832956
1936.9 1832812
1937.4 1832688
1937.9 1832720
1938.4 1832892
1938.9 1832876
1939.4 1832608
1939.9 1832796
1940.4 1832464
1940.9 1832356
1941.4 1832372
1941.9 1832372
1942.4 1832356
1942.9 1832340
1943.4 1832196
1943.9 1826216
1944.4 1826216
1944.9 1826216
1945.4 1826216
1945.9 1826216
1946.4 1826180
1946.9 1826180
1947.4 1826180
1947.9 1826180
1948.4 1826212
1948.9 1826212
1949.4 1826212
1949.9 1826212
1950.4 1826212
1950.9 1826212
1951.4 1826180
1951.9 1826180
1952.4 1826180
1952.9 1826180
1953.4 1826180
1953.9 1826180
1954.4 1826180
1954.9 1826180
1955.4 1826180
1955.9 1826180
1956.4 1826212
1956.9 1826212
1957.4 1826212
1957.9 1826212
1958.4 1826212
1958.9 1826212
1959.4 1826212
1959.9 1826212
1960.4 1826180
1960.9 1826180
1961.4 1826180
1962.0 1826180
1962.5 1826180
1963.0 1826180
1963.5 1826212
1964.0 1826212
1964.5 1826212
1965.0 1832020
1965.5 1831864
1966.0 1831988
1966.5 1832132
1967.0 1832580
1967.5 1832656
1968.0 1832816
1968.5 1833164
1969.0 1832516
1969.5 1832484
1970.0 1832608
1970.5 1832624
1971.0 1832860
1971.5 1832656
1972.0 1832908
1972.5 1832388
1973.0 1831976
1973.5 1832088
1974.0 1832168
1974.5 1832436
1975.0 1832620
1975.5 1832856
1976.0 1832572
1976.5 1832684
1977.0 1832668
1977.5 1832432
1978.0 1832272
1978.5 1832304
1979.0 1832004
1979.5 1832148
1980.0 1832316
1980.5 1832648
1981.0 1832364
1981.5 1832788
1982.0 1832584
1982.5 1832616
1983.0 1832788
1983.5 1832948
1984.0 1832756
1984.5 1832728
1985.0 1832620
1985.5 1832872
1986.0 1832888
1986.5 1832856
1987.0 1832652
1987.5 1832856
1988.0 1832856
1988.5 1826692
1989.0 1826692
1989.5 1826692
1990.0 1826692
1990.5 1826688
1991.0 1826688
1991.5 1826720
1992.0 1826720
1992.5 1826720
1993.0 1826720
1993.5 1826688
1994.0 1826688
1994.5 1826688
1995.0 1826688
1995.5 1826688
1996.0 1826688
1996.5 1826688
1997.1 1826688
1997.6 1826688
1998.1 1826688
1998.6 1826720
1999.1 1826720
1999.6 1826720
2000.1 1826720
2000.6 1826720
2001.1 1826720
2001.6 1826720
2002.1 1826720
2002.6 1826688
2003.1 1826688
2003.6 1826688
2004.1 1826688
2004.6 1826688
2005.2 1826688
2005.7 1826688
2006.3 1826688
2006.9 1826720
2007.4 1826720
2007.9 1826688
2008.4 1826688
2009.0 1826688
2009.5 1826688
2010.0 1832732
2010.5 1832748
2011.0 1832908
2011.5 1832844
2012.0 1832796
2012.5 1832544
2013.0 1832684
2013.5 1832892
2014.0 1832876
2014.5 1832484
2015.0 1831736
2015.5 1831864
2016.0 1832004
2016.5 1831768
2017.0 1832384
2017.5 1832268
2018.0 1832224
2018.5 1832620
2019.0 1832256
2019.5 1832936
2020.0 1832792
2020.5 1832952
2021.0 1832888
2021.5 1832492
2022.0 1832872
2022.5 1832620
2023.0 1832792
2023.5 1833140
2024.0 1832888
2024.5 1832872
2025.0 1833004
2025.5 1832972
2026.0 1832592
2026.5 1832812
2027.0 1833020
2027.5 1833064
2028.0 1832796
2028.5 1832812
2029.0 1832684
2029.5 1832576
2030.0 1832556
2030.5 1832840
2031.0 1832952
2031.5 1832684
2032.0 1833156
2032.5 1832776
2033.0 1832872
2033.5 1826812
2034.0 1826812
2034.5 1826812
2035.0 1826780
2035.5 1826780
2036.0 1826780
2036.5 1826780
2037.0 1826780
2037.5 1826812
2038.0 1826812
2038.5 1826812
2039.0 1826812
2039.5 1826812
2040.0 1826780
2040.5 1826780
2041.0 1826780
2041.5 1826780
2042.0 1826780
2042.5 1826780
2043.2 1826780
2043.7 1826780
2044.2 1826780
2044.7 1826748
2045.2 1826812
2045.7 1826812
2046.2 1826812
2046.7 1826812
2047.2 1826812
2047.7 1826812
2048.2 1826812
2048.7 1826812
2049.2 1826812
2049.7 1826812
2050.2 1826780
2050.7 1826780
2051.2 1826780
2051.7 1826780
2052.2 1826780
2052.7 1826812
2053.2 1826812
2053.7 1826812
2054.2 1826780
2054.7 1832644
2055.2 1832824
2055.7 1832920
2056.2 1832416
2056.7 1831784
2057.2 1831972
2057.7 1831800
2058.2 1831692
2058.7 1832084
2059.2 1832196
2059.7 1831644
2060.2 1831836
2060.7 1832844
2061.2 1832592
2061.7 1832560
2062.2 1832828
2062.7 1832940
2063.2 1832796
2063.7 1832844
2064.2 1832636
2064.7 1832724
2065.2 1832696
2065.7 1832756
2066.2 1832772
2066.7 1832756
2067.2 1832852
2067.7 1832740
2068.2 1832724
2068.7 1832852
2069.2 1832916
2069.7 1833872
2070.2 1832944
2070.7 1832688
2071.2 1832784
2071.7 1832156
2072.2 1831824
2072.7 1831904
2073.2 1831956
2073.7 1832084
2074.2 1832208
2074.7 1832416
2075.2 1832796
2075.7 1833160
2076.2 1832560
2076.7 1832876
2077.2 1832780
2077.7 1832780
2078.2 1826780
2078.7 1826716
2079.2 1826716
2079.7 1826716
2080.2 1826960
2080.7 1826960
2081.2 1826960
2081.7 1826960
2082.2 1826928
2082.7 1826928
2083.2 1826928
2083.7 1826928
2084.2 1826928
2084.7 1826960
2085.2 1826960
2085.7 1826960
2086.2 1826960
2086.7 1826960
2087.2 1826928
2087.7 1826928
2088.2 1826928
2088.7 1826928
2089.2 1826928
2089.7 1826928
2090.2 1826928
2090.7 1826928
2091.3 1826928
2091.8 1826928
2092.3 1826960
2092.8 1826960
2093.3 1826960
2093.8 1826960
2094.3 1826960
2094.8 1826960
2095.3 1826960
2095.8 1826960
2096.3 1826928
2096.8 1826928
2097.3 1826928
2097.8 1826928
2098.3 1826928
2098.8 1826928
2099.3 1826928
2099.8 1832656
2100.3 1833024
2100.8 1832780
2101.3 1832876
2101.8 1832656
2102.3 1832732
2102.8 1832748
2103.3 1832812
2103.8 1832844
2104.3 1832936
2104.8 1832464
2105.3 1832460
2105.8 1833076
2106.3 1832584
2106.8 1832224
2107.3 1832128
2107.8 1832524
2108.3 1832524
2108.8 1832712
2109.3 1832524
2109.8 1832300
2110.3 1832380
2110.8 1832236
2111.3 1832584
2111.8 1832204
2112.3 1832456
2112.8 1832440
2113.3 1832204
2113.8 1832376
2114.3 1832976
2114.8 1833392
2115.3 1832824
2115.8 1832572
2116.3 1832492
2116.8 1832636
2117.3 1833156
2117.8 1832936
2118.3 1832684
2118.8 1833060
2119.3 1833104
2119.8 1832816
2120.3 1832772
2120.8 1832312
2121.3 1832280
2121.8 1832452
2122.3 1832296
2122.8 1832408
2123.3 1826964
2123.8 1826964
2124.3 1826964
2124.8 1826964
2125.3 1826928
2125.8 1826928
2126.3 1826928
2126.8 1826928
2127.3 1826960
2127.8 1826960
2128.3 1826960
2128.8 1826960
2129.3 1826928
2129.8 1826928
2130.3 1826928
2130.8 1826928
2131.3 1826928
2131.8 1826928
2132.3 1826928
2132.8 1826928
2133.3 1826928
2133.8 1826928
2134.3 1826896
2134.8 1826960
2135.3 1826960
2135.8 1826960
2136.3 1826960
2136.9 1826960
2137.4 1826960
2137.9 1826960
2138.4 1826960
2138.9 1826960
2139.4 1826928
2139.9 1826928
2140.4 1826928
2140.9 1826928
2141.4 1826928
2141.9 1826928
2142.4 1826960
2142.9 1826960
2143.4 1826928
2143.9 1826928
2144.4 1826928
2144.9 1833960
2145.4 1832300
2145.9 1832776
2146.4 1832724
2146.9 1832852
2147.4 1833104
2147.9 1833040
2148.4 1832788
2148.9 1832740
2149.4 1832820
2149.9 1832688
2150.4 1833196
2150.9 1833004
2151.4 1832832
2151.9 1832784
2152.4 1832232
2152.9 1831728
2153.4 1832044
2153.9 1832260
2154.4 1832800
2154.9 1832756
2155.4 1832836
2155.9 1832680
2156.4 1832756
2156.9 1832932
2157.4 1833056
2157.9 1832788
2158.4 1832836
2158.9 1832536
2159.4 1832916
2159.9 1832720
2160.4 1833196
2160.9 1832676
2161.4 1833084
2161.9 1832912
2162.4 1832800
2162.9 1832752
2163.4 1832896
2163.9 1832468
2164.4 1832264
2164.9 1832520
2165.4 1832772
2165.9 1832944
2166.4 1833168
2166.9 1832788
2167.4 1832568
2167.9 1832348
2168.4 1826540
2168.9 1826572
2169.4 1826572
2169.9 1826572
2170.4 1826568
2170.9 1826568
2171.4 1826536
2171.9 1826536
2172.4 1826536
2172.9 1826536
2173.4 1826536
2173.9 1826536
2174.4 1826536
2174.9 1826536
2175.4 1826504
2175.9 1826504
2176.4 1826568
2176.9 1826568
2177.4 1826568
2177.9 1826568
2178.4 1826568
2178.9 1826568
2179.4 1826568
2179.9 1826568
2180.4 1826536
2180.9 1826536
2181.4 1826536
2181.9 1826536
2182.4 1826536
2182.9 1826536
2183.4 1826568
2183.9 1826568
2184.4 1826568
2184.9 1826568
2185.4 1826536
2185.9 1826536
2186.4 1826536
2186.9 1826536
2187.4 1826536
2187.9 1826536
2188.4 1826536
2188.9 1826536
2189.4 1826504
2189.9 1832100
2190.4 1832164
2190.9 1831876
2191.4 1832116
2191.9 1831988
2192.4 1831876
2192.9 1832020
2193.4 1831864
2193.9 1832116
2194.4 1832004
2194.9 1831932
2195.4 1832060
2195.9 1832264
2196.4 1832376
2196.9 1832612
2197.4 1832500
2197.9 1832420
2198.4 1832312
2198.9 1832084
2199.4 1832376
2199.9 1832796
2200.4 1832416
2200.9 1832132
2201.4 1832164
2201.9 1832544
2202.4 1831864
2202.9 1832244
2203.4 1832196
2203.9 1832244
2204.4 1831864
2204.9 1831860
2205.4 1833108
2205.9 1833076
2206.4 1832948
2206.9 1832824
2207.4 1832996
2207.9 1832712
2208.4 1833092
2208.9 1832512
2209.4 1833108
2209.9 1832584
2210.4 1832976
2210.9 1832836
2211.4 1833152
2211.9 1832644
2212.4 1832944
2212.9 1833056
2213.4 1826808
2213.9 1826808
2214.4 1826808
2214.9 1826808
2215.4 1826804
2215.9 1826804
2216.4 1826804
2216.9 1826804
2217.4 1826772
2217.9 1826772
2218.4 1826772
2218.9 1826772
2219.4 1826772
2219.9 1826772
2220.4 1826772
2220.9 1826772
2221.4 1826804
2221.9 1826804
2222.4 1826772
2222.9 1826772
2223.4 1826772
2223.9 1826772
2224.4 1826772
2224.9 1826772
2225.4 1826772
2226.0 1826772
2226.5 1826772
2227.0 1826772
2227.5 1826740
2228.0 1826804
2228.5 1826804
2229.0 1826804
2229.5 1826804
2230.0 1826804
2230.5 1826804
2231.0 1826804
2231.5 1826772
2232.0 1826772
2232.5 1826772
2233.0 1826772
2233.5 1826772
2234.0 1826772
2234.5 1826772
2235.0 1832816
2235.5 1832752
2236.0 1832232
2236.5 1832468
2237.0 1832516
2237.5 1832800
2238.0 1832264
2238.5 1832168
2239.0 1831944
2239.5 1832076
2240.0 1832220
2240.5 1832236
2241.0 1831888
2241.5 1832456
2242.0 1832172
2242.5 1832300
2243.0 1832692
2243.5 1832472
2244.0 1832772
2244.5 1832708
2245.0 1833256
2245.5 1832688
2246.0 1832720
2246.5 1832672
2247.0 1832752
2247.5 1832340
2248.0 1832688
2248.5 1832848
2249.0 1832704
2249.5 1832500
2250.0 1832952
2250.5 1832464
2251.0 1832780
2251.5 1832700
2252.0 1832068
2252.5 1832384
2253.0 1832764
2253.5 1832652
2254.0 1832984
2254.5 1832604
2255.0 1832440
2255.5 1832392
2256.0 1832644
2256.5 1832392
2257.0 1832612
2257.5 1832756
2258.0 1832788
2258.5 1826640
2259.0 1826640
2259.6 1826640
2260.2 1826640
2260.7 1826604
2261.2 1826604
2261.7 1826636
2262.2 1826636
2262.7 1826636
2263.2 1826636
2263.7 1826636
2264.2 1826636
2264.7 1826604
2265.2 1826604
2265.7 1826604
2266.2 1826604
2266.7 1826604
2267.2 1826604
2267.7 1826604
2268.2 1826604
2268.9 1826604
2269.4 1826636
2269.9 1826636
2270.5 1826636
2271.0 1826636
2271.5 1826636
2272.0 1826636
2272.5 1826636
2273.0 1826636
2273.5 1826636
2274.0 1826636
2274.5 1826604
2275.0 1826604
2275.5 1826604
2276.0 1826604
2276.5 1826604
2277.0 1826604
2277.5 1826636
2278.0 1826636
2278.5 1826604
2279.0 1826604
2279.5 1826604
2280.0 1832428
2280.5 1832584
2281.0 1832788
2281.5 1832664
2282.0 1832492
2282.5 1832744
2283.0 1832744
2283.5 1832932
2284.0 1832820
2284.5 1832760
2285.0 1832468
2285.5 1832608
2286.0 1833224
2286.5 1833604
2287.0 1832876
2287.5 1832816
2288.0 1832720
2288.5 1832516
2289.0 1832880
2289.5 1832464
2290.0 1833160
2290.5 1832356
2291.0 1833696
2291.5 1833268
2292.0 1834568
2292.5 1834540
2293.0 1834020
2293.5 1833972
2294.0 1833516
2294.5 1833468
2295.0 1834064
2295.5 1833376
2296.0 1832876
2296.5 1833080
2297.0 1832952
2297.5 1832764
2298.0 1833080
2298.5 1832480
2299.0 1832592
2299.5 1833016
2300.0 1833412
2300.5 1833124
2301.0 1833160
2301.5 1833096
2302.0 1833792
2302.5 1832984
2303.0 1833128
2303.5 1833220
2304.0 1833144
2304.5 1827204
2305.0 1827204
2305.5 1827268
2306.0 1827268
2306.5 1827268
2307.0 1827268
2307.5 1827268
2308.0 1827268
2308.5 1827236
2309.1 1827236
2309.6 1827236
2310.1 1827236
2310.6 1827236
2311.1 1827236
2311.6 1827236
2312.1 1827236
2312.6 1827236
2313.1 1827236
2313.6 1827268
2314.1 1827268
2314.6 1827268
2315.1 1827268
2315.6 1827268
2316.1 1827268
2316.6 1827268
2317.1 1827268
2317.6 1827236
2318.1 1827236
2318.6 1827236
2319.1 1827236
2319.6 1827236
2320.1 1827236
2320.6 1827268
2321.1 1827268
2321.7 1827268
2322.2 1827268
2322.7 1827236
2323.2 1827236
2323.7 1827236
2324.2 1827236
2324.7 1833776
2325.2 1833520
2325.7 1833604
2326.2 1833904
2326.7 1833340
2327.2 1833136
2327.7 1832992
2328.2 1833024
2328.7 1833580
2329.2 1833216
2329.7 1833108
2330.2 1833032
2330.7 1833016
2331.2 1833080
2331.7 1833220
2332.2 1832716
2332.7 1832716
2333.2 1832876
2333.7 1833032
2334.2 1832936
2334.7 1833296
2335.2 1833344
2335.7 1833392
2336.2 1833344
2336.7 1833060
2337.2 1833120
2337.7 1833408
2338.2 1832964
2338.7 1832852
2339.2 1833060
2339.7 1832756
2340.2 1833296
2340.7 1833596
2341.2 1833028
2341.7 1833360
2342.2 1833312
2342.7 1833440
2343.2 1832964
2343.7 1833076
2344.2 1833140
2344.7 1832944
2345.2 1833136
2345.7 1832820
2346.2 1832992
2346.7 1833040
2347.2 1833232
2347.7 1827172
2348.9 1827236
2350.2 1827204
2352.0 1827200
2353.2 1827200
2354.0 1827200
2354.6 1827200
2355.1 1827200
2357.2 1827200
2357.8 1827200
2359.6 1827200
2360.3 1827168
2361.9 1827168
2362.4 1827168
2363.0 1827168
2363.9 1827200
2364.4 1827200
2366.2 1827200
2367.2 1827200
2367.8 1827200
2369.5 1827168
2370.0 1833108
2370.5 1832604
2371.0 1832616
2371.5 1832696
2372.0 1832900
2372.5 1832932
2373.0 1832964
2373.5 1833124
2374.0 1833156
2374.5 1832964
2375.0 1833360
2375.5 1833012
2376.0 1832900
2376.5 1832884
2377.0 1832948
2377.5 1832964
2378.0 1832932
2378.5 1833248
2379.0 1833232
2379.5 1832884
2380.0 1833108
2380.5 1832948
2381.0 1833416
2381.5 1832852
2382.0 1832712
2382.5 1832508
2383.0 1832824
2383.5 1832476
2384.0 1832444
2384.5 1832840
2385.0 1833008
2385.5 1833024
2386.0 1833056
2386.5 1833040
2387.0 1833228
2387.5 1833008
2388.0 1832504
2388.5 1832236
2389.0 1832072
2389.5 1832124
2390.0 1832500
2390.5 1832704
2391.0 1832500
2391.5 1832484
2392.0 1826536
2394.0 1826536
2395.8 1826532
2396.8 1826532
2397.4 1826532
2398.9 1826532
2400.7 1826532
2401.2 1826532
2403.1 1826564
2406.8 1826564
2407.7 1826564
2408.5 1826564
2409.7 1826564
2410.3 1826564
2411.3 1826564
2412.1 1826564
2413.5 1826532
2414.5 1826532
2415.0 1832984
2415.5 1833000
2416.0 1832968
2416.5 1833284
2417.0 1832984
2417.5 1833536
2418.0 1833132
2418.5 1832960
2419.0 1833072
2419.5 1833040
2420.0 1832716
2420.5 1832700
2421.0 1832652
2421.5 1832884
2422.0 1832844
2422.5 1833032
2423.0 1833032
2423.5 1832764
2424.0 1832480
2424.5 1832592
2425.0 1832792
2425.5 1832636
2426.0 1832256
2426.5 1832428
2427.0 1832476
2427.5 1832572
2428.0 1832508
2428.5 1832712
2429.0 1832760
2429.5 1832892
2430.0 1832748
2430.5 1832920
2431.0 1832844
2431.5 1832576
2432.0 1832764
2432.5 1833016
2433.0 1833016
2433.5 1833000
2434.0 1833016
2434.5 1832920
2435.0 1833252
2435.5 1833300
2436.0 1833456
2436.5 1833536
2437.0 1827200
2438.4 1827200
2440.2 1827200
2441.7 1827200
2443.6 1827200
2444.8 1827200
2446.7 1827168
2447.2 1827168
2448.4 1827168
2449.1 1827168
2453.1 1827168
2453.6 1827168
2454.7 1827200
2455.2 1827200
2457.9 1827168
2459.2 1827168
2459.7 1832028
2460.2 1833308
2460.7 1832884
2461.2 1832836
2461.7 1833160
2462.2 1832952
2462.7 1832448
2463.2 1832544
2463.7 1833016
2464.2 1832904
2464.7 1832308
2465.2 1832896
2465.7 1832944
2466.2 1833104
2466.7 1833276
2467.2 1833196
2467.7 1832828
2468.2 1833152
2468.7 1833276
2469.2 1833244
2469.7 1833312
2470.2 1833064
2470.7 1833332
2471.2 1832828
2471.7 1833396
2472.2 1833080
2472.7 1833000
2473.2 1833064
2473.7 1832904
2474.2 1833000
2474.7 1833056
2475.2 1833092
2475.7 1833092
2476.2 1832996
2476.7 1833184
2477.2 1832932
2477.7 1832900
2478.2 1832964
2478.7 1833044
2479.2 1832320
2479.7 1832348
2480.2 1832220
2480.7 1832284
2481.2 1832172
2481.7 1832236
2482.2 1826096
2483.2 1826096
2485.1 1826092
2485.6 1826092
2486.5 1826092
2489.3 1826092
2490.9 1826060
2491.4 1826060
2492.1 1826060
2492.9 1826060
2494.7 1826060
2496.8 1826060
2498.3 1826092
2499.8 1826092
2502.7 1826060
2503.5 1826060
2504.5 1826060
2505.0 1831988
2505.5 1832548
2506.0 1832500
2506.5 1832860
2507.0 1832876
2507.5 1832988
2508.0 1833020
2508.5 1832856
2509.0 1832892
2509.5 1832876
2510.0 1832840
2510.5 1832920
2511.0 1833060
2511.5 1832968
2512.0 1832700
2512.5 1832684
2513.0 1832872
2513.5 1832872
2514.0 1833048
2514.5 1832644
2515.0 1832420
2515.5 1832324
2516.0 1832420
2516.5 1831976
2517.0 1832104
2517.5 1832184
2518.0 1832056
2518.5 1832120
2519.0 1832184
2519.5 1832104
2520.0 1832448
2520.5 1833424
2521.0 1833416
2521.5 1833116
2522.0 1833116
2522.5 1833148
2523.0 1833164
2523.5 1833164
2524.0 1833164
2524.5 1832928
2525.0 1832828
2525.5 1832956
2526.0 1833128
2526.5 1832892
2527.0 1826996
2527.5 1826996
2528.5 1826996
2529.8 1826996
2531.7 1827024
2536.2 1827024
2536.7 1826992
2538.5 1826992
2541.5 1826992
2543.4 1826992
2544.9 1826992
2546.7 1826992
2548.5 1826992
2549.3 1826960
2549.8 1832588
2550.3 1833156
2550.8 1832904
2551.3 1833016
2551.8 1832840
2552.3 1832824
2552.8 1832968
2553.3 1832712
2553.8 1832856
2554.3 1832936
2554.8 1832900
2555.3 1832772
2555.8 1832836
2556.3 1833072
2556.8 1833388
2557.3 1832756
2557.8 1832664
2558.3 1833152
2558.8 1833328
2559.3 1832708
2559.8 1832800
2560.3 1833072
2560.8 1832912
2561.3 1832784
2561.8 1832960
2562.3 1833024
2562.8 1832864
2563.3 1832784
2563.8 1833040
2564.3 1832880
2564.8 1833492
2565.3 1833160
2565.8 1833160
2566.3 1833096
2566.8 1833048
2567.3 1833016
2567.8 1833176
2568.3 1832796
2568.8 1832908
2569.3 1833048
2569.8 1832440
2570.3 1832344
2570.8 1833256
2571.3 1833304
2571.8 1829892
2572.7 1826784
2573.6 1826784
2575.1 1826752
2576.4 1826748
2578.2 1826812
2578.8 1826812
2580.6 1826812
2581.9 1826812
2584.3 1826812
2586.2 1826780
2587.4 1826780
2587.9 1826780
2589.4 1826780
2590.6 1826780
2591.3 1826776
2591.8 1826776
2593.6 1826840
2594.1 1826808
2594.6 1830056
2595.1 1832628
2595.6 1832028
2596.1 1832512
2596.6 1832976
2597.1 1834376
2597.6 1832896
2598.1 1832272
2598.6 1832360
2599.1 1832296
2599.6 1832260
2600.1 1832624
2600.6 1832892
2601.1 1832764
2601.6 1833096
2602.1 1832968
2602.6 1833160
2603.1 1833096
2603.6 1833048
2604.1 1833256
2604.6 1833036
2605.1 1833416
2605.6 1833148
2606.1 1832864
2606.6 1833212
2607.1 1833196
2607.6 1832736
2608.1 1833148
2608.6 1833156
2609.1 1832792
2609.6 1833072
2610.1 1832868
2610.6 1832852
2611.1 1832876
2611.6 1832924
2612.1 1833176
2612.6 1833128
2613.1 1833112
2613.6 1833112
2614.1 1832812
2614.6 1832928
2615.1 1832804
2615.6 1833320
2616.1 1833148
2616.6 1832800
2617.1 1826968
2617.7 1826968
2618.2 1826968
2618.7 1827000
2619.4 1827000
2619.9 1827000
2620.5 1826992
2623.3 1826960
2624.5 1826960
2628.2 1826960
2629.0 1826960
2629.5 1826960
2630.0 1826960
2631.9 1826960
2632.6 1826960
2633.2 1826992
2633.7 1826992
2634.3 1826992
2635.3 1826992
2636.5 1826992
2637.0 1826992
2637.7 1826992
2638.2 1826992
2639.4 1826992
2639.9 1832948
2640.4 1833076
2640.9 1833488
2641.4 1833012
2641.9 1833344
2642.4 1833068
2642.9 1832752
2643.4 1833416
2643.9 1832960
2644.4 1833068
2644.9 1832820
2645.4 1833132
2645.9 1833076
2646.4 1833012
2646.9 1833204
2647.4 1833100
2647.9 1833080
2648.4 1832816
2648.9 1832752
2649.4 1832896
2649.9 1832840
2650.4 1832712
2650.9 1832904
2651.4 1832636
2651.9 1832368
2652.4 1832856
2652.9 1832932
2653.4 1833080
2653.9 1833224
2654.4 1833400
2654.9 1832696
2655.4 1832540
2655.9 1832712
2656.4 1832052
2656.9 1832556
2657.4 1832948
2657.9 1833092
2658.4 1833060
2658.9 1832760
2659.4 1832556
2659.9 1832020
2660.4 1832364
2660.9 1832888
2661.4 1833360
2661.9 1828420
2662.4 1827184
2663.2 1827184
2663.7 1827152
2664.2 1827152
2665.1 1827152
2669.0 1827144
2669.5 1827144
2671.4 1827144
2671.9 1827144
2672.4 1827144
2672.9 1827112
2673.4 1827112
2674.1 1827176
2674.6 1827176
2676.4 1827176
2676.9 1827176
2677.4 1827176
2677.9 1827176
2678.4 1827176
2679.5 1827144
2680.0 1827144
2681.4 1827144
2683.4 1827144
2684.5 1827144
2685.0 1833120
2685.5 1832648
2686.0 1833092
2686.5 1833140
2687.0 1832964
2687.5 1833124
2688.0 1833124
2688.5 1832996
2689.0 1833328
2689.5 1832948
2690.0 1832800
2690.5 1833276
2691.0 1833508
2691.5 1832892
2692.0 1833100
2692.5 1833288
2693.0 1833084
2693.5 1833272
2694.0 1832356
2694.5 1832452
2695.0 1832368
2695.5 1831940
2696.0 1832240
2696.5 1832256
2697.0 1832192
2697.5 1832696
2698.0 1832492
2698.5 1832336
2699.0 1832588
2699.5 1832492
2700.0 1832800
2700.5 1832940
2701.0 1833164
2701.5 1832592
2702.0 1833036
2702.5 1833132
2703.0 1833036
2703.5 1832816
2704.0 1833228
2704.5 1832896
2705.0 1832708
2705.5 1833008
2706.0 1832960
2706.5 1832976
2707.0 1826744
2708.8 1826744
2709.3 1826712
2711.7 1826776
2712.2 1826776
2713.9 1826776
2714.4 1826776
2716.3 1826776
2718.2 1826776
2720.0 1826744
2720.6 1826744
2724.2 1826744
2728.2 1826744
2729.5 1826744
2730.0 1832684
2730.5 1832908
2731.0 1833284
2731.5 1833080
2732.0 1832968
2732.5 1832716
2733.0 1832780
2733.5 1832716
2734.0 1833220
2734.5 1832984
2735.0 1832944
2735.5 1833056
2736.0 1832772
2736.5 1832756
2737.0 1832976
2737.5 1833056
2738.0 1832928
2738.5 1833072
2739.0 1833088
2739.5 1833024
2740.0 1832716
2740.5 1832588
2741.0 1832684
2741.5 1833064
2742.0 1832452
2742.5 1832864
2743.0 1832728
2743.5 1832836
2744.0 1832820
2744.5 1833088
2745.0 1833088
2745.5 1833072
2746.0 1833136
2746.5 1833008
2747.0 1832804
2747.5 1832960
2748.0 1833104
2748.5 1832868
2749.0 1832268
2749.5 1832832
2750.0 1832756
2750.5 1832912
2751.0 1833468
2751.5 1833324
2752.0 1827132
2753.3 1827132
2753.8 1827132
2754.3 1827132
2754.8 1827132
2758.4 1827100
2762.0 1827100
2763.8 1827100
2765.7 1827100
2770.4 1827100
2770.9 1827100
2771.4 1827132
2772.3 1827100
2772.8 1827100
2773.3 1827100
2773.8 1827100
2774.3 1827100
2774.8 1832828
2775.3 1833492
2775.8 1832968
2776.3 1833032
2776.8 1833112
2777.3 1832968
2777.8 1832412
2778.3 1832716
2778.8 1833020
2779.3 1832812
2779.8 1832584
2780.3 1832600
2780.8 1832676
2781.3 1832488
2781.8 1832188
2782.3 1832440
2782.8 1832456
2783.3 1832268
2783.8 1833136
2784.3 1832424
2784.8 1833112
2785.3 1833144
2785.8 1833300
2786.3 1833080
2786.8 1833048
2787.3 1832872
2787.8 1833140
2788.3 1833096
2788.8 1832732
2789.3 1832700
2789.8 1832740
2790.3 1833244
2790.8 1833100
2791.3 1833324
2791.8 1832960
2792.3 1833008
2792.8 1833104
2793.3 1833072
2793.8 1832520
2794.3 1832520
2794.8 1832676
2795.3 1833508
2795.8 1832980
2796.3 1832740
2796.8 1830884
2797.3 1826980
2798.7 1826980
2800.6 1826980
2801.5 1826980
2802.0 1826980
2802.5 1826980
2803.0 1826980
2803.8 1826948
2804.3 1826948
2806.1 1826948
2806.6 1826948
2807.6 1826948
2808.2 1826948
2808.7 1826948
2809.2 1827012
2809.7 1826980
2810.2 1826980
2810.7 1826980
2813.7 1826980
2814.2 1826980
2814.7 1826980
2815.6 1826980
2816.1 1826980
2816.6 1826980
2817.2 1826948
2817.8 1826948
2818.8 1826948
2819.3 1826980
2819.8 1832788
2820.3 1832820
2820.8 1832868
2821.3 1832960
2821.8 1832692
2822.3 1832832
2822.8 1832596
2823.3 1832976
2823.8 1833008
2824.3 1832848
2824.8 1832748
2825.3 1832796
2825.8 1832732
2826.3 1832556
2826.8 1832732
2827.3 1832780
2827.8 1833048
2828.3 1833192
2828.8 1833064
2829.3 1833268
2829.8 1833204
2830.3 1833204
2830.8 1833156
2831.3 1833204
2831.8 1833096
2832.3 1833048
2832.8 1833048
2833.3 1832920
2833.8 1833268
2834.3 1833124
2834.8 1833128
2835.3 1833300
2835.8 1833364
2836.3 1833220
2836.8 1833080
2837.3 1832888
2837.8 1832984
2838.3 1832920
2838.8 1833348
2839.3 1832968
2839.8 1833600
2840.3 1833172
2840.8 1833112
2841.3 1833316
2841.8 1829804
2842.3 1826904
2844.1 1826904
2847.8 1826936
2848.8 1826936
2850.4 1826936
2850.9 1826936
2851.4 1826904
2851.9 1826904
2853.7 1826904
2854.2 1826904
2856.1 1826904
2857.9 1826904
2860.2 1826904
2860.7 1826904
2861.2 1826904
2863.1 1826936
2863.6 1826936
2864.5 1826936
2865.0 1832588
2865.5 1832504
2866.0 1833432
2866.5 1833860
2867.0 1832700
2867.5 1833040
2868.0 1832772
2868.5 1833276
2869.0 1833452
2869.5 1833084
2870.0 1832504
2870.5 1832676
2871.0 1833008
2871.5 1833436
2872.0 1832928
2872.5 1833164
2873.0 1832824
2873.5 1832920
2874.0 1832728
2874.5 1832840
2875.0 1833236
2875.5 1833048
2876.0 1833172
2876.5 1833000
2877.0 1833096
2877.5 1832952
2878.0 1833600
2878.5 1833784
2879.0 1832780
2879.5 1833176
2880.0 1832812
2880.5 1833000
2881.0 1832924
2881.5 1833300
2882.0 1832888
2882.5 1833004
2883.0 1832952
2883.5 1832656
2884.0 1832828
2884.5 1832780
2885.0 1832668
2885.5 1832764
2886.0 1832812
2886.5 1832796
2887.0 1827148
2887.5 1827148
2889.4 1827148
2890.3 1827144
2890.8 1827144
2891.3 1827144
2893.2 1827176
2893.7 1827176
2897.3 1827144
2899.2 1827144
2906.5 1827144
2908.4 1827144
2908.9 1827144
2909.5 1827144
2910.0 1833028
2910.5 1832444
2911.0 1832412
2911.5 1832520
2912.0 1832352
2912.5 1832224
2913.0 1832808
2913.5 1832664
2914.0 1832624
2914.5 1832612
2915.0 1832460
2915.5 1832492
2916.0 1832488
2916.5 1832888
2917.0 1832572
2917.5 1832696
2918.0 1832568
2918.5 1832600
2919.0 1832888
2919.5 1832680
2920.0 1832736
2920.5 1832752
2921.0 1832800
2921.5 1832704
2922.0 1832880
2922.5 1832800
2923.0 1832736
2923.5 1832564
2924.0 1832264
2924.5 1832988
2925.0 1832932
2925.5 1832272
2926.0 1832128
2926.5 1832304
2927.0 1832460
2927.5 1832648
2928.0 1832856
2928.5 1832884
2929.0 1833060
2929.5 1832964
2930.0 1833032
2930.5 1832960
2931.0 1832972
2931.5 1832972
2932.0 1827008
2932.5 1827008
2939.5 1826968
2940.5 1826968
2941.0 1827032
2943.1 1827032
2943.6 1827032
2945.5 1827032
2947.3 1827032
2947.8 1827000
2948.3 1827000
2952.0 1827000
2953.8 1827000
2954.5 1827000
2955.0 1832924
2955.5 1833036
2956.0 1832972
2956.5 1832908
2957.0 1832956
2957.5 1832924
2958.0 1833036
2958.5 1833224
2959.0 1833064
2959.5 1832892
2960.0 1832932
2960.5 1832788
2961.0 1833168
2961.5 1832348
2962.0 1832304
2962.5 1832428
2963.0 1832104
2963.5 1832404
2964.0 1832784
2964.5 1832892
2965.0 1833076
2965.5 1833484
2966.0 1832632
2966.5 1832948
2967.0 1833232
2967.5 1833120
2968.0 1833012
2968.5 1832600
2969.0 1832552
2969.5 1832712
2970.0 1832672
2970.5 1832816
2971.0 1832656
2971.5 1832248
2972.0 1832168
2972.5 1832200
2973.0 1832152
2973.5 1832768
2974.0 1833320
2974.5 1832940
2975.0 1832924
2975.5 1833184
2976.0 1833404
2976.5 1832996
2977.0 1826776
2977.5 1826808
2979.9 1826808
2980.4 1826808
2983.9 1826800
2984.4 1826800
2984.9 1826800
2985.4 1826800
2986.7 1826800
2987.2 1826800
2989.1 1826768
2989.6 1826768
2991.0 1826768
2991.5 1826768
2992.0 1826800
2992.5 1826800
2994.4 1826800
2996.4 1826800
2997.3 1826800
2999.5 1826768
3000.0 1832688
