0.5 1807648
2.3 1807648
2.9 1807648
4.3 1807616
5.6 1807616
6.1 1807616
6.6 1807616
7.4 1807616
8.5 1807616
9.1 1807616
10.0 1807616
11.9 1807584
12.8 1807584
15.7 1807648
16.7 1807648
17.2 1807648
17.7 1807648
18.8 1807648
21.0 1807648
21.5 1807616
22.1 1807616
22.8 1807616
24.2 1807616
24.9 1807616
25.4 1807616
25.9 1807616
26.4 1807616
26.9 1807680
27.7 1807648
29.3 1807648
29.8 1807648
30.3 1809288
31.0 1810224
31.5 1810360
32.0 1813296
32.5 1814028
33.0 1814468
33.5 1813940
34.0 1814256
34.5 1814176
35.0 1815144
35.5 1814464
36.0 1815480
36.5 1815868
37.0 1815864
37.5 1816008
38.0 1816140
38.5 1816476
39.0 1816272
39.5 1816360
40.0 1816488
40.5 1816908
41.0 1816104
41.5 1816296
42.0 1816236
42.5 1815956
43.0 1815868
43.5 1815744
44.0 1815896
44.5 1816172
45.0 1815764
45.5 1815988
46.0 1815864
46.5 1815500
47.0 1815388
47.5 1815304
48.0 1815288
48.5 1815128
49.0 1815460
49.5 1815572
50.0 1815564
50.5 1816704
51.0 1815836
51.5 1815848
52.0 1816208
52.5 1815476
53.0 1815256
53.5 1816076
54.0 1815688
54.5 1815224
55.0 1814800
55.5 1815612
56.0 1815484
56.5 1815200
57.0 1815136
57.5 1815328
58.0 1816132
58.5 1815324
59.0 1815200
59.5 1814964
60.0 1814812
60.5 1815760
61.0 1815940
61.5 1815656
62.0 1809408
63.7 1809408
65.4 1809408
65.9 1809408
66.4 1809408
67.1 1809376
68.7 1809376
69.2 1809376
71.1 1809440
72.9 1809440
74.5 1809660
75.0 1815956
75.5 1815560
76.0 1815728
76.5 1815240
77.0 1815448
77.5 1814596
78.0 1814752
78.5 1815052
79.0 1814896
79.5 1815052
80.0 1815256
80.5 1815396
81.0 1815096
81.5 1815304
82.0 1815224
82.5 1815256
83.0 1815696
83.5 1815272
84.0 1815160
84.5 1815128
85.0 1815820
85.5 1815544
86.0 1815052
86.5 1815060
87.0 1815292
87.5 1815232
88.0 1814916
88.5 1815532
89.0 1815060
89.5 1814728
90.0 1815520
90.5 1816176
91.0 1815824
91.5 1815240
92.0 1815336
92.5 1815556
93.0 1814860
93.5 1814924
94.0 1815224
94.5 1815192
95.0 1815528
95.5 1815548
96.0 1815580
96.5 1815232
97.0 1815248
97.5 1815596
98.0 1815168
98.5 1809560
99.0 1809560
102.8 1809528
104.7 1809528
106.5 1809528
108.4 1809560
110.2 1809560
110.7 1809560
112.5 1809560
113.0 1809528
114.8 1809528
116.6 1809528
117.1 1809528
119.5 1809528
120.0 1816180
120.5 1815732
121.0 1815460
121.5 1815492
122.0 1815176
122.5 1815176
123.0 1815364
123.5 1815320
124.0 1815304
124.5 1815336
125.0 1815424
125.5 1815212
126.0 1815884
126.5 1815176
127.0 1815020
127.5 1815052
128.0 1815096
128.5 1815176
129.0 1815160
129.5 1815448
130.0 1815712
130.5 1815588
131.0 1815460
131.5 1815208
132.0 1815240
132.5 1814988
133.0 1814956
133.5 1814908
134.0 1814932
134.5 1815012
135.0 1815144
135.5 1815572
136.0 1815256
136.5 1815084
137.0 1815208
137.5 1815508
138.0 1815192
138.5 1815208
139.0 1815380
139.5 1815720
140.0 1815912
140.5 1815588
141.0 1815612
141.5 1815904
142.0 1815672
142.5 1815596
143.0 1815328
143.5 1809116
144.0 1809116
145.2 1809084
145.8 1809084
147.3 1809084
147.8 1809084
149.8 1809084
150.2 1809084
151.5 1809084
152.2 1809084
154.1 1809052
154.6 1809052
156.2 1809116
157.5 1809116
159.1 1809116
160.3 1809116
160.8 1809116
161.3 1809116
161.8 1809116
162.6 1809084
164.5 1809084
165.0 1816016
165.5 1815752
166.0 1815912
166.5 1815624
167.0 1815428
167.5 1815508
168.0 1815476
168.5 1815588
169.0 1815872
169.5 1815032
170.0 1814540
170.5 1815128
171.0 1815208
171.5 1815128
172.0 1815288
172.5 1815336
173.0 1815272
173.5 1815208
174.0 1815128
174.5 1815272
175.0 1815564
175.5 1815328
176.0 1815328
176.5 1815152
177.0 1815420
177.5 1815548
178.0 1815248
178.5 1815216
179.0 1815232
179.5 1815232
180.0 1815656
180.5 1815340
181.0 1815372
181.5 1815328
182.0 1815184
182.5 1815184
183.0 1815628
183.5 1815216
184.0 1815420
184.5 1815216
185.0 1815632
185.5 1815588
186.0 1815444
186.5 1815176
187.0 1815064
187.5 1815400
188.0 1815524
188.5 1809456
189.3 1809456
189.9 1809456
192.5 1809456
193.0 1809456
193.5 1809424
194.0 1809424
194.7 1809424
195.2 1809424
195.7 1809424
198.5 1809424
199.0 1809424
199.5 1809424
203.1 1809456
203.9 1809456
204.4 1809456
206.5 1809456
207.2 1809456
208.6 1809456
209.1 1809456
209.6 1809456
210.1 1816388
210.6 1815476
211.1 1815428
211.6 1815208
212.1 1815100
212.6 1815556
213.1 1815160
213.6 1815288
214.1 1815304
214.6 1815908
215.1 1815696
215.6 1815440
216.1 1815896
216.6 1815296
217.1 1815328
217.6 1815152
218.1 1815216
218.6 1815136
219.1 1815184
219.6 1815168
220.1 1815312
220.6 1814680
221.1 1814824
221.6 1814872
222.1 1815468
222.6 1815468
223.1 1815500
223.6 1815312
224.1 1815224
224.6 1815096
225.1 1814892
225.6 1815288
226.1 1815128
226.6 1815208
227.1 1815224
227.6 1815448
228.1 1815208
228.6 1815368
229.1 1815492
229.6 1815256
230.1 1815004
230.6 1815192
231.1 1815176
231.6 1815400
232.1 1815524
232.6 1815224
233.1 1815320
233.6 1809440
235.4 1809440
235.9 1809440
236.7 1809440
237.2 1809440
237.8 1809440
238.3 1809440
240.2 1809504
240.7 1809504
241.2 1809472
241.7 1809472
242.2 1809472
245.0 1809472
246.8 1809472
247.8 1809472
251.2 1809472
252.0 1809472
254.5 1809440
255.0 1815880
255.5 1815776
256.0 1815588
256.5 1815020
257.0 1815540
257.5 1815540
258.0 1815380
258.5 1815444
259.0 1815316
259.5 1815380
260.0 1815156
260.5 1815744
261.0 1815524
261.5 1815192
262.0 1815476
262.5 1815192
263.0 1815080
263.5 1815240
264.0 1815284
264.5 1815240
265.0 1815112
265.5 1815288
266.0 1815348
266.5 1815396
267.0 1815272
267.5 1815420
268.0 1815508
268.5 1815808
269.0 1815492
269.5 1815240
270.0 1815200
270.5 1815388
271.0 1815404
271.5 1815012
272.0 1815248
272.5 1815560
273.0 1815548
273.5 1815420
274.0 1815408
274.5 1815184
275.0 1815824
275.5 1815460
276.0 1815304
276.5 1815208
277.0 1814896
277.5 1814728
278.0 1814776
278.5 1808788
279.0 1808788
279.7 1808788
280.2 1808788
281.4 1808788
281.9 1808756
282.4 1808756
283.4 1808756
285.1 1808756
286.1 1808756
287.0 1808788
288.1 1808788
288.6 1808788
289.1 1808788
289.6 1808756
290.1 1808756
290.6 1808756
292.4 1808756
292.9 1808756
293.6 1808756
294.1 1808756
294.9 1808756
296.7 1808756
297.2 1808756
298.1 1808788
298.7 1808788
299.5 1808788
300.0 1815500
300.5 1815524
301.0 1815540
301.5 1815068
302.0 1814752
302.5 1815272
303.0 1815272
303.5 1815020
304.0 1815208
304.5 1815208
305.0 1816132
305.5 1815216
306.0 1815376
306.5 1814948
307.0 1815216
307.5 1815388
308.0 1815200
308.5 1815628
309.0 1814460
309.5 1814508
310.0 1814736
310.5 1814940
311.0 1815884
311.5 1814920
312.0 1814940
312.5 1815132
313.0 1815036
313.5 1814656
314.0 1815464
314.5 1815384
315.0 1815176
315.5 1815256
316.0 1815428
316.5 1815460
317.0 1815144
317.5 1815728
318.0 1815476
318.5 1815428
319.0 1815240
319.5 1815224
320.0 1815132
320.5 1815368
321.0 1815888
321.5 1815604
322.0 1809400
322.8 1809464
323.3 1809432
323.8 1809432
324.3 1809432
325.2 1809432
325.7 1809432
326.7 1809432
327.2 1809432
327.9 1809432
328.4 1809432
329.0 1809400
329.5 1809400
330.3 1809400
330.8 1809400
332.1 1809432
332.6 1809432
334.3 1809432
335.2 1809432
336.0 1809432
336.5 1809432
337.0 1809400
337.7 1809400
338.3 1809400
338.9 1809400
340.3 1809400
340.9 1809400
342.4 1809400
342.9 1809400
343.5 1809400
344.0 1809432
344.5 1809432
345.0 1816172
345.5 1815972
346.0 1815844
346.5 1815328
347.0 1815248
347.5 1815296
348.0 1815248
348.5 1815516
349.0 1814996
349.5 1815264
350.0 1815324
350.5 1814712
351.0 1815344
351.5 1815516
352.0 1815596
352.5 1815216
353.0 1815376
353.5 1814840
354.0 1815280
354.5 1814964
355.0 1815748
355.5 1815240
356.0 1815240
356.5 1814704
357.0 1814640
357.5 1814672
358.0 1814876
358.5 1815096
359.0 1814908
359.5 1814956
360.0 1815372
360.5 1815532
361.0 1815488
361.5 1814668
362.0 1814856
362.5 1814712
363.0 1814712
363.5 1814872
364.0 1814976
364.5 1815352
365.0 1815944
365.5 1816372
366.0 1815572
366.5 1815948
367.0 1809336
367.5 1809336
368.0 1809336
368.5 1809336
369.0 1809336
370.7 1809336
371.2 1809336
371.7 1809336
372.2 1809336
372.7 1809368
374.3 1809368
375.0 1809368
375.6 1809368
376.1 1809368
377.0 1809368
377.6 1809368
378.1 1809368
378.6 1809368
380.4 1809336
380.9 1809336
383.7 1809336
384.2 1809368
384.8 1809368
385.3 1809368
385.8 1809368
387.3 1809336
387.8 1809336
388.3 1809336
389.1 1809336
389.6 1815100
390.1 1815504
390.6 1815792
391.1 1815208
391.6 1815588
392.1 1815492
392.6 1814924
393.1 1815256
393.6 1815272
394.1 1815176
394.6 1815600
395.1 1815160
395.6 1815144
396.1 1815348
396.6 1815492
397.1 1815240
397.6 1815444
398.1 1815444
398.6 1815680
399.1 1815428
399.6 1815080
400.1 1815524
400.6 1815208
401.1 1815016
401.6 1814876
402.1 1814956
402.6 1815084
403.1 1814672
403.6 1814860
404.1 1815380
404.6 1815604
405.1 1815344
405.6 1815200
406.1 1815624
406.6 1815216
407.1 1815328
407.6 1815548
408.1 1815152
408.6 1815500
409.1 1815136
409.6 1815248
410.1 1815420
410.6 1815248
411.1 1815200
411.6 1815232
412.1 1809432
412.6 1809432
413.2 1809432
413.7 1809432
414.5 1809432
415.0 1809432
415.5 1809432
417.2 1809464
417.7 1809464
418.2 1809464
418.7 1809464
419.3 1809464
419.8 1809464
420.3 1809464
420.8 1809464
421.7 1809464
422.2 1809432
422.7 1809432
423.2 1809432
425.1 1809432
425.8 1809432
426.9 1809432
428.0 1809464
429.3 1809464
429.8 1809464
431.2 1809432
432.6 1809432
433.7 1809432
434.4 1809432
434.9 1815832
435.4 1815452
435.9 1815720
436.4 1815700
436.9 1815532
437.4 1815532
437.9 1815516
438.4 1815516
438.9 1815388
439.4 1814980
439.9 1815296
440.4 1815232
440.9 1815060
441.4 1814852
441.9 1814980
442.4 1814696
442.9 1814648
443.4 1814664
443.9 1814712
444.4 1814980
444.9 1815688
445.4 1815484
445.9 1815484
446.4 1815800
446.9 1815216
447.4 1815264
447.9 1815452
448.4 1815848
448.9 1815216
449.4 1815612
449.9 1815248
450.4 1815768
450.9 1815516
451.4 1815456
451.9 1815468
452.4 1815468
452.9 1815296
453.4 1815216
453.9 1815028
454.4 1814900
454.9 1814840
455.4 1815612
455.9 1815184
456.4 1815404
456.9 1809252
457.4 1809252
457.9 1809252
458.5 1809252
459.3 1809252
461.0 1809284
462.3 1809284
462.8 1809284
463.3 1809252
463.8 1809252
464.7 1809252
467.5 1809252
468.0 1809252
470.9 1809252
471.4 1809252
471.9 1809252
472.4 1809220
472.9 1809220
473.4 1809284
473.9 1809284
474.4 1809284
475.2 1809284
475.9 1809284
477.0 1809284
477.5 1809284
479.5 1809252
480.0 1815860
480.5 1815420
481.0 1815200
481.5 1815168
482.0 1815184
482.5 1815136
483.0 1815232
483.5 1814980
484.0 1814836
484.5 1814948
485.0 1814808
485.5 1814712
486.0 1814776
486.5 1815028
487.0 1814648
487.5 1814380
488.0 1815356
488.5 1815420
489.0 1815388
489.5 1815388
490.0 1816932
490.5 1815980
491.0 1815224
491.5 1815240
492.0 1815476
492.5 1815332
493.0 1815588
493.5 1815412
494.0 1815476
494.5 1815272
495.0 1815460
495.5 1815368
496.0 1815416
496.5 1815116
497.0 1815004
497.5 1815100
498.0 1815164
498.5 1815792
499.0 1815304
499.5 1815652
500.0 1815240
500.5 1815964
501.0 1815080
501.5 1815208
502.0 1809252
504.0 1809252
504.7 1809252
506.5 1809252
507.0 1809252
507.5 1809252
510.2 1809220
512.5 1809220
513.5 1809220
514.7 1809252
515.7 1809252
516.7 1809252
517.2 1809252
517.9 1809252
521.3 1809220
524.5 1809220
525.0 1815336
525.5 1814948
526.0 1815140
526.5 1815540
527.0 1815096
527.5 1815492
528.0 1815444
528.5 1814832
529.0 1814404
529.5 1814832
530.0 1815596
530.5 1816268
531.0 1816116
531.5 1816064
532.0 1815628
532.5 1815468
533.0 1814996
533.5 1815076
534.0 1814728
534.5 1815360
535.0 1815116
535.5 1815208
536.0 1815352
536.5 1815224
537.0 1815584
537.5 1815144
538.0 1815224
538.5 1815288
539.0 1815176
539.5 1815368
540.0 1815084
540.5 1815068
541.0 1815416
541.5 1815128
542.0 1815320
542.5 1815460
543.0 1815540
543.5 1815460
544.0 1815336
544.5 1815352
545.0 1815588
545.5 1814908
546.0 1814784
546.5 1814688
547.0 1809048
547.5 1809048
548.0 1809048
549.6 1809016
551.9 1809016
552.4 1809016
552.9 1809016
553.8 1809016
554.3 1809080
554.8 1809080
555.6 1809080
556.1 1809080
556.6 1809080
558.1 1809048
558.6 1809048
559.1 1809048
560.7 1809048
562.6 1809048
563.1 1809048
564.2 1809048
564.9 1809080
565.4 1809080
566.1 1809080
568.3 1809080
568.8 1809080
569.3 1809080
569.8 1813460
570.3 1816372
570.8 1815860
571.3 1815152
571.8 1815168
572.3 1815104
572.8 1815200
573.3 1815388
573.8 1815356
574.3 1815072
574.8 1816052
575.3 1815260
575.8 1815548
576.3 1815104
576.8 1815232
577.3 1815104
577.8 1815296
578.3 1814616
578.8 1814808
579.3 1814996
579.8 1814740
580.3 1815012
580.8 1814820
581.3 1814740
581.8 1815468
582.3 1815088
582.8 1815232
583.3 1814928
583.8 1814900
584.3 1814948
584.8 1815120
585.3 1815704
585.8 1815216
586.3 1815216
586.8 1815500
587.3 1815136
587.8 1815516
588.3 1815248
588.8 1815200
589.3 1814932
589.8 1815324
590.3 1815500
590.8 1815280
591.3 1815216
591.8 1815168
592.3 1809204
593.2 1809172
593.7 1809172
594.2 1809172
594.7 1809172
597.7 1809172
598.2 1809172
599.8 1809172
602.1 1809172
603.6 1809140
605.3 1809140
607.2 1809140
609.4 1809172
611.2 1809172
611.9 1809172
614.2 1809172
614.7 1811848
615.2 1814912
615.7 1814832
616.2 1814756
616.7 1815592
617.2 1815292
617.7 1814884
618.2 1815088
618.7 1815380
619.2 1816040
619.7 1816344
620.2 1815984
620.7 1815436
621.2 1815168
621.7 1815484
622.2 1815264
622.7 1814820
623.2 1815072
623.7 1815136
624.2 1815088
624.7 1815356
625.2 1815356
625.7 1815248
626.2 1815468
626.7 1815356
627.2 1815372
627.7 1815260
628.2 1815516
628.7 1815044
629.2 1815292
629.7 1815952
630.2 1815872
630.7 1815736
631.2 1815864
631.7 1815120
632.2 1815388
632.7 1815216
633.2 1815292
633.7 1814916
634.2 1815264
634.7 1814836
635.2 1815780
635.7 1816016
636.2 1815608
636.7 1815196
637.2 1809204
638.7 1809172
640.2 1809172
641.6 1809236
643.5 1809236
644.5 1809236
646.2 1809236
646.7 1809236
647.4 1809236
648.0 1809204
648.5 1809204
649.0 1809204
649.5 1809204
650.2 1809204
650.8 1809204
652.0 1809204
653.0 1809204
654.4 1809236
655.5 1809204
656.0 1809204
656.6 1809204
657.9 1809204
658.6 1809204
659.1 1809204
659.6 1809204
660.1 1815152
660.6 1814900
661.1 1815200
661.6 1815388
662.1 1815308
662.6 1815436
663.1 1815200
663.6 1815324
664.1 1815372
664.6 1815216
665.1 1815012
665.6 1814772
666.1 1814760
666.6 1814900
667.1 1814820
667.6 1814868
668.1 1815012
668.6 1814804
669.1 1814932
669.6 1814980
670.1 1815104
670.6 1815232
671.1 1815436
671.6 1815232
672.1 1815248
672.6 1815656
673.1 1815404
673.6 1815436
674.1 1815268
674.6 1815484
675.1 1814944
675.6 1814948
676.1 1814568
676.6 1814428
677.1 1814508
677.6 1815168
678.1 1815056
678.6 1815184
679.1 1815232
679.6 1815264
680.1 1815460
680.6 1815540
681.1 1815444
681.6 1815380
682.1 1809416
683.3 1809416
685.7 1809416
687.8 1809448
688.4 1809448
688.9 1809448
690.6 1809448
691.1 1809448
692.1 1809448
693.1 1809448
694.7 1809448
695.2 1809448
696.3 1809416
696.8 1809416
697.9 1809416
698.4 1809416
701.5 1809448
704.5 1809448
705.0 1814976
705.5 1814964
706.0 1815088
706.5 1814616
707.0 1815312
707.5 1814664
708.0 1814712
708.5 1815044
709.0 1814884
709.5 1814852
710.0 1815136
710.5 1815012
711.0 1814820
711.5 1815136
712.0 1815104
712.5 1815136
713.0 1815044
713.5 1815104
714.0 1814948
714.5 1815168
715.0 1815168
715.5 1815104
716.0 1815168
716.5 1814836
717.0 1815296
717.5 1815436
718.0 1815056
718.5 1815296
719.0 1815216
719.5 1815248
720.0 1815304
720.5 1815052
721.0 1815228
721.5 1814912
722.0 1814832
722.5 1814768
723.0 1814676
723.5 1814044
724.0 1814360
724.5 1814756
725.0 1814640
725.5 1814956
726.0 1815192
726.5 1815096
727.9 1809060
729.0 1809060
729.5 1809060
730.6 1809056
733.1 1809024
734.9 1809088
736.8 1809088
737.4 1809088
739.6 1809088
740.1 1809088
742.3 1809088
744.5 1809056
746.5 1809056
747.6 1809056
749.0 1809056
749.5 1809056
750.0 1815400
750.5 1815068
751.0 1815968
751.5 1815212
752.0 1815260
752.5 1815368
753.0 1815480
753.5 1815448
754.0 1815416
754.5 1815196
755.0 1815032
755.5 1815492
756.0 1815616
756.5 1815460
757.0 1815776
757.5 1815556
758.0 1815696
758.5 1814956
759.0 1815472
759.5 1815500
760.0 1815432
760.5 1815260
761.0 1815400
761.5 1815812
762.0 1815116
762.5 1815244
763.0 1815464
763.5 1815448
764.0 1815212
764.5 1815100
765.0 1815368
765.5 1815464
766.0 1815560
766.5 1815416
767.0 1815464
767.5 1814724
768.0 1815008
768.5 1815040
769.0 1814912
769.5 1815024
770.0 1814940
770.5 1814308
771.0 1815288
771.5 1815080
772.0 1809228
772.5 1809228
773.4 1809260
773.9 1809260
774.5 1809228
775.1 1809224
775.6 1809224
776.1 1809224
776.6 1809224
777.1 1809224
777.9 1809224
778.8 1809224
779.3 1809224
779.8 1809224
780.3 1809192
784.3 1809256
784.8 1809256
785.3 1809256
786.7 1809256
787.2 1809256
787.7 1809256
788.2 1809224
788.7 1809224
790.8 1809224
792.7 1809224
793.7 1809224
794.5 1809224
795.0 1815320
795.5 1815004
796.0 1815320
796.5 1815304
797.0 1815352
797.5 1815020
798.0 1815416
798.5 1814928
799.0 1815268
799.5 1814984
800.0 1815052
800.5 1814788
801.0 1814520
801.5 1814568
802.0 1815296
802.5 1815588
803.0 1816032
803.5 1815072
804.0 1815104
804.5 1815024
805.0 1815276
805.5 1815404
806.0 1815468
806.5 1815388
807.0 1815356
807.5 1815420
808.0 1815120
808.5 1815356
809.0 1815088
809.5 1815228
810.0 1815052
810.5 1815320
811.0 1815588
811.5 1815336
812.0 1815052
812.5 1815228
813.0 1815244
813.5 1815448
814.0 1815512
814.5 1814916
815.0 1815772
815.5 1816544
816.0 1815080
816.5 1815276
817.0 1815292
817.5 1815624
818.0 1814900
818.5 1815196
819.0 1815980
819.5 1813960
820.0 1815456
820.5 1816376
821.0 1815416
821.5 1815616
822.0 1809836
823.8 1809836
825.7 1809836
826.2 1809836
829.8 1809836
833.5 1809804
834.0 1809804
835.8 1809804
836.3 1809804
838.2 1809868
839.5 1809868
840.0 1816352
840.5 1816528
841.0 1815720
841.5 1815880
842.0 1816152
842.5 1816056
843.0 1816180
843.5 1816228
844.0 1816040
844.5 1815976
845.0 1815892
845.5 1815908
846.0 1815988
846.5 1815892
847.0 1816036
847.5 1815908
848.0 1816036
848.5 1816348
849.0 1815988
849.5 1816052
850.0 1816460
850.5 1816556
851.0 1816316
851.5 1816320
852.0 1816164
852.5 1816380
853.0 1816944
853.5 1816628
854.0 1816296
854.5 1815980
855.0 1816512
855.5 1816340
856.0 1816008
856.5 1816040
857.0 1816292
857.5 1815976
858.0 1815944
858.5 1816056
859.0 1815960
859.5 1816024
860.0 1815940
860.5 1815360
861.0 1815548
861.5 1815596
862.0 1809672
862.5 1809608
863.1 1809608
864.9 1809608
865.4 1809604
865.9 1809604
866.4 1809572
868.3 1809572
871.8 1809572
872.3 1809572
872.8 1809572
873.3 1809572
875.1 1809604
878.7 1809572
879.2 1809572
879.7 1809572
882.1 1809572
884.5 1809572
885.0 1816416
885.5 1816780
886.0 1815552
886.5 1816404
887.0 1815976
887.5 1815928
888.0 1816276
888.5 1816072
889.0 1815940
889.5 1815912
890.0 1816208
890.5 1816240
891.0 1816144
891.5 1816032
892.0 1815704
892.5 1815892
893.0 1816052
893.5 1815940
894.0 1816100
894.5 1815924
895.0 1815896
895.5 1816112
896.0 1816128
896.5 1816224
897.0 1816036
897.5 1816112
898.0 1815988
898.5 1815956
899.0 1816336
899.5 1816508
900.0 1816184
900.5 1816220
901.0 1816284
901.5 1815780
902.0 1816032
902.5 1815968
903.0 1815856
903.5 1816064
904.0 1815968
904.5 1815636
905.0 1815760
905.5 1815444
906.0 1815444
906.5 1815376
907.0 1810000
907.5 1810000
910.3 1810000
912.2 1810000
912.7 1810000
913.2 1810000
915.0 1810000
915.5 1810000
919.1 1809968
919.6 1809968
920.1 1809968
923.4 1810000
926.9 1810000
927.4 1810000
929.2 1809968
929.7 1809968
930.2 1816616
930.7 1816264
931.2 1816188
931.7 1816152
932.2 1816184
932.7 1815980
933.2 1815632
933.7 1815804
934.2 1815760
934.7 1815840
935.2 1815928
935.7 1816024
936.2 1815804
936.7 1815804
937.2 1815912
937.7 1815880
938.2 1815756
938.7 1816244
939.2 1816244
939.7 1816496
940.2 1816124
940.7 1816640
941.2 1816168
941.7 1815884
942.2 1815980
942.7 1815760
943.2 1815256
943.7 1815192
944.2 1815288
944.7 1815112
945.2 1815248
945.7 1815216
946.2 1815424
946.7 1815576
947.2 1816084
947.7 1816004
948.2 1815736
948.7 1815768
949.2 1816208
949.7 1816224
950.2 1815676
950.7 1815848
951.2 1815820
951.7 1814516
952.2 1810112
952.7 1810080
953.2 1810080
953.7 1810080
954.2 1810144
954.7 1810144
956.5 1810392
958.3 1810392
960.2 1810392
960.7 1810392
961.5 1810360
963.3 1810360
965.2 1810360
973.3 1810392
974.5 1810392
975.0 1815860
975.5 1816020
976.0 1815876
976.5 1816000
977.0 1816096
977.5 1816160
978.0 1816208
978.5 1815860
979.0 1816208
979.5 1815972
980.0 1815708
980.5 1815676
981.0 1815568
981.5 1815392
982.0 1815204
982.5 1815016
983.0 1815140
983.5 1814968
984.0 1814920
984.5 1814920
985.0 1814920
985.5 1814984
986.0 1814920
986.5 1815032
987.0 1814904
987.5 1814716
988.0 1815016
988.5 1815204
989.0 1815028
989.5 1815220
990.0 1815332
990.5 1815364
991.0 1815412
991.5 1815412
992.0 1815428
992.5 1815112
993.0 1815192
993.5 1815192
994.0 1815240
994.5 1815144
995.0 1815980
995.5 1815804
996.0 1815964
996.5 1815884
997.0 1809792
999.4 1809792
1000.0 1809792
1001.8 1809792
1003.6 1809792
1004.6 1809792
1006.3 1809824
1006.8 1809824
1008.6 1809824
1011.2 1809824
1016.6 1809824
1019.1 1809824
1019.6 1812724
1020.1 1816160
1020.6 1816348
1021.1 1815812
1021.6 1815484
1022.1 1816020
1022.6 1815860
1023.1 1816288
1023.6 1816612
1024.1 1815808
1024.6 1815668
1025.1 1816108
1025.6 1815748
1026.1 1815936
1026.6 1815460
1027.1 1815556
1027.6 1815936
1028.1 1816188
1028.6 1816332
1029.1 1816268
1029.6 1816024
1030.1 1815948
1030.6 1815948
1031.1 1815792
1031.6 1815996
1032.1 1815900
1032.6 1815680
1033.1 1815648
1033.6 1815540
1034.1 1816200
1034.6 1816036
1035.1 1816448
1035.6 1816292
1036.1 1816104
1036.6 1816560
1037.1 1816276
1037.6 1815960
1038.1 1816196
1038.6 1816196
1039.1 1816024
1039.6 1816004
1040.1 1816180
1040.6 1815912
1041.1 1815944
1041.6 1815804
1042.1 1810224
1042.6 1810224
1043.1 1810192
1044.0 1810192
1044.5 1810256
1045.9 1810252
1046.4 1810252
1047.0 1810252
1047.5 1810252
1048.9 1810252
1049.4 1810252
1049.9 1810252
1051.4 1810220
1051.9 1810220
1054.4 1810220
1054.9 1810220
1055.4 1810220
1055.9 1810220
1057.8 1810252
1058.3 1810252
1061.6 1810220
1064.5 1810220
1065.0 1815860
1065.5 1815388
1066.0 1815688
1066.5 1815720
1067.0 1815384
1067.5 1815532
1068.0 1815228
1068.5 1815136
1069.0 1815436
1069.5 1815260
1070.0 1816236
1070.5 1815792
1071.0 1816000
1071.5 1815696
1072.0 1815620
1072.5 1815620
1073.0 1815888
1073.5 1815764
1074.0 1815412
1074.5 1815968
1075.0 1816640
1075.5 1817016
1076.0 1816420
1076.5 1816152
1077.0 1816200
1077.5 1816044
1078.0 1815900
1078.5 1815884
1079.0 1815776
1079.5 1816264
1080.0 1816132
1080.5 1816388
1081.0 1815784
1081.5 1816100
1082.0 1815880
1082.5 1816244
1083.0 1815928
1083.5 1816148
1084.0 1815928
1084.5 1816276
1085.0 1815796
1085.5 1815812
1086.0 1816208
1086.5 1815168
1087.0 1809784
1087.5 1809784
1091.0 1809848
1095.3 1809848
1097.1 1809848
1099.0 1809848
1099.5 1809848
1101.3 1809816
1102.7 1809816
1104.6 1809816
1107.3 1809816
1109.2 1809816
1109.7 1809816
1110.2 1816028
1110.7 1816060
1111.2 1815980
1111.7 1815964
1112.2 1815948
1112.7 1815740
1113.2 1815884
1113.7 1815996
1114.2 1816232
1114.7 1816416
1115.2 1816180
1115.7 1816180
1116.2 1816148
1116.7 1815896
1117.2 1816180
1117.7 1815848
1118.2 1815328
1118.7 1815880
1119.2 1815880
1119.7 1815976
1120.2 1816148
1120.7 1815832
1121.2 1816432
1121.7 1816228
1122.2 1815848
1122.7 1815660
1123.2 1815848
1123.7 1815688
1124.2 1815544
1124.7 1815876
1125.2 1816068
1125.7 1816160
1126.2 1816080
1126.7 1816128
1127.2 1816144
1127.7 1815732
1128.2 1815924
1128.7 1815632
1129.2 1815380
1129.7 1815172
1130.2 1815460
1130.7 1815412
1131.2 1816388
1131.7 1816104
1132.2 1810020
1132.7 1809988
1133.2 1809988
1133.7 1809988
1134.2 1809984
1137.9 1809984
1138.4 1809984
1138.9 1809984
1139.4 1810016
1141.8 1809984
1143.7 1809984
1144.2 1809984
1147.8 1809984
1149.6 1809984
1150.1 1809984
1150.6 1809984
1151.1 1809984
1151.6 1809952
1152.1 1809952
1152.6 1809952
1153.1 1809952
1154.5 1810016
1155.0 1816088
1155.5 1816084
1156.0 1815816
1156.5 1816132
1157.0 1816148
1157.5 1815752
1158.0 1815768
1158.5 1815800
1159.0 1815816
1159.5 1816376
1160.0 1816004
1160.5 1816132
1161.0 1816180
1161.5 1815800
1162.0 1816020
1162.5 1816068
1163.0 1815816
1163.5 1816100
1164.0 1815736
1164.5 1816164
1165.0 1815968
1165.5 1815856
1166.0 1815812
1166.5 1815904
1167.0 1815604
1167.5 1815840
1168.0 1816060
1168.5 1816092
1169.0 1815996
1169.5 1816140
1170.0 1815864
1170.5 1815548
1171.0 1815896
1171.5 1815896
1172.0 1816132
1172.5 1816036
1173.0 1815800
1173.5 1815816
1174.0 1816148
1174.5 1815908
1175.0 1815620
1175.5 1815856
1176.0 1815824
1176.5 1816156
1177.0 1810128
1177.5 1810128
1178.0 1810128
1179.9 1810128
1180.4 1810120
1182.3 1810088
1185.9 1810088
1186.4 1810088
1188.1 1810088
1188.6 1810096
1189.1 1810092
1189.6 1810124
1193.0 1811236
1196.1 1814548
1196.9 1815564
1199.0 1818124
1199.5 1818376
1200.0 1818376
1200.5 1818628
1201.0 1818628
1201.5 1819096
1202.0 1821240
1202.5 1822384
1203.0 1822732
1203.5 1823380
1204.0 1823728
1204.5 1824328
1205.0 1825176
1205.5 1825996
1206.0 1826500
1206.5 1827532
1207.0 1828356
1207.5 1828988
1208.0 1829008
1208.5 1829224
1209.0 1829920
1209.5 1830444
1210.0 1831000
1210.5 1830816
1211.0 1830768
1211.5 1830976
1212.0 1832188
1212.5 1833000
1213.0 1833544
1213.5 1832784
1214.0 1827024
1214.5 1827596
1215.0 1827488
1215.5 1827988
1216.0 1829212
1216.5 1830332
1217.0 1831956
1217.5 1831820
1218.0 1832024
1218.5 1833272
1219.0 1833376
1219.5 1833428
1220.0 1830064
1220.5 1830852
1221.0 1831976
1221.5 1831676
1222.0 1832416
1222.5 1833648
1223.0 1833348
1223.5 1834048
1224.0 1833752
1224.5 1833940
1225.0 1833968
1225.5 1834196
1226.0 1834592
1226.5 1834568
1227.0 1834928
1227.5 1834920
1228.0 1834388
1228.5 1833392
1229.0 1834696
1229.5 1834720
1230.0 1834396
1230.5 1833392
1231.0 1832836
1231.5 1833696
1232.0 1833576
1232.5 1833196
1233.0 1833072
1233.5 1833032
1234.0 1832740
1234.5 1832716
1235.0 1832684
1235.5 1832412
1236.0 1832244
1236.5 1832620
1237.0 1832956
1237.5 1834492
1238.0 1834272
1238.5 1833684
1239.0 1833508
1239.5 1833428
1240.0 1833716
1240.5 1833592
1241.0 1833592
1241.5 1833520
1242.0 1833440
1242.5 1832988
1243.0 1833288
1243.5 1832848
1244.0 1833420
1244.5 1832980
1245.0 1832696
1245.5 1832864
1246.0 1833072
1246.5 1833080
1247.0 1833496
1247.5 1833188
1248.0 1833204
1248.5 1833444
1249.0 1832952
1249.5 1833468
1250.0 1833344
1250.5 1834272
1251.0 1834296
1251.5 1834088
1252.0 1833964
1252.5 1834220
1253.0 1834324
1253.5 1833148
1254.0 1833276
1254.5 1834900
1255.0 1835116
1255.5 1835764
1256.0 1836148
1256.5 1836540
1257.0 1837128
1257.5 1837260
1258.0 1838316
1258.5 1839000
1259.0 1839000
1259.5 1838832
1260.0 1838548
1260.5 1838324
1261.0 1838648
1261.5 1838956
1262.0 1839032
1262.5 1839424
1263.0 1838468
1263.5 1838012
1264.0 1837856
1264.5 1837604
1265.0 1837444
1265.5 1833600
1266.0 1833504
1266.5 1833536
1267.0 1831884
1267.5 1831980
1268.0 1831700
1268.5 1831768
1269.0 1831936
1269.5 1832640
1270.0 1832128
1270.5 1831904
1271.0 1831904
1271.5 1831040
1272.0 1832004
1272.5 1832584
1273.0 1832104
1273.5 1832000
1274.0 1831856
1274.5 1831640
1275.0 1831628
1275.5 1831724
1276.0 1831792
1276.5 1831812
1277.0 1831124
1277.5 1819956
1278.0 1819704
1278.5 1819680
1279.0 1819128
1279.5 1819196
1280.3 1819188
1280.8 1819820
1281.3 1821308
1281.8 1821092
1282.3 1820532
1282.8 1819724
1283.3 1819820
1283.8 1819788
1284.3 1819120
1284.8 1819356
1285.3 1819108
1285.8 1819492
1286.3 1819632
1286.8 1819612
1287.3 1819692
1287.8 1820240
1288.3 1821784
1288.8 1823144
1289.3 1823924
1289.8 1824324
1290.3 1824376
1290.8 1824468
1291.3 1824656
1291.8 1824836
1292.3 1825504
1292.8 1826944
1293.3 1826332
1293.8 1825868
1294.3 1826216
1294.8 1826176
1295.3 1825288
1295.8 1825832
1296.3 1826216
1296.8 1826540
1297.3 1823504
1297.8 1820336
1298.3 1819576
1298.8 1818016
1299.7 1812724
1300.2 1812724
1302.5 1812724
1303.3 1812716
1303.8 1812716
1305.0 1812684
1307.8 1812748
1309.3 1812748
1309.8 1812748
1310.3 1812748
1313.8 1812748
1315.5 1812748
1316.0 1812876
1317.0 1812684
1319.7 1812684
1322.8 1812684
1323.3 1812684
1323.8 1812684
1326.5 1812716
1327.0 1812716
1327.8 1812684
1328.3 1812684
1328.8 1812684
1329.3 1812684
1331.1 1812684
1333.2 1812684
1335.8 1812684
1337.4 1812684
1337.9 1812652
1338.4 1812652
1338.9 1812652
1340.7 1812716
1341.2 1812716
1341.7 1812716
1342.2 1812716
1342.7 1812716
1343.2 1812716
1345.0 1812684
1347.5 1812684
1348.9 1812684
1350.7 1812684
1353.5 1812684
1354.0 1812684
1354.5 1812684
1355.3 1812716
1356.7 1812684
1357.6 1812684
1358.1 1812432
1358.6 1812432
1360.1 1810920
1360.6 1810920
1361.5 1810920
1362.0 1810920
1362.5 1810920
1363.7 1810920
1364.2 1810888
1366.0 1810888
1367.7 1810952
1369.4 1810952
1371.4 1810952
1374.0 1810952
1376.3 1810920
1376.8 1810920
1377.3 1810920
1378.6 1810920
1379.1 1810920
1379.6 1810920
1381.5 1810920
1384.1 1810984
1385.8 1810952
1388.3 1810952
1389.0 1810952
1391.2 1810952
1391.8 1810952
1393.4 1810952
1395.6 1810952
1397.4 1810920
1398.5 1810920
1400.3 1810920
1403.1 1810920
1405.1 1810952
1405.6 1810952
1406.5 1810952
1408.0 1810952
1408.5 1810920
1409.4 1810920
1410.5 1810920
1411.0 1810920
1412.0 1810920
1412.9 1810920
1413.5 1810920
1414.0 1810920
1414.5 1810920
1415.0 1810920
1416.4 1810952
1417.0 1810952
1418.7 1810952
1419.9 1810952
1421.0 1810952
1424.7 1810952
1425.2 1810952
1425.8 1810952
1427.1 1810920
1429.6 1810920
1430.6 1810920
1431.2 1810920
1431.7 1810920
1432.4 1810920
1433.6 1810952
1434.7 1810920
1435.4 1810920
1435.9 1810920
1437.1 1810920
1437.9 1810920
1438.5 1810920
1439.5 1810920
1440.7 1810920
1442.2 1810920
1445.8 1810888
1446.5 1810952
1447.7 1810952
1449.5 1810952
1451.5 1810952
1452.0 1810952
1455.3 1810952
1457.0 1810920
1457.5 1810920
1460.5 1810920
1461.0 1810920
1461.5 1810920
1462.0 1810920
1464.5 1810952
1465.1 1810952
1467.3 1810920
1469.0 1810920
1471.1 1810920
1473.0 1810920
1473.9 1810920
1474.4 1810920
1476.2 1810920
1476.7 1810888
1477.2 1810888
1477.7 1810888
1480.1 1810888
1481.1 1810952
1482.9 1810952
1485.7 1810952
1486.9 1810952
1488.0 1810920
1489.8 1810920
1490.3 1810920
1491.8 1810920
1492.9 1810920
1493.4 1810920
1494.8 1810920
1495.3 1810920
1496.3 1810920
1497.4 1810952
1498.2 1810952
1499.4 1810952
1499.9 1810952
1501.7 1810952
1502.4 1810952
1503.7 1810952
1504.8 1810952
1505.3 1810952
1505.8 1810952
1506.3 1810952
1508.6 1810920
1510.9 1810952
1511.4 1810952
1513.3 1810952
1513.8 1810952
1515.1 1810920
1515.9 1810920
1516.8 1810920
1517.3 1810920
1517.8 1810920
1519.4 1810920
1523.4 1810920
1526.2 1810920
1527.5 1810952
1528.3 1810952
1529.4 1810952
1531.7 1810952
1532.4 1810952
1533.4 1810952
1534.0 1810952
1534.6 1810952
1535.1 1810920
1535.6 1810920
1536.2 1810920
1536.7 1810920
1537.2 1810920
1537.7 1810920
1538.2 1810920
1539.5 1810952
1541.7 1810952
1544.2 1810920
1544.7 1810920
1545.2 1810920
1545.7 1810920
1548.2 1810920
1549.7 1810920
1551.4 1810920
1551.9 1810920
1553.7 1810888
1554.8 1810888
1556.8 1810952
1557.3 1810952
1559.0 1810952
1560.8 1810952
1565.7 1810952
1566.5 1810920
1567.1 1810920
1568.0 1810920
1570.4 1810920
1570.9 1810920
1571.4 1810920
1571.9 1810920
1573.9 1810952
1574.4 1810952
1576.4 1810920
1577.0 1810920
1577.5 1810920
1578.0 1810920
1579.3 1810920
1581.1 1810920
1581.7 1810920
1582.3 1810920
1583.9 1810888
1584.4 1810888
1586.1 1810888
1586.6 1810888
1587.2 1810952
1590.6 1810952
1592.0 1810952
1593.6 1810920
1594.9 1810920
1595.5 1810920
1596.6 1810920
1597.1 1810920
1598.4 1810920
1599.2 1810920
1599.7 1810920
1600.2 1810920
1601.5 1810952
1602.9 1810952
1603.4 1810952
1603.9 1810952
1604.8 1810952
1605.5 1810952
1606.0 1810952
1606.5 1810952
1607.0 1810952
1607.5 1810952
1608.3 1810920
1609.1 1810920
1609.6 1810920
1610.1 1810920
1610.6 1810920
1611.1 1810952
1611.6 1810952
1613.7 1810952
1614.7 1810920
1615.2 1810920
1616.6 1810920
1617.1 1810920
1617.6 1810920
1621.5 1810920
1623.3 1810920
1625.0 1810888
1625.5 1810952
1627.0 1810952
1627.7 1810952
1629.2 1810952
1629.7 1810952
1630.2 1810952
1631.3 1810952
1632.0 1810952
1633.2 1810920
1634.2 1810920
1634.7 1810920
1636.2 1810920
1636.7 1810920
1637.2 1810920
1639.1 1810952
1641.0 1810952
1641.5 1810952
1642.8 1810920
1643.8 1810920
1644.6 1810920
1645.1 1810920
1646.9 1810920
1649.0 1810920
1649.5 1810920
1650.0 1810920
1650.5 1810888
1651.0 1810888
1651.5 1810888
1652.4 1810952
1656.3 1810952
1656.8 1810952
1658.4 1810952
1661.1 1810920
1662.4 1810920
1662.9 1810920
1663.4 1810920
1665.2 1810920
1665.7 1810920
1666.2 1810920
1666.8 1810952
1670.7 1810920
1671.7 1810920
1672.4 1810920
1672.9 1810920
1673.4 1810920
1673.9 1810920
1674.4 1810920
1676.4 1810920
1676.9 1810920
1677.4 1810888
1677.9 1810888
1678.4 1810888
1680.3 1810888
1682.3 1810952
1682.9 1810952
1685.1 1810952
1686.5 1810952
1687.0 1810920
1687.5 1810920
1689.6 1810920
1691.3 1810920
1692.5 1810920
1693.9 1810920
1694.4 1810920
1695.3 1810920
1697.0 1810952
1700.8 1810952
1701.3 1810952
1701.9 1810952
1702.6 1810952
1703.5 1810952
1704.0 1810952
1704.9 1810952
1705.8 1810952
1707.2 1810920
1707.7 1810920
1709.0 1810920
1710.4 1810920
1711.9 1810952
1712.4 1810952
1712.9 1810952
1713.6 1810952
1714.4 1810920
1715.1 1810920
1715.6 1810920
1716.1 1810920
1717.0 1810920
1718.2 1810920
1719.7 1810920
1720.2 1810920
1720.7 1810920
1721.4 1810920
1721.9 1810952
1722.4 1810952
1723.7 1810952
1724.4 1810952
1725.4 1810952
1725.9 1810952
1726.4 1810952
1726.9 1810952
1727.7 1810920
1728.2 1810920
1728.7 1810920
1730.1 1810920
1730.6 1810920
1731.1 1810920
1731.6 1810952
1733.4 1810952
1734.8 1810952
1735.3 1810952
1736.0 1810920
1736.9 1810920
1737.4 1810920
1737.9 1810920
1738.4 1810920
1739.0 1810920
1739.5 1810920
1740.7 1810920
1742.6 1810888
1743.3 1810888
1744.3 1810952
1745.8 1810952
1747.1 1810952
1747.6 1810952
1748.1 1810952
1749.5 1810952
1750.2 1810920
1750.7 1810920
1751.2 1810920
1752.0 1810920
1752.5 1810920
1753.7 1810920
1754.2 1810920
1754.7 1810920
1755.2 1810920
1755.7 1810920
1757.7 1810920
1758.2 1810920
1759.4 1810920
1759.9 1810920
1760.4 1810920
1761.0 1810920
1761.6 1810920
1762.9 1810920
1763.5 1810920
1764.0 1810888
1765.2 1810888
1765.7 1810888
1767.1 1810952
1767.9 1810952
1769.3 1810952
1769.9 1810952
1770.4 1810952
1771.0 1810920
1772.5 1810920
1777.7 1810920
1779.7 1810920
1780.2 1810920
1781.9 1810920
1783.4 1810952
1784.3 1810952
1784.8 1810952
1785.3 1810952
1786.3 1810952
1786.8 1810952
1787.3 1810952
1788.1 1810952
1789.8 1810952
1790.4 1810952
1790.9 1810920
1791.4 1810920
1792.0 1810920
1792.5 1810920
1793.2 1810952
1794.2 1810952
1794.7 1810952
1795.3 1810952
1795.8 1810952
1797.5 1810920
1798.7 1810920
1800.2 1810920
1800.9 1810920
1801.4 1810920
1804.0 1810920
1805.3 1810920
1806.2 1810888
1806.7 1810952
1807.8 1810952
1808.3 1810952
1808.8 1810952
1809.3 1810952
1809.8 1810952
1810.8 1810952
1811.3 1810952
1811.8 1810952
1812.3 1810920
1812.9 1810920
1813.8 1810920
1814.3 1810920
1815.8 1810920
1817.1 1810952
1818.1 1810952
1818.6 1810952
1819.7 1810920
1820.2 1810920
1821.4 1810920
1822.1 1810920
1822.6 1810920
1823.2 1810920
1824.7 1810920
1825.2 1810920
1826.4 1810920
1827.2 1810888
1829.1 1810888
1831.3 1810952
1831.8 1810952
1832.3 1810952
1833.0 1810952
1834.4 1810952
1835.2 1810952
1836.9 1810920
1837.8 1810920
1840.1 1810920
1840.6 1810920
1841.1 1810920
1843.2 1810920
1843.7 1810920
1844.9 1810920
1847.0 1810920
1847.5 1810920
1848.2 1810920
1848.7 1810920
1849.2 1810920
1849.7 1810920
1850.2 1810920
1851.3 1810920
1853.2 1810920
1855.0 1810888
1856.6 1810888
1857.9 1810888
1859.7 1810952
1862.3 1810952
1863.1 1810952
1864.1 1810952
1864.6 1810952
1865.1 1810920
1865.7 1810920
1866.3 1810920
1868.1 1810920
1868.6 1810920
1869.4 1810920
1871.5 1810920
1872.0 1810984
1873.6 1810952
1875.2 1810952
1875.7 1810952
1876.2 1810952
1877.3 1810952
1877.8 1810952
1881.1 1810952
1881.6 1810952
1882.1 1810920
1882.6 1810920
1883.7 1810920
1884.2 1810920
1884.7 1810920
1885.2 1810952
1885.7 1810952
1886.2 1810952
1887.3 1810952
1887.8 1810920
1889.8 1810920
1890.3 1810920
1890.8 1810920
1892.0 1810920
1892.5 1810920
1893.4 1810920
1894.6 1810920
1895.1 1810920
1895.6 1810888
1896.1 1810952
1896.6 1810952
1897.1 1810952
1898.3 1810952
1898.8 1810952
1900.2 1810952
1901.2 1810952
1901.8 1810952
1902.4 1810920
1905.9 1810920
1907.7 1810920
1908.2 1810920
1910.1 1810920
1911.8 1810952
1917.1 1810920
1919.0 1810920
1921.0 1810920
1921.5 1810920
1923.4 1810920
1923.9 1810920
1924.4 1810920
1926.3 1810920
1928.8 1810888
1929.3 1810888
1930.4 1810952
1931.4 1810952
1932.2 1810952
1933.0 1810952
1933.5 1810952
1934.0 1810952
1934.6 1810952
1935.1 1810952
1935.6 1810920
1936.4 1810920
1937.1 1810920
1937.6 1810920
1938.1 1810920
1939.6 1810920
1940.1 1810752
1940.6 1810700
1941.1 1810668
1941.6 1810668
1942.1 1810668
1943.1 1810668
1943.6 1810668
1944.1 1810668
1944.6 1810668
1945.6 1810668
1946.5 1810668
1947.1 1810668
1947.6 1810636
1948.1 1810636
1948.9 1810700
1949.5 1810700
1950.0 1810700
1950.5 1810700
1951.1 1810700
1951.6 1810700
1952.1 1810700
1952.6 1810668
1953.2 1810668
1954.1 1810668
1954.6 1810668
1955.1 1810668
1956.1 1810668
1956.6 1810668
1957.5 1810668
1958.0 1810668
1958.5 1810700
1959.0 1810700
1960.2 1810700
1960.7 1810700
1961.5 1810700
1962.0 1810700
1963.7 1810700
1964.2 1810700
1964.7 1810668
1965.2 1810668
1966.8 1810668
1967.3 1810668
1967.8 1810668
1968.3 1810668
1968.8 1810700
1969.3 1810700
1970.2 1810700
1970.7 1810668
1971.2 1810668
1971.7 1810668
1972.2 1810668
1973.7 1810668
1974.2 1810668
1974.7 1810668
1975.2 1810668
1976.2 1810668
1977.2 1810636
1978.8 1810700
1979.3 1810700
1979.8 1810700
1980.3 1810700
1980.8 1810700
1981.3 1810700
1983.0 1810700
1986.7 1810668
1988.6 1810668
1994.0 1810668
1997.6 1810668
1998.1 1810668
2000.0 1810700
2000.5 1810700
2001.0 1810668
2006.7 1810668
2008.3 1810668
2009.9 1810668
2010.8 1810668
2011.3 1810668
2012.4 1810636
2012.9 1810636
2014.4 1810700
2016.3 1810700
2017.5 1810700
2018.0 1810700
2018.5 1810700
2019.5 1810700
2020.3 1810668
2022.6 1810668
2023.1 1810668
2023.8 1810668
2025.6 1810668
2027.4 1810668
2027.9 1810668
2028.4 1810668
2028.9 1810668
2029.4 1810668
2030.8 1810668
2032.7 1810668
2033.2 1810668
2034.9 1810668
2035.4 1810668
2037.2 1810668
2037.7 1810668
2038.2 1810636
2038.7 1810636
2039.2 1810636
2040.7 1810700
2041.2 1810700
2043.1 1810700
2045.0 1810700
2050.4 1810668
2052.2 1810668
2054.0 1810668
2055.9 1810668
2056.4 1810668
2058.3 1810668
2061.9 1810668
2063.8 1810700
2066.2 1810700
2069.7 1810700
2073.3 1810700
2073.8 1810700
2075.9 1810700
2076.4 1810700
2078.3 1810668
2080.1 1810668
2080.9 1810668
2081.4 1810668
2083.3 1810700
2085.6 1810700
2087.5 1810700
2088.6 1810700
2090.6 1810668
2092.5 1810668
2093.1 1810668
2094.9 1810668
2096.7 1810668
2099.9 1810668
2100.4 1810668
2101.2 1810636
2101.7 1810700
2102.2 1810700
2102.7 1810700
2104.9 1810700
2106.2 1810700
2106.7 1810700
2108.6 1810700
2109.1 1810700
2112.8 1810668
2113.3 1810668
2113.8 1810668
2114.3 1810668
2114.8 1810668
2115.3 1810700
2115.8 1810700
2116.3 1810700
2116.8 1810668
2118.6 1810668
2119.4 1810668
2120.8 1810668
2122.3 1810668
2123.1 1810668
2123.6 1810668
2124.6 1810668
2125.8 1810668
2126.5 1810636
2127.0 1810636
2128.8 1810700
2129.8 1810700
2131.0 1810700
2131.5 1810700
2132.0 1810700
2132.9 1810700
2134.4 1810668
2136.2 1810668
2136.7 1810668
2138.6 1810668
2139.3 1810668
2140.5 1810668
2141.3 1810668
2144.5 1810700
2145.2 1810668
2145.8 1810668
2146.3 1810668
2146.8 1810668
2147.3 1810668
2147.8 1810668
2149.8 1810668
2150.3 1810668
2150.8 1810668
2153.2 1810636
2153.7 1810636
2158.4 1810700
2158.9 1810700
2159.4 1810700
2161.5 1810700
2162.0 1810700
2162.9 1810700
2163.4 1810668
2163.9 1810668
2165.7 1810668
2167.5 1810668
2168.0 1810668
2169.9 1810668
2172.6 1810668
2173.1 1810700
2174.9 1810700
2175.8 1810700
2176.4 1810700
2176.9 1810700
2177.4 1810700
2177.9 1810700
2179.7 1810700
2181.1 1810700
2185.2 1810668
2185.7 1810668
2186.4 1810668
2186.9 1810668
2189.0 1810700
2192.6 1810700
2193.1 1810700
2195.3 1810668
2197.1 1810668
2198.6 1810668
2199.1 1810668
2199.6 1810668
2200.1 1810668
2201.5 1810668
2202.0 1810668
2202.9 1810668
2205.7 1810700
2207.4 1810700
2210.3 1810700
2211.1 1810700
2213.2 1810700
2213.7 1810700
2215.5 1810700
2216.2 1810668
2216.8 1810668
2218.2 1810668
2220.8 1810668
2221.6 1810668
2222.1 1810700
2224.9 1810700
2226.1 1810700
2226.7 1810668
2227.2 1810668
2228.3 1810668
2228.9 1810668
2230.2 1810668
2230.7 1810668
2231.2 1810668
2231.7 1810668
2232.2 1810668
2234.1 1810636
2236.1 1810700
2236.6 1810700
2239.0 1810700
2239.7 1810700
2241.6 1810700
2243.6 1810700
2244.2 1810668
2244.7 1810668
2245.2 1810668
2245.9 1810668
2247.3 1810668
2248.0 1810668
2248.5 1810668
2249.5 1810668
2250.5 1810700
2251.3 1810668
2252.1 1810668
2252.6 1810668
2253.1 1810668
2255.0 1810668
2255.6 1810668
2256.4 1810668
2257.8 1810668
2258.3 1810668
2260.2 1810636
2260.7 1810636
2261.2 1810636
2261.7 1810636
2262.4 1810700
2262.9 1810700
2264.3 1810700
2264.8 1810700
2265.3 1810700
2265.8 1810700
2267.3 1810668
2267.8 1810668
2268.3 1810668
2269.3 1810668
2270.1 1810668
2270.9 1810668
2273.3 1810668
2273.9 1810668
2275.6 1810700
2276.1 1810700
2276.6 1810700
2277.6 1810700
2278.1 1810700
2280.2 1810700
2282.1 1810700
2284.0 1810668
2284.5 1810668
2285.0 1810668
2285.5 1810668
2286.1 1810668
2286.6 1810668
2288.4 1810700
2290.3 1810700
2291.5 1810700
2292.1 1810668
2292.6 1810668
2293.1 1810668
2293.6 1810668
2294.4 1810668
2294.9 1810668
2295.4 1810668
2296.7 1810668
2297.5 1810668
2298.8 1810700
2299.5 1810700
2300.4 1810700
2301.4 1810700
2303.2 1810700
2305.7 1810700
2306.2 1810700
2306.9 1810700
2309.3 1810668
2309.8 1810668
2310.3 1810668
2312.1 1810668
2313.9 1810668
2314.6 1810668
2316.2 1810700
2319.1 1810700
2319.6 1810668
2321.0 1810668
2321.5 1810668
2322.0 1810668
2322.5 1810668
2323.0 1810668
2323.5 1810668
2324.0 1810668
2325.4 1810636
2326.4 1810636
2326.9 1810636
2327.4 1810700
2327.9 1810700
2328.4 1810700
2329.4 1810700
2329.9 1810700
2330.5 1810700
2331.4 1810668
2331.9 1810668
2332.4 1810668
2332.9 1810668
2333.4 1810668
2333.9 1810668
2334.4 1810668
2336.3 1810700
2336.8 1810700
2337.3 1810668
2339.1 1810668
2339.6 1810668
2340.4 1810668
2340.9 1810668
2341.4 1810668
2341.9 1810668
2343.9 1810668
2344.4 1810668
2344.9 1810668
2345.5 1810636
2346.0 1810636
2346.8 1810700
2348.6 1810700
2349.1 1810700
2349.6 1810700
2350.1 1810700
2350.6 1810700
2352.5 1810668
2353.0 1810668
2354.0 1810668
2356.4 1810668
2358.3 1810668
2360.2 1810668
2360.7 1810668
2361.2 1810732
2363.6 1810700
2364.1 1810700
2365.3 1810700
2366.6 1810700
2367.1 1810700
2368.1 1810700
2368.6 1810700
2369.7 1810700
2370.5 1810668
2371.0 1810668
2372.3 1810668
2372.8 1810668
2373.3 1810668
2374.3 1810700
2375.1 1810700
2375.6 1810700
2376.1 1810700
2378.2 1810668
2379.5 1810668
2381.2 1810668
2382.4 1810668
2384.1 1810668
2384.6 1810668
2387.5 1810668
2388.0 1810636
2388.5 1810700
2390.5 1810700
2392.6 1810700
2393.3 1810700
2394.4 1810700
2394.9 1810700
2396.5 1810700
2397.4 1810700
2398.2 1810668
2399.6 1810668
2400.2 1810668
2400.7 1810668
2402.6 1810668
2403.1 1810700
2403.6 1810700
2404.2 1810700
2404.7 1810668
2405.8 1810668
2406.3 1810668
2406.8 1810668
2407.3 1810668
2409.1 1810668
2411.0 1810668
2411.5 1810668
2412.2 1810668
2415.1 1810636
2415.6 1810636
2416.8 1810700
2417.3 1810700
2417.8 1810700
2418.3 1810700
2418.8 1810700
2420.8 1810700
2421.8 1810668
2423.4 1810668
2423.9 1810668
2425.0 1810668
2425.5 1810668
2426.0 1810668
2427.3 1810668
2427.8 1810700
2428.3 1810700
2428.8 1810668
2429.3 1810668
2429.9 1810668
2432.6 1810668
2433.2 1810668
2433.7 1810668
2434.2 1810668
2434.9 1810668
2435.4 1810668
2435.9 1810636
2436.4 1810636
2437.4 1810636
2437.9 1810700
2438.4 1810700
2438.9 1810700
2439.4 1810700
2439.9 1810700
2440.4 1810700
2440.9 1810668
2441.4 1810668
2441.9 1810668
2442.4 1810668
2443.0 1810668
2443.5 1810668
2445.3 1810668
2445.8 1810668
2447.6 1810732
2449.4 1810700
2449.9 1810700
2451.7 1810700
2455.3 1810700
2458.9 1810700
2462.5 1810700
2463.0 1810668
2464.8 1810668
2467.2 1810668
2467.7 1810668
2469.5 1810700
2470.0 1810700
2470.5 1810700
2471.0 1810700
2471.5 1810668
2472.0 1810668
2472.5 1810668
2473.0 1810668
2473.8 1810668
2474.6 1810668
2475.8 1810668
2476.3 1810668
2476.8 1810668
2477.3 1810636
2477.8 1810700
2480.0 1810700
2480.6 1810700
2482.5 1810700
2483.7 1810700
2484.2 1810700
2486.1 1810700
2486.6 1810700
2487.1 1810668
2487.6 1810668
2488.1 1810668
2489.9 1810668
2490.4 1810668
2492.2 1810700
2495.8 1810700
2497.6 1810668
2499.4 1810668
2501.2 1810668
2501.7 1810668
2503.6 1810668
2504.8 1810668
2506.8 1810668
2508.6 1810668
2509.1 1810636
2512.7 1810700
2513.2 1810700
2515.0 1810700
2516.8 1810700
2517.3 1810700
2518.4 1810700
2520.3 1810700
2520.8 1810700
2522.6 1810668
2523.2 1810668
2524.8 1810668
2525.3 1810668
2525.8 1810668
2526.3 1810668
2529.9 1810700
2530.9 1810668
2531.4 1810668
2531.9 1810668
2535.4 1810668
2535.9 1810668
2536.4 1810668
2536.9 1810668
2537.8 1810668
2538.6 1810636
2539.1 1810636
2539.6 1810636
2540.9 1810636
2541.9 1810700
2542.8 1810700
2543.3 1810700
2543.8 1810700
2544.3 1810700
2544.8 1810700
2545.5 1810668
2546.0 1810668
2546.8 1810668
2547.3 1810668
2547.8 1810668
2548.3 1810668
2549.2 1810668
2549.7 1810668
2550.2 1810700
2551.2 1810700
2551.7 1810700
2552.2 1810700
2554.0 1810700
2554.5 1810700
2555.1 1810700
2555.6 1810700
2556.1 1810700
2557.0 1810668
2557.6 1810668
2559.5 1810668
2560.0 1810668
2561.7 1810700
2562.5 1810700
2563.0 1810700
2563.5 1810700
2564.0 1810700
2564.7 1810668
2565.2 1810668
2565.7 1810668
2566.2 1810668
2566.7 1810668
2567.2 1810668
2568.0 1810668
2569.2 1810668
2569.7 1810668
2570.2 1810636
2570.7 1810636
2573.3 1810700
2573.8 1810700
2574.4 1810700
2574.9 1810700
2575.4 1810700
2575.9 1810700
2576.4 1810700
2577.4 1810668
2577.9 1810668
2578.4 1810668
2578.9 1810668
2579.9 1810668
2580.4 1810668
2580.9 1810668
2582.2 1810700
2583.2 1810668
2583.7 1810668
2584.2 1810668
2585.2 1810668
2585.7 1810668
2586.2 1810668
2586.7 1810668
2587.5 1810668
2588.0 1810668
2588.5 1810668
2589.0 1810668
2589.8 1810636
2590.3 1810700
2590.8 1810700
2591.3 1810700
2591.8 1810700
2593.6 1810700
2594.3 1810700
2594.8 1810700
2595.3 1810668
2595.9 1810668
2596.4 1810668
2596.9 1810668
2597.4 1810668
2599.0 1810668
2600.1 1810668
2600.6 1810700
2601.2 1810668
2601.7 1810668
2604.8 1810668
2608.3 1810668
2610.6 1810668
2612.4 1810668
2612.9 1810668
2613.4 1810668
2615.2 1810636
2617.0 1810636
2618.9 1810700
2622.4 1810700
2624.3 1810700
2627.7 1810700
2628.2 1810700
2628.7 1810668
2629.2 1810668
2631.0 1810668
2631.5 1810668
2632.0 1810668
2633.9 1810668
2634.4 1810668
2634.9 1810668
2635.4 1810668
2637.2 1810700
2642.6 1810700
2646.1 1810700
2646.6 1810700
2648.5 1810700
2650.3 1810700
2654.5 1810668
2655.0 1810668
2656.8 1810668
2657.3 1810668
2659.1 1810700
2660.9 1810700
2662.7 1810700
2664.5 1810668
2665.0 1810668
2665.5 1810668
2667.4 1810668
2667.9 1810668
2669.8 1810668
2673.4 1810668
2675.2 1810668
2678.8 1810700
2680.5 1810700
2684.2 1810700
2684.7 1810700
2685.2 1810700
2685.7 1810700
2686.2 1810700
2689.7 1810668
2690.2 1810668
2691.1 1810668
2693.1 1810668
2694.9 1810668
2695.4 1810668
2699.0 1810700
2699.5 1810700
2701.4 1810668
2703.3 1810668
2703.8 1810668
2704.3 1810668
2704.8 1810668
2706.6 1810668
2707.1 1810668
2708.7 1810668
2710.6 1810636
2714.3 1810700
2714.8 1810700
2715.3 1810700
2717.5 1810700
2719.3 1810700
2721.1 1810700
2721.6 1810700
2723.5 1810668
2725.2 1810668
2727.0 1810668
2727.5 1810668
2728.0 1810668
2729.7 1810668
2730.2 1810700
2733.9 1810668
2734.4 1810668
2735.1 1810668
2736.1 1810668
2737.5 1810668
2741.1 1810668
2742.9 1810668
2746.6 1810668
2747.1 1810636
2750.7 1810636
2754.4 1810700
2756.2 1810700
2757.1 1810700
2757.6 1810700
2758.1 1810700
2758.6 1810668
2759.3 1810668
2759.8 1810668
2760.3 1810668
2760.9 1810668
2761.4 1810668
2761.9 1810668
2762.4 1810668
2762.9 1810668
2763.4 1810700
2763.9 1810700
2765.6 1810700
2766.1 1810700
2767.9 1810700
2769.7 1810700
2771.5 1810700
2772.0 1810700
2772.5 1810700
2773.0 1810668
2775.7 1810668
2777.5 1810668
2779.4 1810700
2781.2 1810700
2781.7 1810700
2783.5 1810700
2784.0 1810668
2785.9 1810668
2787.7 1810668
2788.2 1810668
2788.7 1810668
2790.7 1810668
2791.2 1810668
2791.7 1810668
2793.1 1810636
2794.6 1810700
2795.5 1810700
2796.3 1810700
2796.9 1810700
2797.4 1810700
2798.0 1810700
2798.5 1810700
2799.0 1810700
2799.9 1810668
2800.4 1810668
2800.9 1810668
2801.4 1810668
2803.0 1810668
2803.6 1810668
2804.7 1810700
2805.2 1810700
2806.0 1810700
2806.8 1810668
2807.3 1810668
2808.1 1810668
2809.4 1810668
2810.2 1810668
2810.7 1810668
2811.2 1810668
2811.7 1810668
2812.2 1810668
2812.7 1810636
2813.3 1810636
2814.3 1810700
2814.8 1810700
2815.3 1810700
2815.8 1810700
2817.9 1810700
2819.8 1810700
2820.7 1810668
2822.4 1810668
2824.7 1810668
2825.9 1810668
2827.0 1810668
2827.8 1810668
2828.3 1810668
2829.8 1810700
2831.2 1810700
2831.7 1810668
2833.5 1810668
2834.0 1810668
2834.5 1810668
2837.0 1810668
2837.5 1810668
2838.1 1810668
2838.7 1810668
2839.2 1810668
2839.9 1810636
2840.4 1810636
2840.9 1810636
2841.4 1810636
2842.5 1810700
2843.1 1810700
2843.6 1810700
2844.1 1810700
2844.6 1810668
2846.1 1810668
2846.6 1810668
2847.9 1810668
2848.9 1810668
2849.5 1810668
2850.0 1810668
2852.2 1810668
2852.9 1810700
2853.7 1810700
2854.2 1810700
2854.7 1810700
2855.9 1810700
2856.4 1810700
2858.4 1810700
2858.9 1810700
2860.3 1810700
2860.8 1810668
2861.6 1810668
2862.1 1810668
2862.6 1810668
2864.2 1810700
2864.7 1810700
2866.7 1810700
2867.2 1810700
2867.7 1810700
2868.3 1810668
2869.0 1810668
2870.8 1810668
2871.3 1810668
2871.8 1810668
2872.3 1810668
2872.8 1810668
2873.3 1810668
2874.1 1810636
2874.6 1810700
2875.5 1810700
2876.0 1810700
2876.5 1810700
2877.3 1810700
2877.8 1810700
2878.3 1810700
2878.8 1810700
2879.4 1810700
2879.9 1810668
2881.7 1810668
2882.2 1810668
2882.7 1810668
2884.4 1810668
2885.1 1810700
2885.6 1810700
2886.1 1810700
2887.0 1810700
2888.9 1810668
2889.6 1810668
2890.8 1810668
2892.7 1810668
2893.2 1810668
2893.7 1810668
2894.2 1810668
2895.1 1810668
2895.6 1810668
2896.5 1810636
2897.0 1810636
2897.5 1810700
2899.1 1810700
2900.1 1810700
2902.0 1810700
2902.8 1810700
2903.3 1810668
2903.8 1810668
2904.6 1810668
2905.1 1810668
2906.4 1810668
2906.9 1810668
2908.0 1810668
2909.2 1810668
2912.4 1810668
2912.9 1810668
2913.4 1810668
2915.7 1810668
2916.2 1810668
2917.2 1810668
2918.6 1810668
2921.8 1810668
2922.3 1810668
2922.8 1810668
2923.7 1810668
2924.3 1810636
2924.8 1810700
2925.3 1810700
2926.3 1810700
2926.8 1810700
2928.6 1810700
2930.6 1810668
2932.5 1810668
2933.0 1810668
2933.7 1810668
2934.9 1810668
2935.6 1810668
2936.9 1810668
2937.4 1810668
2938.4 1810700
2938.9 1810700
2939.4 1810700
2939.9 1810700
2942.1 1810700
2942.9 1810700
2943.4 1810700
2944.7 1810700
2947.1 1810700
2947.8 1810700
2948.3 1810668
2948.8 1810668
2949.3 1810668
2949.8 1810668
2950.3 1810700
2950.8 1810700
2951.3 1810700
2951.8 1810700
2954.3 1810668
2955.3 1810668
2955.8 1810668
2957.3 1810668
2958.1 1810668
2958.6 1810668
2959.4 1810668
2959.9 1810668
2960.4 1810668
2963.7 1810700
2965.1 1810700
2966.9 1810700
2967.4 1810700
2971.0 1810700
2971.6 1810700
2973.3 1810700
2973.8 1810700
2974.3 1810668
2975.1 1810668
2975.6 1810668
2976.3 1810668
2976.8 1810668
2978.1 1810700
2978.6 1810700
2979.1 1810668
2980.0 1810668
2980.5 1810668
2981.5 1810668
2982.0 1810668
2982.5 1810668
2984.5 1810668
2985.0 1810668
2985.6 1810668
2986.1 1810636
2986.7 1810636
2987.5 1810700
2988.7 1810700
2989.7 1810700
2990.3 1810700
2991.2 1810700
2991.7 1810700
2992.2 1810700
2993.1 1810668
2993.9 1810668
2995.7 1810668
2996.2 1810668
2996.9 1810668
2997.5 1810668
2998.0 1810668
2999.1 1810700
2999.6 1810700
3000.1 1810668
