0.5 1852876
1.0 1852876
1.5 1852876
2.0 1852876
2.5 1852844
3.0 1852844
3.5 1852844
4.0 1852844
4.5 1852844
5.0 1852844
5.5 1852844
6.1 1852844
6.6 1852844
7.1 1852844
7.6 1852844
8.1 1852876
8.6 1852876
9.1 1852876
9.6 1852876
10.2 1852876
10.7 1852876
11.2 1852876
11.7 1852876
12.2 1852844
12.7 1852844
13.2 1852844
13.7 1852844
14.2 1852844
14.7 1852876
15.2 1852876
15.7 1852876
16.2 1852876
16.7 1852844
17.3 1852844
17.8 1852844
18.3 1852844
18.8 1852844
19.3 1852844
19.8 1852844
20.3 1852844
20.8 1852844
21.3 1852844
21.8 1852844
22.3 1852876
22.8 1852876
23.3 1852876
23.8 1852876
24.3 1852876
24.8 1852876
25.3 1852876
25.8 1852844
26.3 1852844
26.8 1852844
27.3 1852844
27.8 1852844
28.3 1852844
28.9 1852844
29.4 1852844
29.9 1852876
30.4 1858424
30.9 1859484
31.4 1859804
31.9 1860828
32.4 1860464
32.9 1860212
33.4 1860592
33.9 1860356
34.4 1860528
34.9 1860212
35.4 1860236
35.9 1860536
36.4 1860676
36.9 1860580
37.4 1860580
37.9 1860628
38.4 1860976
38.9 1860992
39.4 1860756
39.9 1860628
40.4 1860304
40.9 1860528
41.4 1860796
41.9 1860764
42.4 1860572
42.9 1860668
43.4 1860272
43.9 1860824
44.4 1860780
44.9 1860844
45.4 1860856
45.9 1860332
46.4 1860696
46.9 1860396
47.4 1860476
47.9 1860552
48.4 1860664
48.9 1860300
49.4 1860648
49.9 1860584
50.4 1860628
50.9 1860676
51.4 1860596
51.9 1860504
52.4 1859840
52.9 1860300
53.4 1853900
53.9 1853900
54.4 1853900
54.9 1853868
55.4 1853868
55.9 1853928
56.4 1853928
56.9 1853928
57.4 1853928
57.9 1853928
58.4 1853928
58.9 1853896
59.4 1853896
60.0 1853896
60.5 1853896
61.0 1853896
61.5 1853896
62.0 1853896
62.5 1853896
63.0 1853896
63.5 1853896
64.0 1853928
64.5 1853928
65.0 1853928
65.5 1853928
66.0 1853928
66.5 1853928
67.0 1853928
67.5 1853928
68.0 1853928
68.5 1853928
69.0 1853896
69.5 1853896
70.0 1853896
70.5 1853896
71.0 1853928
71.6 1853928
72.1 1853928
72.6 1853928
73.1 1853896
73.6 1853896
74.1 1853896
74.6 1853896
75.1 1859956
75.6 1860176
76.1 1860144
76.6 1860224
77.1 1860320
77.6 1860240
78.1 1860428
78.6 1860776
79.1 1860712
79.6 1860712
80.1 1860616
80.6 1860744
81.1 1860664
81.6 1860428
82.1 1860712
82.6 1860616
83.1 1860568
83.6 1860804
84.1 1860932
84.6 1860728
85.1 1860848
85.6 1860424
86.1 1860312
86.6 1860832
87.1 1860612
87.6 1860644
88.1 1860392
88.6 1860788
89.1 1860676
89.6 1860596
90.1 1860640
90.6 1860388
91.1 1860356
91.6 1860168
92.1 1860608
92.6 1860608
93.1 1860704
93.6 1860388
94.1 1860420
94.6 1860072
95.1 1860432
95.6 1860432
96.1 1860480
96.6 1860684
97.1 1860904
97.6 1860888
98.1 1854696
98.6 1854696
99.1 1854696
99.6 1854696
100.1 1854688
100.6 1854688
101.1 1854688
101.6 1854688
102.1 1854720
102.7 1854720
103.2 1854720
103.7 1854720
104.2 1854720
104.7 1854720
105.2 1854720
105.7 1854720
106.2 1854688
106.7 1854688
107.2 1854688
107.7 1854688
108.2 1854688
108.8 1854688
109.2 1854720
109.8 1854720
110.2 1854720
110.8 1854720
111.3 1854688
111.8 1854688
112.3 1854688
112.8 1854688
113.3 1854688
113.8 1854688
114.4 1854688
114.9 1854688
115.4 1854688
115.9 1854688
116.4 1854656
116.9 1854720
117.4 1854720
117.9 1854720
118.4 1854720
118.9 1854720
119.4 1854720
119.9 1860700
120.4 1860524
120.9 1860304
121.4 1860068
121.9 1860416
122.4 1860864
122.9 1860580
123.4 1860976
123.9 1860628
124.4 1860724
124.9 1860588
125.4 1860052
125.9 1860432
126.4 1860732
126.9 1860588
127.4 1860848
127.9 1860880
128.4 1860692
128.9 1860944
129.4 1861148
129.9 1860636
130.4 1860524
130.9 1860460
131.4 1860540
131.9 1860888
132.4 1860620
132.9 1860572
133.4 1860960
133.9 1861064
134.4 1861072
134.9 1860420
135.4 1860356
135.9 1860468
136.4 1860372
136.9 1860496
137.4 1860716
137.9 1860276
138.4 1860640
138.9 1860624
139.4 1860484
139.9 1860920
140.4 1860888
140.9 1860524
141.4 1860540
141.9 1860620
142.4 1860620
142.9 1856564
143.4 1854956
143.9 1854924
144.4 1854924
144.9 1854924
145.4 1854916
145.9 1854916
146.4 1854916
147.0 1854916
147.6 1854916
148.1 1854916
148.6 1854916
149.1 1854948
149.6 1854948
150.3 1854948
150.8 1854948
151.3 1854948
151.8 1854948
152.3 1854948
152.8 1854948
153.3 1854948
153.8 1854948
154.4 1854916
154.9 1854916
155.5 1854916
156.0 1854916
156.5 1854916
157.0 1854916
157.5 1854948
158.2 1854948
158.7 1854948
159.2 1854916
159.7 1854916
160.2 1854916
160.7 1854916
161.2 1854916
161.7 1854916
162.2 1854916
162.7 1854916
163.2 1854884
163.7 1854884
164.2 1854948
164.7 1862060
165.2 1860684
165.7 1860904
166.2 1860652
166.7 1860968
167.2 1860572
167.7 1860588
168.2 1860888
168.7 1860952
169.2 1860668
169.7 1860548
170.2 1860520
170.7 1860708
171.2 1860880
171.7 1860676
172.2 1860896
172.7 1860960
173.2 1860456
173.7 1860564
174.2 1861068
174.7 1861064
175.2 1860608
175.7 1860844
176.2 1860656
176.7 1860608
177.2 1860544
177.7 1860512
178.2 1860956
178.7 1860684
179.2 1860544
179.7 1860588
180.2 1860620
180.7 1860840
181.2 1860540
181.7 1860652
182.2 1860320
182.7 1860384
183.2 1860432
183.7 1860416
184.2 1860368
184.7 1860616
185.2 1860708
185.7 1861012
186.2 1860568
186.7 1860536
187.2 1861120
187.7 1860664
188.2 1854468
188.7 1854468
189.2 1854468
189.7 1854468
190.2 1854468
190.9 1854464
191.4 1854464
191.9 1854432
192.4 1854432
192.9 1854432
193.4 1854432
193.9 1854432
194.4 1854432
195.0 1854432
195.5 1854464
196.0 1854464
196.5 1854432
197.1 1854432
197.6 1854432
198.1 1854432
198.6 1854432
199.1 1854432
199.6 1854432
200.1 1854432
200.6 1854432
201.1 1854432
201.6 1854400
202.1 1854400
202.6 1854464
203.1 1854464
203.6 1854464
204.1 1854464
204.6 1854464
205.1 1854464
205.6 1854464
206.1 1854464
206.6 1854432
207.1 1854432
207.7 1854432
208.2 1854432
208.7 1854432
209.2 1854432
209.7 1860708
210.2 1860092
210.7 1860108
211.2 1860776
211.7 1860712
212.2 1860588
212.7 1860508
213.2 1860684
213.7 1860620
214.2 1860636
214.7 1860816
215.2 1860596
215.7 1860516
216.2 1860896
216.7 1860676
217.2 1860976
217.7 1860896
218.2 1860500
218.7 1860612
219.2 1860740
219.7 1860488
220.2 1860364
220.7 1860504
221.2 1860408
221.7 1860520
222.2 1860600
222.7 1860916
223.2 1860996
223.7 1860772
224.2 1860740
224.7 1861232
225.2 1861872
225.7 1861012
226.2 1860884
226.7 1860664
227.2 1860616
227.7 1860600
228.2 1860520
228.7 1860520
229.2 1860600
229.7 1860384
230.2 1860736
230.7 1860512
231.2 1860624
231.7 1860324
232.2 1860356
232.7 1860780
233.2 1854888
233.7 1854856
234.2 1854856
234.7 1854856
235.2 1854856
235.7 1854848
236.2 1854848
236.7 1854848
237.2 1854848
237.7 1854912
238.2 1854912
238.7 1854880
239.2 1854880
239.7 1854880
240.2 1854880
240.7 1854880
241.2 1854880
241.7 1854880
242.2 1854880
242.7 1854880
243.2 1854880
243.7 1854848
244.2 1854848
244.7 1854848
245.2 1854848
245.7 1854880
246.2 1854880
246.7 1854880
247.2 1854880
247.7 1854848
248.2 1854848
248.7 1854844
249.2 1854844
249.7 1854844
250.2 1854844
250.7 1854844
251.2 1854844
251.7 1854844
252.2 1854844
252.7 1854876
253.2 1854876
253.7 1854876
254.2 1854876
254.7 1854876
255.2 1860728
255.7 1860460
256.2 1860208
256.7 1860208
257.2 1860368
257.7 1860256
258.2 1860636
258.7 1860744
259.2 1860668
259.7 1860112
260.2 1860392
260.7 1860204
261.2 1860332
261.7 1860900
262.2 1861244
262.7 1860900
263.2 1860772
263.7 1860568
264.2 1860788
264.7 1860644
265.2 1860772
265.7 1860552
266.2 1860408
266.7 1860600
267.2 1860852
267.7 1860064
268.2 1860412
268.7 1860220
269.2 1860408
269.7 1860064
270.2 1860272
270.7 1860632
271.2 1860824
271.7 1860712
272.2 1860776
272.7 1860776
273.2 1860636
273.7 1860856
274.2 1860652
274.7 1860776
275.2 1860928
275.7 1860928
276.2 1860612
276.7 1860500
277.2 1860564
277.7 1860768
278.2 1859428
278.7 1854732
279.2 1854764
279.7 1854764
280.2 1854764
280.7 1854756
281.2 1854724
281.7 1854724
282.2 1854724
282.7 1854724
283.2 1854724
283.7 1854724
284.2 1854724
284.7 1854724
285.2 1854724
285.7 1854724
286.4 1854724
286.9 1854756
287.4 1854756
287.9 1854756
288.4 1854756
288.9 1854756
289.4 1854756
289.9 1854756
290.4 1854756
290.9 1854756
291.4 1854756
291.9 1854724
292.4 1854724
292.9 1854724
293.4 1854724
293.9 1854756
294.4 1854756
294.9 1854756
295.4 1854756
295.9 1854724
296.4 1854724
296.9 1854724
297.4 1854724
297.9 1854724
298.4 1854724
298.9 1854724
299.5 1854724
300.0 1860856
300.5 1860604
301.0 1860524
301.5 1860508
302.0 1860668
302.5 1860492
303.0 1860540
303.5 1860712
304.0 1861392
304.5 1860856
305.0 1860948
305.5 1860600
306.0 1860644
306.5 1860708
307.0 1860992
307.5 1860400
308.0 1860432
308.5 1860576
309.0 1860608
309.5 1860416
310.0 1860760
310.5 1860948
311.0 1860808
311.5 1860872
312.0 1860460
312.5 1861076
313.0 1861060
313.5 1860380
314.0 1860600
314.5 1860760
315.0 1860868
315.5 1860424
316.0 1861088
316.5 1860884
317.0 1860804
317.5 1860308
318.0 1860576
318.5 1860652
319.0 1860764
319.5 1860480
320.0 1861316
320.5 1861768
321.0 1861652
321.5 1860800
322.0 1861068
322.5 1855240
323.0 1855208
323.5 1855208
324.0 1855208
324.5 1855208
325.0 1855208
325.5 1855208
326.0 1855204
326.5 1855204
327.0 1855268
327.5 1855236
328.0 1855236
328.5 1855236
329.0 1855236
329.5 1855236
330.0 1855236
330.5 1855236
331.0 1855236
331.5 1855236
332.0 1855236
332.5 1855236
333.0 1855204
333.5 1855204
334.0 1855204
334.5 1855204
335.1 1855236
335.6 1855236
336.1 1855236
336.6 1855236
337.1 1855204
337.6 1855204
338.1 1855204
338.6 1855204
339.1 1855204
339.6 1855204
340.1 1855204
340.6 1855204
341.1 1855204
341.6 1855236
342.1 1855236
342.6 1855236
343.1 1855236
343.6 1855236
344.1 1855236
344.6 1858968
345.1 1860756
345.6 1860756
346.1 1860884
346.6 1860536
347.1 1860520
347.6 1861056
348.1 1860708
348.6 1860788
349.1 1860724
349.6 1860576
350.1 1861032
350.6 1860748
351.1 1860732
351.6 1860748
352.1 1860984
352.6 1861144
353.1 1860764
353.6 1860528
354.1 1860464
354.6 1860212
355.1 1860516
355.6 1860420
356.1 1860532
356.6 1860308
357.1 1860704
357.6 1860720
358.1 1861336
358.6 1860376
359.1 1860864
359.6 1860432
360.1 1860844
360.6 1860732
361.1 1860920
361.6 1860604
362.1 1860780
362.6 1860780
363.1 1860636
363.6 1860576
364.1 1860968
364.6 1860728
365.1 1861004
365.6 1860908
366.1 1860704
366.6 1860544
367.1 1854440
367.6 1854504
368.1 1854504
368.6 1854504
369.2 1854504
369.7 1854504
370.2 1854504
370.7 1854504
371.2 1854496
371.7 1854464
372.2 1854464
372.7 1854464
373.2 1854464
373.7 1854464
374.2 1854464
374.7 1854496
375.2 1854496
375.7 1854464
376.2 1854464
376.8 1854464
377.3 1854464
377.8 1854464
378.3 1854464
378.8 1854464
379.3 1854464
379.8 1854464
380.3 1854464
380.8 1854432
381.3 1854432
381.8 1854432
382.3 1854432
382.8 1854496
383.3 1854496
383.8 1854496
384.3 1854496
384.8 1854496
385.3 1854464
385.8 1854464
386.3 1854464
386.8 1854464
387.3 1854464
387.8 1854464
388.3 1854464
388.8 1854464
389.3 1854464
389.8 1854496
390.3 1861100
390.8 1861264
391.3 1860760
391.8 1861092
392.3 1861044
392.8 1860836
393.3 1860600
393.8 1860620
394.3 1860208
394.8 1860284
395.3 1860448
395.8 1860732
396.3 1860652
396.8 1860508
397.3 1860796
397.8 1860812
398.3 1861096
398.8 1860780
399.3 1860860
399.8 1860732
400.3 1860772
400.8 1860740
401.3 1861024
401.8 1860588
402.3 1860520
402.8 1860740
403.3 1860628
403.8 1860472
404.3 1860772
404.8 1860504
405.3 1860604
405.8 1860604
406.3 1860780
406.8 1860780
407.3 1860748
407.8 1860764
408.3 1861032
408.8 1860792
409.3 1861048
409.8 1860796
410.3 1860756
410.8 1860676
411.3 1860408
411.8 1860912
412.3 1854868
412.8 1854868
413.4 1854868
413.9 1854836
414.4 1854836
414.9 1854836
415.4 1854836
415.9 1854836
416.4 1854860
416.9 1854860
417.4 1854860
417.9 1854860
418.4 1854828
418.9 1854828
419.4 1854828
419.9 1854828
420.4 1854828
421.0 1854828
421.5 1854828
422.0 1854828
422.5 1854828
423.0 1854796
423.5 1854860
424.0 1854860
424.5 1854860
425.0 1854860
425.5 1854860
426.0 1854860
426.5 1854860
427.0 1854860
427.5 1854860
428.1 1854828
428.6 1854828
429.1 1854828
429.6 1854828
430.1 1854828
430.6 1854828
431.1 1854860
431.6 1854860
432.1 1854828
432.6 1854828
433.1 1854828
433.6 1854828
434.2 1854828
434.7 1860596
435.2 1860732
435.7 1860952
436.2 1860840
436.7 1861880
437.2 1861824
437.7 1860724
438.2 1860520
438.7 1860708
439.2 1861200
439.7 1861136
440.2 1860820
440.7 1860976
441.2 1860836
441.7 1860944
442.2 1860804
442.7 1860740
443.2 1860548
443.7 1860540
444.2 1860888
444.7 1860744
445.2 1860872
445.7 1860728
446.2 1860632
446.7 1860932
447.2 1860868
447.7 1860648
448.2 1860552
448.7 1860584
449.2 1861216
449.7 1861308
450.2 1860716
450.7 1860368
451.2 1860876
451.7 1860764
452.2 1860732
452.7 1860732
453.2 1860764
453.7 1860796
454.2 1860652
454.7 1860820
455.2 1860268
455.7 1860300
456.2 1860708
456.7 1860912
457.2 1854896
457.7 1854896
458.2 1854896
458.7 1854896
459.2 1854896
459.7 1854896
460.2 1854856
460.7 1854856
461.2 1854920
461.7 1854920
462.2 1854920
462.7 1854920
463.2 1854920
463.7 1854920
464.2 1854920
464.7 1854920
465.2 1854888
465.8 1854888
466.3 1854888
466.8 1854888
467.3 1854888
467.8 1854888
468.3 1854920
468.8 1854920
469.3 1854920
469.8 1854888
470.3 1854888
470.8 1854888
471.3 1854888
471.8 1854888
472.3 1854888
472.8 1854888
473.4 1854888
473.9 1854888
474.4 1854856
475.0 1854856
475.5 1854856
476.0 1854856
476.5 1854920
477.0 1854920
477.5 1854920
478.0 1854920
478.5 1854920
479.0 1854920
479.5 1854888
480.0 1860652
480.5 1860604
481.0 1860572
481.5 1860652
482.0 1860556
482.5 1860524
483.0 1860508
483.5 1860588
484.0 1861376
484.5 1860932
485.0 1860888
485.5 1860700
486.0 1861204
486.5 1860764
487.0 1860936
487.5 1860540
488.0 1860888
488.5 1860700
489.0 1860824
489.5 1860776
490.0 1860820
490.5 1860896
491.0 1860548
491.5 1860904
492.0 1860540
492.5 1860524
493.0 1860556
493.5 1860572
494.0 1860844
494.5 1860572
495.0 1861268
495.5 1860412
496.0 1860888
496.5 1860936
497.0 1860588
497.5 1860020
498.0 1860004
498.5 1860512
499.0 1860480
499.5 1860508
500.0 1860472
500.5 1860884
501.0 1860852
501.5 1860948
502.0 1854640
502.5 1854608
503.0 1854672
503.5 1854672
504.0 1854672
504.5 1854672
505.1 1854668
505.6 1854668
506.1 1854668
506.6 1854668
507.1 1854636
507.6 1854636
508.1 1854636
508.6 1854636
509.1 1854636
509.6 1854636
510.1 1854636
510.6 1854668
511.1 1854668
511.6 1854668
512.2 1854636
512.7 1854636
513.2 1854636
513.7 1854636
514.2 1854636
514.7 1854636
515.2 1854636
515.7 1854636
516.2 1854636
516.7 1854604
517.2 1854604
517.7 1854604
518.2 1854604
518.7 1854668
519.2 1854668
519.7 1854668
520.2 1854668
520.7 1854668
521.2 1854636
521.7 1854636
522.2 1854636
522.7 1854636
523.2 1854636
523.7 1854636
524.2 1854636
524.7 1854636
525.2 1860612
525.7 1860944
526.2 1860612
526.7 1860880
527.2 1860832
527.7 1860800
528.2 1860628
528.7 1860676
529.2 1860456
529.7 1860312
530.2 1860336
530.7 1860400
531.2 1860336
531.7 1860764
532.2 1860968
532.7 1861308
533.2 1860888
533.7 1861488
534.2 1861156
534.7 1860728
535.2 1861116
535.7 1861136
536.2 1860580
536.7 1860328
537.2 1860424
537.7 1860676
538.2 1860660
538.7 1860692
539.2 1860660
539.7 1860660
540.2 1860588
540.7 1861812
541.2 1861436
541.7 1861204
542.2 1861176
542.7 1861416
543.2 1860392
543.7 1861092
544.2 1860720
544.7 1862296
545.2 1860960
545.7 1860660
546.2 1861040
546.7 1860692
547.2 1855068
547.7 1855068
548.2 1855068
548.8 1855068
549.3 1855068
549.8 1855068
550.3 1855028
550.8 1855028
551.3 1855028
551.8 1855028
552.3 1855028
552.8 1855060
553.3 1855060
553.8 1855060
554.4 1855060
554.9 1855060
555.5 1855060
556.0 1855060
556.5 1855028
557.1 1855028
557.6 1855028
558.1 1855028
558.6 1855028
559.1 1855028
559.6 1855028
560.1 1855028
560.6 1855060
561.1 1855060
561.6 1855060
562.1 1855060
562.6 1855060
563.1 1855060
563.6 1855060
564.2 1855060
564.7 1855028
565.2 1855028
565.7 1855028
566.2 1855028
566.7 1855028
567.2 1855028
567.7 1855060
568.2 1855060
568.7 1855060
569.2 1855060
569.7 1861640
570.2 1860580
570.7 1860420
571.2 1860392
571.7 1860372
572.2 1860792
572.7 1860968
573.2 1860840
573.7 1860792
574.2 1860620
574.7 1860580
575.2 1860452
575.7 1860580
576.2 1860548
576.7 1860564
577.2 1861164
577.7 1860864
578.2 1861132
578.7 1860880
579.2 1860752
579.7 1860840
580.2 1860588
580.7 1860540
581.2 1860524
581.7 1860524
582.2 1860824
582.7 1860744
583.2 1860652
583.7 1860684
584.2 1860840
584.7 1860500
585.2 1860832
585.7 1860536
586.2 1860944
586.7 1861084
587.2 1860816
587.7 1861084
588.2 1860816
588.7 1860912
589.2 1861116
589.7 1860716
590.2 1860796
590.7 1860828
591.2 1860876
591.7 1854736
592.5 1854704
593.0 1854704
593.5 1854704
594.0 1854704
594.5 1854704
595.0 1854736
595.5 1854732
596.0 1854732
596.5 1854732
597.0 1854700
597.5 1854700
598.0 1854700
598.5 1854700
599.0 1854700
599.5 1854700
600.0 1854700
600.5 1854700
601.0 1854700
601.5 1854700
602.1 1854668
602.6 1854732
603.1 1854732
603.6 1854732
604.1 1854732
604.6 1854732
605.1 1854732
605.6 1854732
606.1 1854732
606.6 1854732
607.1 1854700
607.6 1854700
608.1 1854700
608.6 1854700
609.1 1854700
609.6 1854700
610.1 1854700
610.7 1854732
611.2 1854700
611.7 1854700
612.2 1854700
612.7 1854700
613.2 1854700
613.7 1854700
614.3 1854700
614.8 1854700
615.3 1860676
615.8 1860720
616.3 1860296
616.8 1860628
617.3 1860880
617.8 1860896
618.3 1860800
618.8 1860784
619.3 1860676
619.8 1860660
620.3 1860528
620.8 1860716
621.3 1860292
621.8 1860480
622.3 1860608
622.8 1860592
623.3 1860732
623.8 1860388
624.3 1860496
624.8 1860812
625.3 1860660
625.8 1860520
626.3 1861088
626.8 1861104
627.3 1860916
627.8 1861020
628.3 1861156
628.8 1860792
629.3 1861460
629.8 1860760
630.3 1860824
630.8 1860776
631.3 1860872
631.8 1860840
632.3 1860744
632.8 1860696
633.3 1860632
633.8 1860888
634.3 1860712
634.8 1860888
635.3 1860412
635.8 1860408
636.3 1860316
636.8 1860020
637.3 1854568
637.8 1854568
638.3 1854568
638.8 1854568
639.3 1854568
639.8 1854600
640.3 1854600
640.8 1854592
641.3 1854592
641.8 1854592
642.3 1854592
642.8 1854592
643.3 1854592
643.8 1854592
644.3 1854592
644.8 1854560
645.4 1854560
645.9 1854560
646.4 1854560
646.9 1854560
647.4 1854560
647.9 1854592
648.4 1854592
648.9 1854560
649.4 1854560
649.9 1854560
650.4 1854560
650.9 1854560
651.4 1854560
651.9 1854560
652.4 1854560
652.9 1854560
653.4 1854560
654.0 1854528
654.5 1854592
655.0 1854592
655.5 1854592
656.0 1854592
656.6 1854592
657.1 1854592
657.6 1854592
658.1 1854592
658.6 1854560
659.1 1854560
659.6 1854560
660.1 1860716
660.6 1860812
661.1 1860684
661.6 1860796
662.1 1860968
662.6 1860748
663.1 1860512
663.6 1860908
664.1 1861048
664.6 1860812
665.1 1860840
665.6 1861124
666.1 1860792
666.6 1860524
667.1 1860840
667.6 1860456
668.1 1860472
668.6 1860948
669.1 1860720
669.6 1860736
670.1 1860728
670.6 1860744
671.1 1860792
671.6 1860556
672.1 1860744
672.6 1860524
673.1 1860856
673.6 1859848
674.1 1859768
674.6 1860036
675.1 1860200
675.6 1860200
676.1 1860248
676.6 1860436
677.1 1860816
677.6 1860500
678.1 1860280
678.6 1860388
679.1 1860720
679.6 1861004
680.1 1860700
680.6 1860732
681.1 1861128
681.6 1858508
682.1 1854888
682.6 1854888
683.1 1854888
683.6 1854888
684.1 1854888
684.6 1854888
685.1 1854888
685.6 1854884
686.1 1854884
686.6 1854884
687.1 1854916
687.6 1854916
688.1 1854916
688.6 1854916
689.2 1854916
689.7 1854916
690.2 1854916
690.7 1854884
691.2 1854884
691.8 1854884
692.3 1854884
692.8 1854884
693.3 1854884
693.8 1854884
694.3 1854916
694.8 1854916
695.3 1854916
695.8 1854884
696.3 1854884
696.8 1854884
697.3 1854884
697.8 1854884
698.3 1854884
698.8 1854884
699.3 1854884
699.8 1854884
700.3 1854884
700.8 1854852
701.3 1854852
701.8 1854916
702.3 1854916
702.8 1854916
703.4 1854916
703.9 1854916
704.4 1854916
704.9 1854884
705.4 1860808
705.9 1860540
706.4 1860808
706.9 1860824
707.4 1860684
707.9 1860620
708.4 1860556
708.9 1860508
709.4 1860444
709.9 1860572
710.4 1860456
710.9 1860268
711.4 1860332
711.9 1860472
712.4 1860408
712.9 1860680
713.4 1860632
713.9 1860552
714.4 1860520
714.9 1860648
715.4 1860560
715.9 1859956
716.4 1860104
716.9 1860024
717.4 1859992
717.9 1859628
718.4 1860132
718.9 1860324
719.4 1860324
719.9 1860072
720.4 1859884
720.9 1859864
721.4 1860088
721.9 1859944
722.4 1860104
722.9 1860520
723.4 1860316
723.9 1860220
724.4 1860364
724.9 1860536
725.4 1860308
725.9 1860244
726.4 1860244
726.9 1860324
727.4 1854368
727.9 1854368
728.4 1854368
728.9 1854336
729.4 1854336
729.9 1854336
730.4 1854336
730.9 1854332
731.4 1854332
731.9 1854332
732.4 1854332
732.9 1854332
733.4 1854332
733.9 1854332
734.4 1854364
734.9 1854364
735.4 1854364
735.9 1854364
736.4 1854364
737.0 1854364
737.5 1854364
738.0 1854364
738.5 1854332
739.1 1854332
739.6 1854332
740.1 1854332
740.6 1854332
741.1 1854332
741.6 1854332
742.1 1854364
742.6 1854332
743.2 1854332
743.7 1854332
744.2 1854332
744.7 1854332
745.2 1854332
745.7 1854332
746.2 1854332
746.7 1854332
747.2 1854332
747.7 1854332
748.2 1854300
748.7 1854364
749.2 1854364
749.7 1861032
750.2 1860564
750.7 1860500
751.2 1860420
751.7 1860372
752.2 1860468
752.7 1860484
753.2 1860564
753.7 1861032
754.2 1860964
754.7 1860756
755.2 1860204
755.7 1860528
756.2 1860480
756.7 1860388
757.2 1860528
757.7 1860544
758.2 1860860
758.7 1860632
759.2 1860908
759.7 1860472
760.2 1860488
760.7 1860000
761.2 1860048
761.7 1860536
762.2 1860408
762.7 1860376
763.2 1860376
763.7 1861196
764.2 1860900
764.7 1861116
765.2 1860324
765.7 1860372
766.2 1860640
766.7 1861036
767.2 1861100
767.7 1860844
768.2 1860752
768.7 1860624
769.2 1860956
769.7 1860552
770.2 1860792
770.7 1860568
771.2 1860236
771.7 1854892
772.2 1854892
772.7 1854892
773.2 1854892
773.7 1854892
774.2 1854892
774.7 1854892
775.2 1854884
775.7 1854884
776.2 1854852
776.7 1854852
777.2 1854852
777.7 1854852
778.2 1854852
778.7 1854852
779.2 1854884
779.7 1854884
780.2 1854884
780.7 1854884
781.2 1854852
781.7 1854852
782.2 1854852
782.7 1854852
783.2 1854852
783.7 1854852
784.2 1854852
784.7 1854852
785.2 1854820
785.7 1854820
786.3 1854884
786.8 1854884
787.3 1854884
787.8 1854884
788.3 1854884
788.8 1854884
789.3 1854884
789.8 1854884
790.3 1854852
790.8 1854852
791.3 1854852
791.8 1854852
792.4 1854852
792.9 1854852
793.4 1854884
793.9 1854884
794.4 1854884
794.9 1860484
795.4 1860808
795.9 1860744
796.4 1860428
796.9 1860208
797.4 1859576
797.9 1859908
798.4 1860036
798.9 1860240
799.4 1860176
799.9 1859680
800.4 1860248
800.9 1860060
801.4 1860184
801.9 1860580
802.4 1860760
802.9 1861124
803.4 1860728
803.9 1861076
804.4 1860808
804.9 1860736
805.4 1860844
805.9 1860500
806.4 1860612
806.9 1860468
807.4 1860956
807.9 1861320
808.4 1861044
808.9 1861144
809.4 1860688
809.9 1860696
810.4 1861056
810.9 1861140
811.4 1860900
811.9 1860852
812.4 1860840
812.9 1860616
813.4 1860840
813.9 1860572
814.4 1860460
814.9 1860328
815.4 1861120
815.9 1860300
816.4 1860552
817.0 1854424
817.5 1854424
818.0 1854424
818.5 1854392
819.0 1854392
819.5 1854392
820.0 1854392
820.5 1854388
821.0 1854388
821.5 1854388
822.0 1854388
822.5 1854388
823.0 1854388
823.5 1854420
824.0 1854420
824.5 1854420
825.0 1854420
825.5 1854420
826.0 1854420
826.5 1854420
827.0 1854420
827.5 1854388
828.0 1854388
828.5 1854388
829.0 1854388
829.5 1854388
830.0 1854388
830.5 1854420
831.0 1854420
831.5 1854420
832.0 1854420
832.6 1854388
833.3 1854388
833.8 1854388
834.3 1854388
834.8 1854388
835.3 1854388
835.8 1854388
836.3 1854388
836.8 1854388
837.3 1854388
837.8 1854420
838.3 1854420
838.8 1854420
839.4 1854420
839.9 1854420
840.4 1860744
840.9 1860728
841.4 1860316
841.9 1860632
842.4 1860680
842.9 1860980
843.4 1860584
843.9 1860856
844.4 1860728
844.9 1860412
845.4 1860660
845.9 1860644
846.4 1860708
846.9 1860548
847.4 1860772
847.9 1860740
848.4 1860976
848.9 1860392
849.4 1860692
849.9 1860676
850.4 1860404
850.9 1860024
851.4 1860264
851.9 1860136
852.4 1860184
852.9 1860420
853.4 1860544
853.9 1860576
854.4 1860876
854.9 1860672
855.4 1860584
855.9 1860804
856.4 1860568
856.9 1860696
857.4 1860192
857.9 1860080
858.4 1860176
858.9 1860208
859.4 1860128
859.9 1860048
860.4 1860756
860.9 1860156
861.4 1860408
861.9 1861008
862.4 1854460
862.9 1854460
863.4 1854492
863.9 1854492
864.4 1854492
864.9 1854492
865.4 1854456
865.9 1854456
866.4 1854456
866.9 1854456
867.4 1854456
867.9 1854456
868.5 1854456
869.0 1854456
869.5 1854456
870.0 1854456
870.6 1854424
871.1 1854488
871.7 1854488
872.2 1854488
872.7 1854488
873.2 1854488
873.7 1854488
874.2 1854488
874.7 1854488
875.2 1854488
875.8 1854456
876.3 1854456
876.8 1854456
877.3 1854456
877.8 1854456
878.3 1854488
878.8 1854488
879.3 1854488
879.8 1854488
880.5 1854456
881.0 1854456
881.5 1854456
882.0 1854456
882.5 1854456
883.0 1854456
883.5 1854456
884.0 1854456
884.5 1854456
885.0 1860688
885.5 1860704
886.0 1860720
886.5 1860560
887.0 1860592
887.5 1860988
888.0 1860420
888.5 1860420
889.0 1860404
889.5 1859988
890.0 1859944
890.5 1859848
891.0 1860052
891.5 1860052
892.0 1860084
892.5 1860228
893.0 1860228
893.5 1859736
894.0 1860400
894.5 1860748
895.0 1860816
895.5 1860896
896.0 1860912
896.5 1860848
897.0 1860548
897.5 1860800
898.0 1860692
898.5 1860972
899.0 1861228
899.5 1860864
900.0 1860700
900.5 1860392
901.0 1860596
901.5 1861492
902.0 1861256
902.5 1860864
903.0 1860612
903.5 1860740
904.0 1860832
904.5 1860676
905.0 1860576
905.5 1861004
906.0 1861176
906.5 1860888
907.0 1854780
907.5 1854780
908.0 1854780
908.5 1854780
909.0 1854780
909.5 1854812
910.0 1854812
910.5 1854808
911.1 1854808
911.6 1854808
912.1 1854808
912.6 1854808
913.1 1854808
913.6 1854776
914.2 1854776
914.7 1854776
915.2 1854776
915.7 1854776
916.2 1854776
916.7 1854808
917.2 1854808
917.7 1854808
918.2 1854808
918.7 1854776
919.2 1854776
919.7 1854776
920.2 1854776
920.7 1854776
921.2 1854776
921.7 1854776
922.2 1854776
922.7 1854776
923.2 1854776
923.7 1854808
924.2 1854808
924.7 1854808
925.2 1854808
925.7 1854808
926.2 1854808
926.7 1854808
927.2 1854808
927.7 1854776
928.2 1854776
928.7 1854776
929.2 1854776
929.7 1854776
930.2 1860588
930.7 1860764
931.2 1860748
931.7 1860044
932.2 1860076
932.7 1860092
933.2 1860452
933.7 1860864
934.2 1860644
934.7 1860864
935.2 1860408
935.7 1860220
936.2 1860472
936.7 1860708
937.2 1860784
937.7 1860864
938.2 1860976
938.7 1860788
939.2 1860896
939.7 1860848
940.2 1860876
940.7 1860356
941.2 1860484
941.7 1860576
942.2 1860624
942.7 1860324
943.2 1860704
943.7 1860512
944.2 1860608
944.7 1860860
945.2 1860620
945.7 1861204
946.2 1861032
946.7 1860952
947.2 1860596
947.7 1861004
948.2 1860552
948.7 1860596
949.2 1860740
949.7 1860864
950.2 1860924
950.7 1861144
951.2 1860060
951.7 1860720
952.2 1854808
952.7 1854808
953.2 1854808
953.7 1854808
954.2 1854808
954.7 1854808
955.2 1854808
955.7 1854808
956.2 1854808
956.7 1854840
957.2 1854840
957.7 1854840
958.3 1854840
958.8 1854840
959.3 1854840
959.8 1854840
960.3 1854840
960.8 1854840
961.3 1854840
961.8 1854808
962.3 1854808
962.8 1854808
963.3 1854808
963.8 1854840
964.3 1854840
964.8 1854840
965.3 1854840
965.8 1854808
966.3 1854808
966.8 1854808
967.3 1854808
967.8 1854808
968.3 1854808
968.8 1854808
969.3 1854808
969.8 1854808
970.3 1854808
970.8 1854840
971.3 1854840
971.8 1854840
972.3 1854840
972.9 1854840
973.4 1854840
974.0 1854840
974.5 1854840
975.0 1854840
975.5 1860916
976.0 1860884
976.5 1860584
977.0 1860744
977.5 1860428
978.0 1860304
978.5 1860316
979.0 1859984
979.5 1860272
980.0 1860664
980.5 1860760
981.0 1860964
981.5 1860408
982.0 1860852
982.5 1860488
983.0 1860428
983.5 1860648
984.0 1860868
984.5 1860772
985.0 1861136
985.5 1860944
986.0 1860676
986.5 1860944
987.0 1860504
987.5 1860376
988.0 1860612
988.5 1860628
989.0 1860756
989.5 1860628
990.0 1861384
990.5 1861836
991.0 1861524
991.5 1861672
992.0 1861320
992.5 1861148
993.0 1861040
993.5 1861048
994.0 1861088
994.5 1860424
995.0 1860472
995.5 1861560
996.0 1861092
996.5 1860820
997.0 1860664
997.5 1854580
998.0 1854580
998.5 1854580
999.1 1854548
999.6 1854548
1000.2 1854548
1000.7 1854548
1001.2 1854548
1001.7 1854548
1002.2 1854548
1002.7 1854580
1003.2 1854580
1003.7 1854548
1004.2 1854548
1004.7 1854548
1005.2 1854548
1005.7 1854548
1006.2 1854548
1006.7 1854548
1007.4 1854548
1007.9 1854548
1008.4 1854548
1009.0 1854516
1009.5 1854516
1010.0 1854516
1010.5 1854516
1011.1 1854580
1011.6 1854580
1012.1 1854580
1012.8 1854580
1013.3 1854580
1013.8 1854548
1014.3 1854548
1014.8 1854548
1015.3 1854548
1015.8 1854548
1016.3 1854548
1016.8 1854548
1017.3 1854548
1017.8 1854612
1018.3 1854580
1018.8 1854580
1019.3 1854580
1019.8 1858248
1020.3 1860512
1020.8 1860828
1021.3 1860748
1021.8 1860544
1022.3 1860544
1022.8 1860924
1023.3 1860844
1023.8 1860716
1024.3 1860544
1024.8 1860332
1025.3 1860900
1025.8 1860740
1026.3 1860964
1026.8 1860348
1027.3 1860884
1027.8 1860916
1028.3 1860884
1028.8 1860632
1029.3 1860756
1029.8 1860816
1030.3 1860864
1030.8 1860832
1031.3 1860632
1031.8 1860792
1032.3 1860968
1032.8 1860936
1033.3 1860808
1033.8 1860888
1034.3 1860888
1034.8 1860852
1035.3 1860412
1035.8 1860048
1036.3 1860524
1036.8 1860632
1037.3 1860836
1037.8 1860676
1038.3 1860916
1038.8 1860788
1039.3 1860172
1039.8 1860396
1040.3 1860628
1040.8 1861452
1041.3 1860852
1041.8 1860568
1042.3 1854452
1042.8 1854452
1043.3 1854452
1043.8 1854452
1044.3 1854452
1044.9 1854452
1045.4 1854452
1046.0 1854452
1046.5 1854452
1047.0 1854452
1047.5 1854420
1048.0 1854420
1048.5 1854484
1049.1 1854484
1049.6 1854484
1050.1 1854484
1050.6 1854484
1051.1 1854484
1051.7 1854484
1052.2 1854452
1052.7 1854452
1053.2 1854452
1053.7 1854452
1054.2 1854452
1054.7 1854452
1055.2 1854452
1055.7 1854452
1056.2 1854484
1056.7 1854484
1057.2 1854484
1057.7 1854484
1058.2 1854484
1058.7 1854484
1059.2 1854484
1059.7 1854484
1060.2 1854484
1060.7 1854484
1061.2 1854452
1061.7 1854452
1062.2 1854452
1062.7 1854452
1063.3 1854484
1063.8 1854484
1064.3 1854484
1064.8 1860248
1065.3 1860132
1065.8 1860652
1066.3 1861096
1066.8 1860780
1067.3 1860592
1067.8 1860544
1068.3 1860796
1068.8 1860828
1069.3 1860576
1069.8 1860640
1070.3 1860340
1070.8 1860372
1071.3 1860292
1071.8 1860528
1072.3 1860592
1072.8 1861192
1073.3 1861200
1073.8 1860964
1074.3 1861072
1074.8 1861024
1075.3 1860804
1075.8 1860852
1076.3 1860916
1076.8 1860616
1077.3 1860868
1077.8 1860884
1078.3 1860820
1078.8 1860980
1079.3 1861168
1079.8 1860900
1080.3 1860552
1080.8 1860664
1081.3 1860440
1081.8 1860584
1082.3 1860600
1082.8 1860396
1083.3 1860568
1083.8 1860804
1084.3 1860296
1084.8 1862300
1085.3 1862104
1085.8 1861640
1086.3 1860916
1086.8 1854960
1087.3 1854960
1087.8 1854960
1088.4 1854960
1088.9 1854960
1089.4 1854960
1089.9 1854960
1090.4 1854928
1090.9 1854928
1091.4 1854928
1091.9 1854928
1092.4 1854928
1092.9 1854928
1093.4 1854928
1093.9 1854992
1094.4 1854960
1094.9 1854960
1095.4 1854960
1095.9 1854960
1096.4 1854960
1096.9 1854960
1097.4 1854960
1097.9 1854960
1098.4 1854960
1098.9 1854960
1099.4 1854928
1099.9 1854928
1100.4 1854928
1101.0 1854928
1101.5 1854928
1102.0 1854960
1102.5 1854960
1103.0 1854960
1103.5 1854960
1104.0 1854960
1104.5 1854928
1105.0 1854928
1105.5 1854928
1106.0 1854928
1106.5 1854928
1107.0 1854928
1107.5 1854928
1108.0 1854928
1108.5 1854896
1109.0 1854960
1109.5 1854960
1110.0 1861080
1110.5 1860656
1111.0 1860688
1111.5 1860812
1112.0 1860748
1112.5 1860844
1113.0 1860656
1113.5 1861356
1114.0 1860796
1114.5 1860544
1115.0 1860608
1115.5 1860640
1116.0 1860688
1116.5 1860844
1117.0 1860812
1117.5 1860624
1118.0 1860276
1118.5 1860812
1119.0 1860576
1119.5 1860736
1120.0 1860860
1120.5 1860420
1121.0 1860104
1121.5 1860040
1122.0 1859868
1122.5 1859820
1123.0 1860388
1123.5 1860560
1124.0 1860560
1124.5 1860528
1125.0 1860104
1125.5 1860468
1126.0 1860468
1126.5 1860624
1127.0 1860796
1127.5 1860624
1128.0 1860624
1128.5 1860796
1129.0 1860812
1129.5 1860560
1130.0 1860732
1130.5 1860848
1131.0 1860924
1131.5 1860576
1132.0 1855016
1132.5 1855016
1133.0 1855016
1133.5 1855016
1134.0 1855016
1134.5 1855016
1135.0 1855016
1135.5 1855016
1136.0 1855016
1136.5 1855048
1137.0 1855048
1137.5 1855048
1138.0 1855048
1138.5 1855048
1139.0 1855048
1139.5 1855048
1140.0 1855048
1140.5 1855048
1141.0 1855048
1141.5 1855016
1142.0 1855016
1142.5 1855016
1143.0 1855016
1143.5 1855016
1144.0 1855016
1144.5 1855048
1145.0 1855048
1145.5 1855048
1146.0 1855048
1146.6 1855016
1147.1 1855016
1147.6 1855016
1148.1 1855016
1148.6 1855016
1149.1 1855016
1149.6 1855016
1150.1 1855016
1150.6 1854984
1151.1 1854984
1151.6 1855048
1152.1 1855048
1152.6 1855048
1153.1 1855048
1153.6 1855048
1154.1 1855048
1154.6 1855048
1155.1 1860608
1155.6 1860848
1156.1 1860640
1156.6 1860576
1157.1 1860608
1157.6 1860576
1158.1 1860576
1158.6 1860656
1159.1 1860624
1159.6 1860688
1160.1 1860892
1160.6 1860576
1161.1 1860544
1161.6 1860892
1162.1 1860940
1162.6 1860988
1163.1 1860956
1163.6 1860860
1164.1 1861192
1164.6 1861712
1165.1 1861832
1165.6 1860940
1166.1 1860844
1166.6 1860908
1167.1 1860656
1167.6 1860956
1168.1 1860700
1168.6 1860372
1169.1 1860800
1169.6 1860752
1170.1 1860768
1170.6 1860656
1171.1 1861128
1171.6 1860956
1172.1 1860932
1172.6 1860648
1173.1 1860728
1173.6 1860144
1174.1 1860152
1174.6 1860672
1175.1 1860640
1175.6 1860656
1176.1 1860688
1176.6 1859900
1177.1 1855008
1177.6 1855008
1178.2 1855008
1178.7 1855040
1179.2 1855008
1179.7 1855008
1180.2 1855008
1180.7 1855008
1181.2 1855008
1181.7 1855008
1182.2 1855008
1182.7 1855008
1183.2 1855008
1183.7 1855008
1184.2 1855008
1184.7 1854976
1185.2 1855040
1185.7 1855040
1186.3 1855040
1186.8 1855040
1187.3 1855040
1187.8 1855040
1188.3 1855040
1188.8 1855008
1189.3 1855008
1189.8 1855008
1190.3 1855008
1190.8 1855008
1191.3 1855008
1191.8 1855008
1192.3 1855008
1192.8 1855072
1193.3 1855040
1193.8 1855040
1194.3 1855040
1194.8 1855040
1195.3 1855040
1195.8 1855040
1196.3 1855040
1196.8 1855040
1197.3 1855040
1197.8 1855040
1198.3 1855040
1198.8 1855008
1199.3 1855008
1199.8 1855008
1200.3 1860696
1200.8 1860868
1201.3 1860772
1201.8 1860648
1202.3 1860504
1202.8 1860632
1203.3 1860648
1203.8 1860664
1204.3 1860472
1204.8 1860568
1205.3 1860176
1205.8 1860064
1206.3 1860784
1206.8 1860244
1207.3 1859812
1207.8 1861480
1208.3 1861808
1208.8 1862228
1209.3 1862024
1209.8 1861684
1210.3 1861600
1210.8 1861140
1211.3 1861320
1211.8 1861320
1212.3 1861288
1212.8 1861412
1213.3 1861160
1213.8 1861508
1214.3 1861052
1214.8 1861572
1215.3 1860964
1215.8 1861232
1216.3 1861232
1216.8 1861532
1217.3 1861232
1217.8 1861404
1218.3 1861312
1218.8 1861312
1219.3 1861264
1219.8 1861404
1220.3 1861328
1220.8 1861172
1221.3 1861344
1221.8 1860852
1222.3 1860980
1222.8 1861044
1223.3 1861168
1223.8 1861012
1224.3 1861296
1224.8 1860728
1225.3 1860280
1225.8 1860788
1226.3 1856128
1226.8 1855084
1227.3 1855084
1227.8 1855084
1228.3 1855084
1228.8 1855052
1229.3 1855052
1230.0 1855052
1230.5 1855048
1231.0 1855048
1231.5 1855048
1232.0 1855048
1232.5 1855080
1233.1 1855080
1233.6 1855080
1234.1 1855080
1234.6 1855048
1235.1 1855048
1235.6 1855048
1236.1 1855048
1236.6 1855048
1237.1 1855048
1237.6 1855048
1238.1 1855048
1238.6 1855048
1239.1 1855080
1239.7 1855080
1240.2 1855080
1240.7 1855080
1241.3 1855080
1241.8 1855080
1242.3 1855080
1242.8 1855176
1243.3 1855208
1243.8 1855080
1244.3 1855048
1244.8 1861448
1245.3 1861072
1245.8 1861244
1246.3 1861196
1246.8 1861244
1247.3 1861024
1247.8 1861224
1248.3 1861136
1248.8 1860784
1249.3 1860956
1249.8 1860656
1250.3 1861336
1250.8 1861192
1251.3 1861208
1251.8 1861352
1252.3 1861540
1252.8 1861652
1253.3 1861320
1253.8 1861248
1254.3 1861436
1254.8 1861484
1255.3 1861564
1255.8 1861436
1256.3 1861264
1256.8 1861180
1257.3 1861372
1257.8 1860900
1258.3 1861580
1258.8 1861108
1259.3 1861388
1259.8 1861500
1260.3 1861168
1260.8 1860884
1261.3 1860744
1261.8 1860744
1262.3 1860728
1262.8 1860444
1263.3 1860524
1263.8 1860344
1264.3 1859916
1264.8 1859932
1265.3 1860740
1265.8 1860720
1266.3 1860340
1266.8 1860644
1267.3 1860956
1267.8 1861208
1268.3 1855380
1268.8 1855380
1269.3 1855380
1269.8 1855344
1270.3 1855344
1270.8 1855344
1271.3 1855344
1272.1 1855344
1272.6 1855344
1273.1 1855344
1273.6 1855344
1274.1 1855344
1274.6 1855312
1275.1 1855312
1275.8 1855312
1276.3 1855312
1276.8 1855376
1277.3 1855376
1277.9 1855376
1278.4 1855376
1278.9 1855376
1279.4 1855376
1279.9 1855344
1280.4 1855344
1280.9 1855344
1281.4 1855344
1281.9 1855344
1282.4 1855344
1282.9 1855344
1283.4 1855344
1284.0 1855376
1284.5 1855344
1285.0 1855344
1285.5 1855344
1286.0 1855344
1286.5 1855344
1287.0 1855344
1287.5 1855344
1288.1 1855344
1288.6 1855344
1289.1 1855312
1289.6 1855312
1290.1 1861324
1290.6 1861252
1291.1 1861440
1291.6 1861472
1292.1 1861440
1292.6 1861172
1293.1 1860984
1293.6 1860840
1294.1 1861156
1294.6 1861188
1295.1 1861212
1295.6 1861164
1296.1 1861480
1296.6 1860848
1297.1 1860376
1297.6 1860140
1298.1 1860092
1298.6 1860156
1299.1 1860312
1299.6 1860484
1300.1 1860968
1300.6 1860820
1301.1 1860916
1301.6 1860996
1302.1 1861028
1302.6 1861180
1303.1 1861184
1303.6 1861152
1304.1 1861120
1304.6 1861152
1305.1 1861068
1305.6 1860800
1306.1 1861512
1306.6 1861416
1307.1 1861416
1307.6 1861420
1308.1 1860880
1308.6 1860912
1309.1 1861100
1309.6 1861164
1310.1 1860792
1310.6 1860952
1311.1 1860620
1311.6 1860856
1312.1 1860888
1312.6 1861076
1313.1 1854964
1313.6 1855028
1314.1 1855028
1314.6 1855028
1315.1 1855028
1315.6 1855028
1316.1 1855028
1316.6 1855028
1317.1 1855028
1317.6 1855028
1318.2 1854996
1318.8 1854996
1319.3 1854996
1319.8 1854996
1320.3 1854996
1320.8 1854996
1321.3 1855028
1321.8 1855028
1322.3 1855028
1322.8 1854996
1323.3 1854996
1323.9 1854996
1324.4 1854996
1324.9 1854996
1325.4 1854996
1325.9 1854996
1326.4 1854996
1327.1 1854996
1327.6 1854996
1328.1 1854996
1328.6 1854996
1329.1 1855028
1329.7 1855028
1330.2 1855028
1330.7 1855028
1331.2 1855028
1331.7 1855028
1332.2 1854996
1332.7 1854996
1333.2 1854996
1333.7 1854996
1334.2 1854996
1334.7 1854996
1335.2 1858416
1335.7 1861748
1336.2 1861564
1336.7 1861340
1337.2 1860864
1337.7 1861432
1338.2 1861352
1338.7 1861496
1339.2 1861540
1339.7 1861444
1340.2 1861224
1340.7 1861048
1341.2 1861476
1341.7 1861144
1342.2 1860828
1342.7 1861160
1343.2 1861508
1343.7 1861252
1344.2 1861236
1344.7 1861096
1345.2 1860640
1345.7 1861052
1346.2 1861100
1346.7 1860800
1347.2 1860360
1347.7 1860472
1348.2 1860076
1348.7 1860612
1349.2 1860784
1349.7 1860676
1350.2 1860716
1350.7 1860556
1351.2 1860476
1351.7 1860748
1352.2 1860668
1352.7 1860936
1353.2 1860572
1353.7 1860716
1354.2 1860572
1354.7 1860916
1355.2 1860768
1355.7 1861928
1356.2 1861608
1356.7 1861280
1357.2 1860936
1357.7 1860872
1358.2 1860872
1358.7 1855224
1359.2 1855224
1359.7 1855224
1360.2 1855192
1360.7 1855192
1361.3 1855188
1361.8 1855188
1362.3 1855188
1362.8 1855188
1363.3 1855188
1363.8 1855188
1364.3 1855188
1364.8 1855188
1365.3 1855156
1365.8 1855156
1366.3 1855156
1366.8 1855220
1367.3 1855220
1367.9 1855220
1368.4 1855220
1368.9 1855220
1369.4 1855220
1369.9 1855188
1370.4 1855188
1371.0 1855188
1371.5 1855188
1372.0 1855188
1372.5 1855188
1373.0 1855188
1373.5 1855188
1374.0 1855252
1374.5 1855220
1375.1 1855220
1375.6 1855220
1376.1 1855220
1376.6 1855220
1377.1 1855220
1377.6 1855220
1378.1 1855220
1378.6 1855220
1379.1 1855220
1379.6 1855220
1380.1 1861168
1380.6 1860892
1381.1 1860796
1381.6 1860608
1382.1 1860876
1382.6 1860500
1383.1 1860420
1383.6 1861444
1384.1 1861556
1384.6 1861488
1385.1 1861316
1385.6 1861156
1386.1 1861360
1386.6 1861536
1387.1 1861232
1387.6 1861360
1388.1 1861172
1388.6 1861204
1389.1 1861532
1389.6 1861896
1390.1 1861476
1390.6 1860828
1391.1 1860812
1391.6 1860924
1392.1 1860828
1392.6 1860436
1393.1 1860736
1393.6 1861192
1394.1 1861192
1394.6 1861476
1395.1 1861468
1395.6 1861624
1396.1 1861528
1396.6 1861400
1397.1 1861416
1397.6 1861400
1398.1 1861116
1398.6 1860724
1399.1 1860548
1399.6 1861072
1400.1 1860248
1400.6 1860040
1401.1 1860340
1401.6 1860640
1402.1 1860652
1402.6 1861208
1403.1 1855560
1403.6 1855432
1404.1 1855432
1404.8 1855432
1405.3 1855464
1405.8 1855432
1406.3 1855432
1406.8 1855432
1407.3 1855432
1407.8 1855432
1408.3 1855432
1408.8 1855432
1409.3 1855432
1409.8 1855432
1410.3 1855400
1410.8 1855400
1411.3 1855400
1411.8 1855400
1412.3 1855464
1412.8 1855464
1413.3 1855464
1413.8 1855464
1414.3 1855464
1414.8 1855464
1415.3 1855432
1415.8 1855432
1416.3 1855432
1416.8 1855432
1417.3 1855432
1417.8 1855432
1418.3 1855432
1418.8 1855432
1419.3 1855496
1419.8 1855464
1420.3 1855464
1420.8 1855464
1421.3 1855464
1421.9 1855464
1422.5 1855464
1423.0 1855464
1423.5 1855464
1424.0 1855464
1424.5 1855464
1425.0 1861160
1425.5 1861320
1426.0 1860844
1426.5 1860988
1427.0 1860888
1427.5 1861144
1428.0 1861240
1428.5 1861288
1429.0 1861348
1429.5 1861176
1430.0 1860940
1430.5 1861432
1431.0 1861036
1431.5 1861148
1432.0 1861100
1432.5 1860972
1433.0 1861100
1433.5 1861084
1434.0 1861212
1434.5 1860848
1435.0 1860848
1435.5 1860832
1436.0 1860864
1436.5 1860928
1437.0 1861180
1437.5 1861212
1438.0 1861196
1438.5 1860660
1439.0 1860724
1439.5 1860564
1440.0 1860576
1440.5 1860624
1441.0 1860496
1441.5 1860860
1442.0 1860796
1442.5 1860988
1443.0 1861304
1443.5 1860576
1444.0 1861036
1444.5 1860560
1445.0 1861728
1445.5 1861572
1446.0 1861272
1446.5 1861128
1447.0 1861444
1447.5 1861364
1448.0 1860580
1448.5 1855204
1449.0 1855204
1449.5 1855172
1450.0 1855172
1450.5 1855168
1451.1 1855168
1451.6 1855200
1452.1 1855200
1452.6 1855200
1453.1 1855200
1453.6 1855200
1454.1 1855200
1454.6 1855200
1455.1 1855200
1455.6 1855168
1456.1 1855168
1456.6 1855168
1457.1 1855168
1457.6 1855168
1458.1 1855168
1458.6 1855168
1459.1 1855168
1459.6 1855200
1460.1 1855200
1460.6 1855200
1461.1 1855200
1461.6 1855200
1462.1 1855200
1462.6 1855200
1463.1 1855200
1463.6 1855200
1464.1 1855168
1464.6 1855168
1465.1 1855168
1465.6 1855168
1466.1 1855168
1466.6 1855168
1467.1 1855168
1467.6 1855200
1468.1 1855200
1468.6 1855200
1469.2 1855200
1469.7 1860988
1470.2 1861236
1470.7 1860948
1471.2 1861124
1471.7 1861108
1472.2 1861092
1472.7 1861140
1473.2 1860980
1473.7 1861500
1474.2 1861280
1474.7 1860980
1475.2 1861012
1475.7 1861076
1476.2 1861044
1476.7 1861028
1477.2 1861092
1477.7 1861172
1478.2 1861360
1478.7 1861344
1479.2 1861676
1479.7 1861240
1480.2 1860912
1480.7 1860912
1481.2 1860880
1481.7 1861180
1482.2 1861304
1482.7 1861448
1483.2 1861824
1483.7 1861036
1484.2 1861304
1484.7 1861344
1485.2 1861360
1485.7 1861280
1486.2 1861156
1486.7 1860932
1487.2 1861124
1487.7 1861060
1488.2 1861264
1488.7 1861232
1489.2 1861312
1489.7 1861004
1490.2 1861132
1490.7 1860892
1491.2 1861244
1491.7 1861240
1492.2 1860956
1492.7 1861100
1493.2 1855244
1493.7 1855244
1494.2 1855244
1494.7 1855244
1495.2 1855244
1495.7 1855212
1496.2 1855212
1496.7 1855212
1497.2 1855212
1497.7 1855244
1498.5 1855244
1499.0 1855244
1499.5 1855244
1500.0 1855244
1500.5 1855212
1501.1 1855212
1501.6 1855212
1502.1 1855212
1502.6 1855212
1503.1 1855212
1503.6 1855212
1504.1 1855212
1504.6 1855212
1505.1 1855212
1505.6 1855244
1506.1 1855244
1506.6 1855244
1507.1 1855244
1507.6 1855244
1508.1 1855244
1508.6 1855244
1509.1 1855244
1509.6 1855244
1510.1 1855212
1510.6 1855212
1511.1 1855212
1511.6 1855212
1512.1 1855212
1512.6 1855212
1513.1 1855212
1513.7 1855244
1514.2 1855244
1514.7 1860748
1515.2 1861124
1515.7 1861068
1516.2 1861148
1516.7 1861116
1517.2 1861180
1517.7 1861180
1518.2 1861036
1518.7 1861240
1519.2 1861256
1519.7 1861312
1520.2 1861124
1520.7 1861280
1521.2 1861296
1521.7 1860760
1522.2 1861012
1522.7 1861280
1523.2 1861280
1523.7 1861248
1524.2 1861248
1524.7 1861212
1525.2 1861376
1525.7 1860588
1526.2 1860588
1526.7 1860572
1527.2 1861092
1527.7 1861168
1528.2 1861044
1528.7 1861644
1529.2 1860872
1529.7 1861312
1530.2 1860964
1530.7 1860856
1531.2 1860728
1531.7 1860792
1532.2 1860840
1532.7 1860824
1533.2 1860368
1533.7 1861392
1534.2 1861044
1534.7 1860376
1535.2 1860668
1535.7 1860920
1536.2 1861108
1536.7 1860980
1537.2 1861092
1537.7 1861660
1538.2 1855300
1538.7 1855300
1539.2 1855300
1539.7 1855300
1540.2 1855300
1540.7 1855300
1541.2 1855300
1541.7 1855300
1542.2 1855300
1542.7 1855268
1543.2 1855268
1543.7 1855268
1544.2 1855268
1544.7 1855268
1545.2 1855268
1545.8 1855300
1546.3 1855300
1546.8 1855300
1547.3 1855300
1547.8 1855268
1548.3 1855268
1548.8 1855268
1549.3 1855268
1549.8 1855268
1550.3 1855268
1550.8 1855268
1551.3 1855268
1551.8 1855268
1552.3 1855268
1552.8 1855300
1553.4 1855300
1553.9 1855300
1554.4 1855300
1554.9 1855300
1555.5 1855300
1556.0 1855300
1556.5 1855300
1557.0 1855268
1557.6 1855268
1558.1 1855268
1558.6 1855268
1559.2 1855268
1559.7 1855268
1560.2 1861440
1560.7 1861036
1561.2 1861288
1561.7 1860912
1562.2 1860944
1562.7 1860756
1563.2 1860596
1563.7 1860312
1564.2 1860972
1564.7 1861020
1565.2 1861036
1565.7 1860800
1566.2 1860988
1566.7 1860784
1567.2 1861164
1567.7 1861068
1568.2 1860964
1568.7 1861188
1569.2 1860996
1569.7 1861360
1570.2 1861296
1570.7 1861456
1571.2 1861124
1571.7 1861596
1572.2 1861312
1572.7 1861280
1573.2 1861424
1573.7 1861296
1574.2 1861504
1574.7 1861360
1575.2 1861516
1575.7 1861440
1576.2 1861376
1576.7 1861248
1577.2 1861200
1577.7 1861280
1578.2 1861360
1578.7 1861424
1579.2 1860964
1579.7 1861028
1580.2 1861376
1580.7 1861392
1581.2 1861076
1581.7 1860964
1582.2 1861188
1582.7 1861044
1583.2 1860712
1583.7 1854788
1584.2 1854788
1584.7 1854756
1585.2 1854756
1585.7 1854756
1586.2 1854756
1586.7 1854820
1587.2 1854820
1587.8 1854820
1588.3 1854820
1588.8 1854820
1589.3 1854820
1589.8 1854788
1590.3 1854788
1590.8 1854788
1591.3 1854788
1591.8 1854788
1592.3 1854788
1592.8 1854788
1593.3 1854788
1593.8 1854852
1594.3 1854820
1594.8 1854820
1595.3 1854820
1595.8 1854820
1596.3 1854820
1596.8 1854820
1597.3 1854820
1597.8 1854820
1598.4 1854820
1598.9 1854788
1599.4 1854788
1599.9 1854788
1600.4 1854788
1600.9 1854788
1601.4 1854788
1601.9 1854820
1602.4 1854820
1602.9 1854820
1603.4 1854820
1603.9 1854788
1604.4 1854788
1604.9 1860776
1605.4 1860780
1605.9 1861644
1606.4 1861720
1606.9 1860808
1607.4 1861108
1607.9 1861580
1608.4 1861736
1608.9 1861116
1609.4 1860864
1609.9 1861116
1610.4 1860908
1610.9 1861520
1611.4 1861368
1611.9 1860848
1612.4 1861084
1612.9 1860864
1613.4 1860800
1613.9 1860612
1614.4 1860864
1614.9 1860720
1615.4 1860784
1615.9 1861260
1616.4 1860944
1616.9 1861132
1617.4 1861208
1617.9 1861004
1618.4 1861336
1618.9 1861352
1619.4 1861148
1619.9 1861196
1620.4 1861604
1620.9 1861352
1621.4 1861352
1621.9 1861304
1622.4 1861100
1622.9 1861208
1623.4 1861084
1623.9 1861272
1624.4 1861224
1624.9 1861084
1625.4 1860768
1625.9 1861052
1626.4 1861224
1626.9 1861288
1627.4 1861116
1627.9 1861352
1628.4 1861192
1628.9 1855388
1629.4 1855388
1629.9 1855388
1630.4 1855388
1630.9 1855388
1631.4 1855388
1631.9 1855388
1632.4 1855388
1632.9 1855356
1633.4 1855356
1633.9 1855420
1634.4 1855420
1634.9 1855420
1635.4 1855420
1635.9 1855420
1636.4 1855420
1636.9 1855388
1637.4 1855388
1637.9 1855388
1638.4 1855388
1638.9 1855388
1639.4 1855388
1639.9 1855388
1640.4 1855388
1640.9 1855388
1641.4 1855388
1641.9 1855388
1642.4 1855420
1642.9 1855420
1643.4 1855420
1643.9 1855420
1644.4 1855420
1644.9 1855420
1645.4 1855420
1645.9 1855420
1646.4 1855420
1646.9 1855388
1647.4 1855388
1647.9 1855388
1648.4 1855388
1648.9 1855420
1649.4 1855420
1649.9 1861140
1650.4 1860988
1650.9 1861020
1651.4 1861400
1651.9 1861384
1652.4 1861020
1652.9 1861336
1653.4 1861272
1653.9 1861164
1654.4 1861196
1654.9 1860512
1655.4 1860556
1655.9 1860524
1656.4 1860668
1656.9 1860256
1657.4 1860488
1657.9 1860984
1658.4 1860776
1658.9 1860888
1659.4 1860952
1659.9 1861108
1660.4 1861692
1660.9 1861248
1661.4 1860980
1661.9 1861404
1662.4 1861108
1662.9 1860856
1663.4 1861092
1663.9 1861028
1664.4 1861092
1664.9 1861248
1665.4 1861224
1665.9 1861416
1666.4 1861620
1666.9 1861304
1667.4 1860940
1667.9 1861164
1668.4 1861620
1668.9 1860944
1669.4 1860496
1669.9 1861328
1670.4 1861488
1670.9 1861172
1671.4 1861060
1671.9 1861156
1672.4 1860792
1672.9 1860888
1673.4 1861044
1673.9 1855356
1674.4 1855356
1674.9 1855324
1675.4 1855324
1675.9 1855324
1676.4 1855324
1677.0 1855324
1677.5 1855324
1678.0 1855324
1678.6 1855324
1679.1 1855324
1679.6 1855324
1680.1 1855356
1680.6 1855356
1681.1 1855356
1681.6 1855356
1682.1 1855356
1682.6 1855356
1683.1 1855356
1683.7 1855356
1684.2 1855324
1684.7 1855324
1685.2 1855324
1685.7 1855324
1686.2 1855324
1686.7 1855324
1687.2 1855324
1687.7 1855324
1688.2 1855356
1688.8 1855356
1689.3 1855324
1689.8 1855324
1690.3 1855324
1690.8 1855324
1691.3 1855324
1691.9 1855324
1692.4 1855324
1692.9 1855324
1693.4 1855324
1693.9 1855292
1694.4 1855292
1694.9 1861092
1695.4 1860648
1695.9 1861328
1696.4 1860900
1696.9 1861204
1697.4 1861280
1697.9 1861564
1698.4 1861028
1698.9 1861092
1699.4 1860728
1699.9 1860540
1700.4 1860936
1700.9 1862052
1701.4 1861408
1701.9 1861360
1702.4 1861504
1702.9 1861532
1703.4 1861060
1703.9 1861040
1704.4 1860968
1704.9 1860776
1705.4 1861408
1705.9 1861312
1706.4 1860840
1706.9 1860760
1707.4 1860636
1707.9 1860572
1708.4 1861288
1708.9 1861432
1709.4 1861416
1709.9 1861488
1710.4 1861044
1710.9 1861296
1711.4 1862020
1711.9 1861944
1712.4 1861236
1712.9 1861140
1713.4 1861108
1713.9 1861264
1714.4 1861424
1714.9 1861532
1715.4 1861060
1715.9 1861296
1716.4 1861376
1716.9 1861500
1717.4 1861124
1717.9 1861012
1718.4 1860512
1718.9 1855292
1719.4 1855292
1720.0 1855292
1720.5 1855292
1721.0 1855292
1721.5 1855292
1722.0 1855260
1722.5 1855260
1723.0 1855324
1723.5 1855324
1724.0 1855324
1724.5 1855324
1725.0 1855324
1725.5 1855324
1726.0 1855324
1726.5 1855324
1727.0 1855292
1727.5 1855292
1728.1 1855292
1728.6 1855292
1729.1 1855292
1729.6 1855292
1730.1 1855292
1730.6 1855292
1731.1 1855324
1731.6 1855292
1732.1 1855292
1732.6 1855292
1733.1 1855292
1733.6 1855292
1734.2 1855292
1734.7 1855292
1735.2 1855292
1735.7 1855292
1736.2 1855260
1736.7 1855260
1737.2 1855260
1737.7 1855260
1738.2 1855260
1738.7 1855260
1739.2 1855324
1739.7 1855324
1740.2 1861344
1740.7 1861092
1741.2 1861392
1741.7 1861060
1742.2 1861236
1742.7 1861124
1743.2 1861140
1743.7 1861724
1744.2 1861328
1744.7 1861568
1745.2 1861028
1745.7 1861012
1746.2 1861140
1746.7 1861328
1747.2 1861076
1747.7 1861188
1748.2 1860952
1748.7 1861108
1749.2 1860620
1749.7 1860368
1750.2 1860440
1750.7 1860424
1751.2 1860360
1751.7 1860264
1752.2 1860724
1752.7 1860248
1753.2 1860424
1753.7 1860312
1754.2 1860484
1754.7 1860548
1755.2 1860832
1755.7 1860688
1756.2 1860864
1756.7 1860880
1757.2 1860760
1757.7 1860996
1758.2 1861028
1758.7 1860900
1759.2 1861076
1759.7 1861784
1760.2 1861352
1760.7 1861272
1761.2 1861400
1761.7 1861212
1762.2 1861732
1762.7 1861448
1763.2 1861052
1763.7 1855548
1764.2 1855548
1764.7 1855548
1765.2 1855548
1765.7 1855548
1766.2 1855548
1766.7 1855548
1767.2 1855548
1767.7 1855548
1768.2 1855548
1768.7 1855516
1769.2 1855516
1769.7 1855580
1770.2 1855580
1770.7 1855580
1771.2 1855580
1771.7 1855580
1772.2 1855580
1772.7 1855580
1773.3 1855580
1773.8 1855548
1774.3 1855548
1774.8 1855548
1775.3 1855548
1775.8 1855548
1776.3 1855548
1776.8 1855548
1777.3 1855580
1777.8 1855548
1778.4 1855548
1778.9 1855548
1779.4 1855548
1779.9 1855548
1780.4 1855548
1780.9 1855548
1781.4 1855548
1781.9 1855548
1782.4 1855548
1782.9 1855548
1783.4 1855516
1783.9 1855516
1784.5 1855580
1785.0 1861148
1785.5 1861148
1786.0 1860956
1786.5 1860956
1787.0 1861052
1787.5 1860932
1788.0 1861400
1788.5 1861032
1789.0 1861912
1789.5 1861360
1790.0 1861268
1790.5 1861036
1791.0 1861036
1791.5 1861004
1792.0 1860768
1792.5 1861020
1793.0 1861020
1793.5 1861288
1794.0 1861224
1794.5 1861384
1795.0 1861004
1795.5 1861020
1796.0 1861256
1796.5 1861448
1797.0 1861288
1797.5 1861272
1798.0 1861512
1798.5 1861464
1799.0 1861208
1799.5 1860988
1800.0 1861352
1800.5 1861416
1801.0 1861256
1801.5 1861460
1802.0 1861132
1802.5 1861320
1803.0 1861572
1803.5 1861132
1804.0 1861384
1804.5 1861068
1805.0 1860984
1805.5 1861012
1806.0 1861440
1806.5 1861564
1807.0 1861264
1807.5 1861296
1808.0 1861184
1808.5 1860820
1809.0 1855420
1809.5 1855420
1810.0 1855420
1810.5 1855388
1811.1 1855388
1811.6 1855388
1812.1 1855388
1812.6 1855388
1813.1 1855388
1813.6 1855420
1814.1 1855420
1814.6 1855420
1815.1 1855420
1815.6 1855388
1816.1 1855388
1816.6 1855388
1817.1 1855388
1817.6 1855388
1818.1 1855388
1818.6 1855388
1819.1 1855388
1819.6 1855388
1820.1 1855388
1820.6 1855420
1821.1 1855420
1821.6 1855420
1822.1 1855420
1822.6 1855420
1823.1 1855420
1823.6 1855420
1824.1 1855420
1824.6 1855388
1825.1 1855388
1825.6 1855388
1826.1 1855388
1826.6 1855388
1827.1 1855388
1827.6 1855420
1828.1 1855420
1828.6 1855420
1829.1 1855420
1829.6 1855388
1830.1 1861572
1830.6 1861132
1831.1 1861256
1831.6 1861148
1832.1 1861256
1832.6 1861076
1833.1 1861076
1833.6 1861044
1834.1 1861248
1834.6 1861044
1835.1 1861344
1835.6 1861232
1836.1 1861472
1836.6 1861232
1837.1 1861424
1837.6 1861376
1838.1 1861328
1838.6 1861580
1839.1 1861280
1839.6 1861264
1840.1 1861296
1840.6 1861108
1841.1 1861392
1841.6 1861296
1842.1 1860904
1842.6 1861060
1843.1 1861028
1843.6 1860872
1844.1 1861060
1844.6 1860460
1845.1 1861264
1845.6 1861772
1846.1 1861280
1846.6 1861440
1847.1 1861264
1847.6 1861360
1848.1 1861248
1848.6 1861296
1849.1 1861232
1849.6 1861264
1850.1 1861076
1850.6 1861248
1851.1 1861280
1851.6 1861060
1852.1 1861060
1852.6 1861028
1853.1 1861124
1853.6 1854980
1854.1 1854980
1854.6 1854980
1855.1 1854980
1855.6 1854980
1856.1 1854980
1856.6 1854980
1857.1 1854980
1857.6 1855012
1858.1 1855012
1858.6 1855012
1859.2 1855012
1859.7 1855012
1860.2 1855012
1860.7 1855012
1861.2 1855012
1861.7 1855012
1862.3 1855012
1862.8 1854980
1863.3 1854980
1863.8 1854980
1864.3 1854980
1864.8 1855012
1865.3 1855012
1865.8 1855012
1866.3 1855012
1866.8 1855012
1867.3 1855012
1867.8 1854980
1868.3 1854980
1868.8 1854980
1869.3 1854980
1869.9 1854980
1870.4 1854980
1870.9 1854980
1871.4 1854980
1871.9 1854948
1872.5 1855012
1873.0 1855012
1873.5 1855012
1874.0 1855012
1874.5 1855012
1875.0 1860548
1875.5 1860816
1876.0 1860468
1876.5 1861100
1877.0 1861084
1877.5 1861148
1878.0 1860960
1878.5 1860596
1879.0 1860548
1879.5 1860676
1880.0 1860612
1880.5 1860612
1881.0 1860660
1881.5 1860432
1882.0 1860912
1882.5 1861700
1883.0 1860780
1883.5 1860960
1884.0 1861148
1884.5 1861052
1885.0 1860740
1885.5 1861132
1886.0 1860988
1886.5 1861240
1887.0 1860800
1887.5 1860668
1888.0 1860368
1888.5 1861028
1889.0 1860696
1889.5 1860728
1890.0 1860564
1890.5 1861328
1891.0 1861440
1891.5 1861108
1892.0 1861312
1892.5 1861172
1893.0 1861076
1893.5 1861172
1894.0 1861140
1894.5 1860900
1895.0 1861156
1895.5 1861028
1896.0 1861264
1896.5 1861408
1897.0 1860904
1897.5 1860256
1898.0 1860636
1898.5 1854720
1899.1 1854656
1899.6 1854656
1900.1 1854656
1900.6 1854656
1901.1 1854656
1901.6 1854656
1902.1 1854656
1902.6 1854688
1903.1 1854656
1903.6 1854656
1904.1 1854656
1904.6 1854656
1905.1 1854656
1905.6 1854656
1906.1 1854656
1906.6 1854656
1907.1 1854656
1907.6 1854656
1908.2 1854656
1908.7 1854624
1909.2 1854688
1909.7 1854688
1910.2 1854688
1910.7 1854688
1911.2 1854688
1911.7 1854688
1912.2 1854688
1912.7 1854656
1913.2 1854656
1913.7 1854656
1914.2 1854656
1914.8 1854656
1915.3 1854656
1915.8 1854656
1916.3 1854656
1916.8 1854720
1917.4 1854688
1917.9 1854688
1918.4 1854688
1918.9 1854688
1919.4 1854688
1919.9 1860596
1920.4 1860784
1920.9 1860684
1921.4 1861700
1921.9 1861164
1922.4 1860972
1922.9 1861112
1923.4 1861368
1923.9 1861208
1924.4 1861780
1924.9 1861132
1925.4 1861380
1925.9 1860880
1926.4 1861116
1926.9 1860924
1927.4 1861620
1927.9 1861744
1928.4 1861424
1928.9 1861336
1929.4 1860784
1929.9 1860596
1930.4 1860408
1930.9 1860532
1931.4 1860452
1931.9 1860784
1932.4 1861368
1932.9 1860988
1933.4 1861052
1933.9 1861352
1934.4 1861604
1934.9 1861288
1935.4 1861352
1935.9 1861020
1936.4 1861448
1936.9 1861384
1937.4 1861304
1937.9 1861620
1938.4 1861148
1938.9 1860956
1939.4 1861352
1939.9 1861320
1940.4 1861400
1940.9 1861336
1941.4 1861384
1941.9 1861272
1942.4 1861164
1942.9 1861288
1943.4 1861164
1943.9 1855284
1944.4 1855284
1944.9 1855252
1945.4 1855252
1945.9 1855252
1946.4 1855252
1946.9 1855252
1947.5 1855252
1948.0 1855284
1948.5 1855284
1949.0 1855284
1949.5 1855284
1950.0 1855252
1950.5 1855252
1951.0 1855252
1951.5 1855252
1952.0 1855252
1952.5 1855252
1953.0 1855252
1953.5 1855252
1954.0 1855252
1954.5 1855252
1955.0 1855284
1955.5 1855284
1956.0 1855284
1956.5 1855284
1957.0 1855284
1957.5 1855284
1958.0 1855284
1958.5 1855284
1959.0 1855252
1959.5 1855252
1960.0 1855252
1960.5 1855252
1961.0 1855252
1961.5 1855252
1962.0 1855252
1962.5 1855252
1963.0 1855284
1963.5 1855284
1964.0 1855252
1964.5 1855252
1965.0 1861304
1965.5 1861196
1966.0 1861572
1966.5 1861304
1967.0 1861180
1967.5 1861352
1968.0 1861176
1968.5 1860740
1969.0 1860880
1969.5 1861084
1970.0 1861100
1970.5 1861124
1971.0 1861236
1971.5 1861280
1972.0 1861360
1972.5 1861408
1973.0 1861488
1973.5 1861360
1974.0 1861232
1974.5 1861532
1975.0 1861156
1975.5 1861360
1976.0 1861392
1976.5 1861076
1977.0 1860464
1977.5 1860888
1978.0 1860964
1978.5 1861124
1979.0 1861456
1979.5 1861456
1980.0 1861320
1980.5 1861432
1981.0 1861448
1981.5 1861004
1982.0 1860940
1982.5 1861020
1983.0 1861384
1983.5 1861036
1984.0 1861180
1984.5 1861036
1985.0 1861480
1985.5 1861068
1986.0 1861520
1986.5 1861576
1987.0 1861400
1987.5 1861208
1988.0 1861340
1988.5 1855332
1989.0 1855332
1989.5 1855332
1990.0 1855332
1990.5 1855332
1991.0 1855332
1991.5 1855332
1992.0 1855332
1992.5 1855332
1993.0 1855364
1993.5 1855364
1994.0 1855364
1994.7 1855364
1995.2 1855364
1995.7 1855364
1996.2 1855364
1996.7 1855364
1997.2 1855364
1997.8 1855364
1998.3 1855332
1998.8 1855332
1999.4 1855332
1999.9 1855332
2000.4 1855364
2005.6 1855332
2006.1 1855332
2006.7 1855332
2007.2 1855332
2007.7 1855332
2008.2 1855332
2008.7 1855332
2009.2 1855332
2009.7 1855332
2010.2 1855300
2010.7 1855300
2011.2 1855364
2011.7 1858272
2012.2 1858272
2012.7 1858272
2013.2 1858216
2013.7 1858408
2014.2 1858504
2014.7 1858504
2015.2 1858600
2015.7 1858600
2016.2 1858736
2016.7 1859052
2017.2 1859076
2017.7 1859608
2018.2 1860164
2018.7 1860536
2019.2 1861120
2019.7 1861596
2020.2 1861492
2020.7 1861736
2021.2 1862160
2021.7 1862064
2022.2 1862064
2022.7 1862244
2023.2 1862540
2023.7 1862828
2024.2 1862820
2024.7 1863012
2025.2 1863168
2025.7 1862784
2026.2 1862824
2026.7 1863328
2027.2 1862520
2027.7 1862268
2028.2 1862208
2028.7 1862916
2029.2 1863124
2029.7 1863012
2030.2 1862924
2030.7 1862536
2031.2 1862224
2031.7 1862152
2032.2 1862052
2032.7 1862348
2033.2 1862244
2033.7 1862436
2034.2 1862356
2034.7 1862444
2035.2 1862324
2035.7 1862420
2036.2 1862324
2036.7 1862508
2037.2 1862316
2037.7 1862316
2038.2 1862676
2038.7 1862580
2039.2 1862612
2039.7 1862516
2040.2 1862876
2040.7 1862692
2041.2 1862364
2041.7 1862524
2042.2 1862668
2042.7 1862432
2043.2 1862496
2043.7 1862208
2044.2 1862296
2044.7 1862496
2045.2 1862568
2045.7 1862480
2046.2 1862832
2046.7 1862588
2047.2 1862588
2047.7 1862248
2048.2 1862344
2048.7 1862480
2049.7 1862576
2050.2 1862496
2050.7 1862496
2051.2 1862128
2051.7 1861960
2052.2 1862036
2052.7 1862036
2053.2 1861944
2053.7 1861928
2054.2 1861928
2054.7 1862024
2055.2 1861992
2055.7 1862184
2056.2 1861912
2056.7 1861824
2057.2 1861576
2057.7 1861332
2058.2 1861116
2058.7 1861500
2059.2 1861228
2059.7 1861316
2060.2 1861172
2060.7 1861156
2061.2 1861296
2061.7 1861628
2062.2 1861476
2062.7 1861660
2063.2 1861440
2063.7 1861448
2064.2 1861296
2064.7 1861496
2065.2 1861816
2065.7 1861720
2066.2 1861912
2066.7 1862104
2067.2 1862136
2067.7 1862328
2068.2 1862200
2068.7 1862200
2069.2 1862264
2069.7 1862360
2070.2 1862328
2070.7 1862424
2071.2 1862184
2071.7 1862096
2072.2 1862304
2072.7 1862304
2073.2 1862272
2073.7 1862176
2074.2 1862208
2074.7 1862208
2075.2 1862336
2075.7 1862520
2076.2 1862136
2076.7 1862520
2077.2 1862464
2077.7 1862464
2078.2 1862304
2078.7 1862304
2079.2 1862208
2079.7 1862400
2080.2 1861988
2080.7 1861980
2081.2 1861956
2081.7 1862148
2082.2 1862180
2082.7 1862276
2083.2 1862308
2083.7 1862404
2084.2 1862468
2084.7 1862180
2085.2 1862372
2085.7 1862468
2086.2 1862372
2086.7 1862372
2087.2 1862340
2087.7 1862340
2088.2 1862004
2088.7 1861760
2089.2 1861760
2089.7 1861696
2090.2 1861792
2090.7 1861888
2091.2 1862080
2091.7 1862176
2092.2 1862144
2092.7 1862240
2093.2 1862048
2093.7 1861952
2094.2 1861792
2094.7 1861984
2095.2 1861984
2095.7 1861888
2096.2 1861800
2096.7 1861896
2097.2 1861936
2097.7 1861936
2098.2 1861808
2098.7 1861904
2099.2 1862128
2099.7 1862128
2100.2 1862128
2100.7 1861752
2101.2 1861848
2101.7 1862024
2102.2 1862112
2102.7 1862016
2103.2 1861984
2103.7 1861888
2104.2 1861888
2104.7 1861796
2105.2 1861836
2105.7 1861836
2106.2 1861708
2106.7 1861516
2107.2 1861676
2107.7 1861676
2108.2 1861580
2108.7 1861676
2109.2 1861740
2109.7 1861548
2110.2 1861516
2110.7 1861612
2111.2 1861676
2111.7 1861868
2112.2 1861996
2112.7 1861900
2113.2 1861708
2113.7 1861612
2114.2 1861740
2114.7 1861644
2115.2 1861652
2115.7 1861748
2116.2 1861756
2116.7 1861644
2117.2 1861264
2117.7 1861264
2118.2 1861424
2118.7 1861328
2119.2 1861296
2119.7 1861584
2120.2 1861552
2120.7 1861456
2121.2 1861296
2121.7 1861488
2122.2 1861352
2122.7 1861352
2123.2 1861256
2123.7 1861544
2124.2 1861480
2124.7 1861672
2125.2 1861584
2125.7 1861452
2126.2 1861448
2126.7 1861256
2127.2 1861256
2127.7 1861256
2128.2 1861004
2128.7 1861100
2129.2 1860816
2129.7 1860816
2130.2 1860848
2130.7 1860848
2131.2 1860848
2131.7 1860840
2132.2 1860904
2132.7 1860904
2133.2 1860840
2133.7 1860840
2134.2 1860848
2134.7 1860848
2135.2 1860848
2135.7 1860848
2136.2 1860880
2136.7 1860880
2137.2 1860944
2137.7 1860944
2138.2 1860920
2138.7 1860920
2139.2 1860856
2139.7 1860856
2140.2 1860784
2140.7 1860684
2141.2 1860788
2141.7 1860788
2142.2 1860720
2142.7 1860720
2143.2 1860792
2143.7 1860608
2144.2 1860832
2144.7 1860832
2145.2 1860736
2145.7 1860640
2146.2 1860640
2146.7 1860640
2147.2 1860284
2147.7 1860476
2148.2 1860540
2148.7 1860636
2149.2 1860316
2149.7 1860316
2150.2 1860420
2150.7 1860516
2151.2 1860412
2151.7 1860412
2152.2 1860348
2152.7 1860440
2153.2 1860344
2153.7 1860440
2154.2 1860344
2154.7 1860344
2155.2 1860280
2155.7 1860312
2156.2 1860344
2156.7 1860344
2157.2 1860248
2157.7 1860344
2158.2 1860340
2158.7 1860340
2159.2 1860340
2159.7 1860372
2160.2 1860340
2160.7 1860340
2161.2 1860340
2161.7 1860340
2162.2 1860340
2162.7 1860308
2163.4 1860308
2163.9 1860308
2164.4 1860340
2164.9 1860340
2165.4 1860340
2165.9 1860340
2166.4 1860404
2166.9 1860404
2167.4 1860372
2167.9 1860372
2168.4 1860372
2168.9 1860372
2169.4 1860368
2169.9 1860368
2170.4 1860364
2170.9 1860364
2171.4 1860332
2171.9 1860332
2172.4 1860396
2172.9 1860396
2173.4 1860428
2173.9 1860428
2174.4 1860460
2174.9 1860460
2175.4 1860428
2175.9 1860424
2176.4 1860488
2176.9 1860488
2177.4 1860520
2177.9 1860520
2178.4 1860520
2178.9 1860520
2179.4 1860584
2179.9 1860584
2180.4 1860664
2180.9 1860656
2181.4 1860704
2181.9 1860704
2182.4 1860800
2182.9 1860800
2183.4 1860832
2183.9 1860928
2184.4 1861040
2184.9 1861040
2185.4 1861136
2185.9 1861388
2186.4 1861152
2186.9 1861152
2187.4 1860932
2187.9 1860932
2188.4 1860852
2188.9 1860852
2189.4 1860964
2189.9 1860964
2190.4 1861076
2190.9 1861076
2191.4 1861088
2191.9 1860904
2192.4 1860824
2192.9 1860824
2193.4 1860980
2193.9 1860980
2194.4 1861168
2194.9 1861000
2195.4 1860796
2195.9 1860792
2196.4 1860756
2196.9 1860852
2197.4 1860820
2197.9 1860820
2198.4 1860916
2198.9 1861012
2199.4 1861060
2199.9 1860964
2200.4 1860980
2200.9 1861228
2201.4 1861276
2201.9 1861276
2202.4 1861324
2202.9 1861324
2203.4 1861324
2203.9 1861324
2204.4 1861340
2204.9 1861340
2205.4 1861340
2205.9 1861340
2206.4 1861372
2206.9 1861368
2207.4 1861368
2207.9 1861368
2208.4 1861368
2208.9 1861368
2209.4 1861384
2209.9 1861384
2210.4 1861512
2210.9 1861512
2211.4 1861640
2211.9 1861412
2212.5 1861408
2213.0 1861616
2213.5 1861868
2214.0 1823812
2217.7 1823700
2218.2 1823700
2218.7 1823780
2219.2 1823920
2219.7 1823936
2220.2 1823744
2220.7 1823664
2221.2 1823664
2221.7 1823696
2222.2 1823696
2222.7 1823692
2223.2 1823692
2223.7 1823724
2224.2 1823724
2224.7 1823628
2225.2 1823628
2225.7 1823596
2226.2 1823596
2226.7 1823628
2227.2 1823628
2227.7 1823880
2228.2 1810840
2228.7 1810772
2229.2 1810772
2229.7 1810740
2230.2 1810740
2230.7 1810740
2231.2 1810740
2231.7 1810772
2232.2 1810772
2232.7 1810740
2233.2 1810736
2233.7 1810736
2234.2 1810736
2234.7 1810800
2235.2 1810800
2235.7 1810864
2236.2 1810864
2236.7 1810864
2237.2 1810864
2237.7 1810864
2238.9 1810904
2239.4 1810904
2239.9 1810640
2240.4 1810512
2240.9 1810068
2241.4 1810044
2241.9 1810044
2242.4 1809956
2242.9 1809956
2243.4 1809952
2243.9 1809944
2244.4 1809936
2244.9 1809936
2245.4 1809936
2245.9 1809936
2246.4 1809904
2246.9 1809904
2247.4 1809904
2247.9 1809904
2248.4 1809976
2248.9 1809976
2249.4 1810104
2249.9 1810104
2250.4 1810168
2250.9 1810168
2251.4 1810168
2251.9 1810168
2252.4 1810068
2252.9 1810068
2253.4 1810004
2253.9 1810004
2254.4 1810132
2254.9 1810132
2255.4 1810164
2255.9 1809972
2256.4 1809940
2256.9 1809940
2257.4 1809940
2257.9 1809936
2258.4 1809880
2258.9 1809880
2259.4 1810132
2259.9 1810132
2260.4 1810384
2260.9 1810668
2261.4 1810928
2261.9 1810928
2262.4 1811464
2262.9 1811464
2263.4 1811748
2263.9 1812156
2264.4 1812604
2264.9 1813108
2265.4 1813368
2265.9 1813620
2266.4 1814124
2266.9 1814376
2267.4 1814440
2267.9 1814692
2268.4 1815016
2268.9 1815268
2269.4 1815236
2269.9 1815488
2270.4 1815488
2270.9 1815488
2271.4 1815452
2271.9 1815744
2272.4 1815744
2272.9 1815744
2273.4 1816028
2273.9 1816024
2274.4 1816528
2274.9 1816780
2275.4 1817008
2275.9 1817512
2276.4 1818268
2276.9 1818456
2277.4 1818772
2277.9 1818992
2278.4 1819500
2278.9 1819784
2279.4 1820288
2279.9 1820548
2280.4 1820800
2280.9 1821588
2281.4 1821588
2281.9 1821588
2282.4 1821588
2282.9 1821620
2283.4 1821620
2283.9 1821620
2284.4 1821620
2284.9 1821652
2285.4 1821716
2285.9 1822188
2286.4 1822504
2286.9 1823008
2287.4 1823512
2287.9 1823512
2288.4 1823512
2288.9 1823544
2289.4 1823540
2289.9 1823792
2290.4 1824012
2290.9 1823980
2291.4 1823980
2291.9 1823916
2292.4 1823916
2292.9 1823852
2293.4 1823852
2293.9 1823884
2294.4 1823884
2294.9 1823600
2295.4 1822844
2295.9 1821844
2296.4 1820080
2296.9 1819072
2297.4 1818308
2297.9 1818308
2298.4 1818276
2298.9 1818244
2299.4 1818244
2299.9 1816480
2300.4 1814716
2300.9 1814528
2301.4 1814268
2301.9 1814264
2302.4 1814264
2302.9 1814264
2303.4 1814360
2303.9 1814360
2304.4 1814360
2304.9 1814328
2305.4 1814232
2305.9 1814200
2306.4 1814296
2306.9 1814328
2307.4 1814328
2307.9 1814296
2308.4 1814264
2308.9 1814264
2309.4 1814264
2309.9 1814264
2310.4 1814264
2310.9 1814264
2311.4 1814264
2311.9 1814312
2312.4 1814408
2312.9 1814748
2313.4 1814556
2313.9 1814492
2314.4 1814492
2314.9 1814556
2315.4 1814460
2315.9 1814712
2316.4 1814808
2316.9 1814832
2317.4 1814832
2317.9 1815024
2318.4 1815032
2318.9 1815272
2319.4 1814984
2319.9 1814576
2320.4 1814384
2320.9 1814480
2321.4 1814288
2321.9 1814176
2322.4 1814140
2322.9 1814164
2323.4 1814372
2323.9 1814692
2324.4 1814900
2324.9 1814704
2325.4 1814720
2325.9 1814712
2326.4 1814228
2326.9 1814812
2327.4 1814448
2327.9 1814672
2328.4 1814576
2328.9 1815272
2329.4 1815360
2329.9 1815408
2330.4 1815208
2330.9 1815112
2331.4 1815400
2331.9 1815400
2332.4 1815128
2332.9 1815032
2333.4 1815612
2333.9 1815228
2334.4 1815228
2334.9 1815052
2335.4 1815028
2335.9 1814940
2336.4 1815036
2336.9 1815116
2337.4 1815020
2337.9 1815020
2338.4 1815020
2338.9 1815040
2339.6 1815048
2340.1 1815176
2340.6 1815112
2341.1 1815304
2341.6 1815464
2342.1 1815368
2342.6 1815464
2343.1 1815336
2343.6 1815304
2344.1 1815144
2344.6 1815144
2345.1 1815064
2345.6 1815096
2346.1 1815252
2346.6 1815156
2347.1 1815348
2347.6 1815348
2348.1 1815508
2348.6 1815604
2349.1 1815984
2349.6 1815768
2350.1 1815952
2350.6 1815920
2351.1 1815760
2351.6 1816192
2352.1 1816160
2352.6 1816088
2353.1 1816152
2353.6 1816248
2354.1 1816216
2354.6 1816340
2355.1 1816244
2355.6 1816012
2356.1 1815852
2356.6 1816140
2357.1 1816124
2357.6 1815932
2358.1 1815868
2358.6 1815676
2359.1 1815508
2359.6 1815700
2360.1 1815740
2360.6 1815740
2361.1 1815772
2361.6 1815888
2362.1 1815592
2362.6 1815584
2363.1 1815408
2363.6 1815408
2364.1 1815376
2364.6 1815376
2365.1 1815408
2365.6 1815504
2366.1 1815536
2366.6 1815536
2367.1 1815504
2367.6 1815504
2368.1 1815408
2368.6 1815408
2369.1 1815468
2369.6 1815328
2371.7 1815520
2372.2 1815232
2372.7 1815296
2373.2 1815200
2373.7 1815264
2374.2 1815352
2374.7 1815348
2375.2 1815312
2375.7 1815344
2376.4 1815344
2376.9 1815344
2377.4 1815344
2377.9 1815344
2378.4 1815440
2378.9 1815536
2379.4 1815736
2379.9 1815444
2380.4 1815152
2380.9 1815424
2381.4 1815248
2381.9 1815620
2382.4 1815436
2382.9 1815564
2383.4 1815452
2383.9 1815308
2384.4 1815196
2384.9 1815292
2385.4 1815192
2385.9 1815492
2386.4 1815388
2386.9 1815708
2387.4 1815516
2387.9 1815476
2388.4 1815396
2388.9 1815188
2389.4 1815284
2389.9 1815716
2390.4 1815424
2390.9 1815688
2391.4 1815556
2391.9 1815460
2392.4 1815700
2392.9 1814980
2393.4 1815644
2393.9 1814868
2394.4 1815676
2394.9 1815852
2395.4 1815740
2395.9 1815824
2396.4 1815808
2396.9 1816072
2397.4 1815952
2397.9 1816176
2398.4 1816456
2398.9 1816824
2399.4 1816720
2399.9 1816760
2400.4 1816216
2400.9 1816456
2401.4 1816756
2401.9 1816076
2402.4 1816160
2402.9 1816224
2403.4 1816152
2403.9 1816212
2404.4 1815948
2404.9 1815992
2405.4 1815788
2405.9 1815512
2406.4 1815700
2406.9 1816104
2407.4 1816196
2407.9 1816468
2408.4 1816448
2408.9 1816312
2409.4 1816616
2409.9 1817000
2410.4 1817000
2410.9 1816652
2411.4 1816840
2411.9 1816968
2412.4 1817220
2412.9 1816904
2413.4 1816616
2413.9 1816616
2414.4 1816800
2414.9 1816300
2415.4 1816424
2415.9 1815968
2416.4 1816604
2416.9 1816540
2417.4 1816668
2417.9 1816360
2418.4 1816816
2418.9 1817096
2419.4 1816976
2419.9 1816640
2420.4 1816736
2420.9 1816508
2421.4 1816788
2421.9 1816884
2422.4 1816828
2422.9 1816748
2423.4 1816860
2423.9 1816768
2424.4 1817084
2424.9 1817468
2425.4 1817484
2425.9 1817764
2426.4 1817416
2426.9 1817292
2427.4 1817292
2427.9 1817188
2428.4 1817204
2428.9 1817236
2429.4 1817044
2429.9 1817140
2430.4 1816972
2430.9 1817492
2431.4 1817348
2431.9 1817348
2432.4 1817120
2432.9 1816676
2433.4 1816484
2433.9 1816752
2434.4 1816560
2434.9 1816640
2435.4 1816656
2435.9 1817156
2436.4 1816928
2436.9 1816880
2437.4 1816500
2438.0 1816596
2438.5 1816668
2439.0 1816644
2439.5 1816276
2440.0 1816592
2440.5 1816416
2441.0 1816920
2441.5 1816816
2442.0 1816888
2442.5 1816772
2443.0 1816960
2443.5 1816676
2444.0 1816424
2444.5 1816652
2445.0 1816716
2445.5 1816436
2446.0 1816392
2446.5 1816240
2447.0 1816428
2447.5 1816424
2448.0 1816360
2448.5 1816520
2449.0 1816624
2450.4 1816428
2450.9 1816724
2451.4 1816732
2451.9 1816696
2452.4 1816416
2452.9 1816348
2453.4 1816344
2453.9 1816424
2454.7 1816424
2455.2 1816640
2455.8 1816672
2456.3 1816856
2456.8 1816756
2457.3 1816656
2457.8 1816532
2458.3 1816628
2458.8 1816468
2459.3 1816592
2459.8 1816720
2460.3 1816440
2460.8 1816328
2461.3 1816344
2461.8 1816596
2462.3 1816592
2462.8 1816592
2463.3 1816656
2463.8 1816720
2464.3 1816816
2464.8 1816912
2465.3 1816904
2465.8 1816872
2466.3 1817144
2466.8 1817368
2467.3 1817480
2467.8 1817336
2468.3 1817304
2468.8 1816972
2469.3 1816816
2469.8 1816944
2470.3 1816848
2470.8 1816848
2471.3 1816972
2471.8 1816968
2472.3 1816856
2472.8 1817492
2473.3 1817112
2473.8 1816644
2474.3 1816580
2474.8 1816296
2475.3 1816488
2475.8 1816208
2476.3 1816056
2476.8 1815784
2477.3 1816168
2477.8 1815976
2478.3 1816328
2478.8 1816424
2479.3 1816112
2479.8 1816304
2480.3 1816712
2480.8 1816528
2481.3 1816648
2481.8 1816556
2482.3 1816680
2482.8 1816680
2483.3 1816328
2483.8 1816408
2484.3 1816232
2484.8 1816128
2485.3 1816320
2485.8 1816384
2486.3 1816328
2486.8 1816212
2487.3 1816148
2487.8 1816336
2488.3 1816184
2488.8 1816376
2489.3 1816472
2489.8 1816096
2490.3 1816376
2490.8 1816288
2491.3 1816480
2491.8 1816476
2492.3 1816444
2492.8 1816536
2493.3 1816824
2493.8 1816504
2494.3 1816448
2494.8 1816552
2495.3 1816236
2495.8 1816236
2496.3 1816300
2496.8 1816300
2497.3 1816364
2497.8 1816364
2498.3 1816376
2498.8 1816468
2499.3 1816500
2499.8 1816500
2500.3 1816468
2500.8 1816468
2501.3 1816468
2501.8 1816372
2502.3 1816180
2502.8 1816268
2503.3 1816140
2503.8 1816236
2504.3 1816236
2504.8 1816236
2505.3 1816300
2505.8 1816108
2506.3 1816172
2506.8 1816172
2507.3 1816300
2507.8 1816104
2508.3 1816356
2508.8 1815972
2509.3 1816004
2509.8 1816100
2510.3 1816068
2510.8 1815904
2511.3 1816072
2511.8 1815880
2512.3 1815984
2512.8 1815692
2513.3 1815816
2513.8 1815512
2514.3 1815344
2514.8 1815784
2515.3 1816000
2515.8 1815616
2516.3 1815552
2516.8 1815948
2517.3 1815732
2517.8 1815516
2518.3 1815368
2518.8 1815448
2519.3 1815608
2519.8 1815876
2520.3 1816068
2520.8 1815972
2521.3 1816100
2521.8 1816292
2522.3 1816068
2522.8 1816292
2523.3 1816068
2523.8 1816376
2524.3 1815920
2524.8 1816112
2525.3 1816348
2525.8 1816372
2526.3 1816692
2526.8 1816332
2527.3 1816168
2527.8 1816312
2528.3 1816716
2528.8 1816504
2529.3 1816552
2529.8 1816376
2530.3 1816424
2530.8 1816536
2531.3 1816352
2531.8 1816352
2532.3 1816288
2532.8 1816480
2533.3 1816188
2533.8 1816468
2534.3 1816084
2534.8 1815856
2535.3 1815864
2535.8 1816232
2536.3 1816320
2536.8 1816636
2537.3 1816292
2537.8 1816616
2538.3 1816176
2538.8 1816176
2539.3 1816256
2539.8 1816860
2540.3 1816668
2540.8 1816312
2541.3 1815868
2541.8 1816148
2542.3 1816796
2542.8 1817004
2543.3 1816600
2543.8 1816404
2544.3 1816468
2544.8 1816180
2545.3 1815884
2545.8 1816408
2546.3 1816580
2546.8 1817036
2547.3 1817044
2547.8 1817428
2548.3 1817504
2548.8 1817204
2549.3 1817400
2549.8 1817000
2550.3 1817036
2550.8 1816940
2551.3 1816824
2551.8 1816624
2552.3 1816780
2552.8 1816936
2553.3 1816460
2553.8 1816664
2554.3 1816668
2554.8 1816460
2555.3 1816332
2555.8 1816396
2556.3 1816428
2556.8 1816168
2557.3 1816120
2557.8 1816216
2558.3 1816404
2558.8 1816404
2559.3 1816240
2559.8 1816136
2560.3 1816448
2560.8 1816256
2561.3 1816068
2561.8 1815972
2562.3 1816448
2562.8 1816248
2563.3 1816588
2563.8 1816104
2564.3 1816204
2564.8 1816380
2565.3 1816604
2565.8 1816604
2566.3 1816876
2566.8 1817068
2567.3 1816748
2567.8 1816748
2568.3 1816556
2568.8 1816648
2569.3 1816808
2569.8 1816800
2570.3 1816992
2570.8 1816704
2571.3 1816376
2571.8 1816264
2572.3 1817028
2572.8 1816996
2573.3 1816956
2573.8 1816868
2574.3 1816840
2574.8 1817216
2575.3 1816912
2575.8 1816720
2576.3 1816548
2576.8 1816836
2577.3 1816400
2577.8 1816656
2578.3 1816560
2578.8 1816152
2579.3 1816084
2579.8 1815972
2580.3 1816300
2580.8 1816188
2581.3 1816028
2581.8 1815996
2582.3 1816236
2582.8 1816520
2583.3 1816296
2583.8 1816972
2584.3 1816348
2584.8 1816452
2585.3 1816568
2585.8 1816760
2586.3 1817060
2586.8 1817356
2587.3 1817500
2587.8 1817620
2588.3 1817128
2588.8 1817224
2589.3 1816552
2589.8 1816552
2590.3 1816544
2590.8 1817048
2591.3 1817048
2591.8 1817144
2592.3 1817192
2592.8 1817192
2593.3 1816652
2593.8 1816672
2594.3 1816368
2594.8 1816628
2595.3 1816968
2595.8 1817724
2596.3 1817660
2596.8 1817468
2597.3 1817264
2597.8 1817256
2598.3 1817592
2598.8 1817928
2599.3 1817524
2599.8 1817184
2600.3 1816784
2600.8 1816436
2601.3 1816312
2601.8 1816252
2602.3 1815908
2602.8 1816240
2603.3 1815776
2603.8 1816548
2604.3 1816536
2604.8 1816448
2605.3 1816424
2605.8 1816580
2606.3 1816692
2606.8 1816948
2607.3 1816972
2607.8 1816668
2608.3 1817132
2608.8 1816860
2609.3 1816864
2609.8 1816484
2610.3 1817072
2610.8 1816668
2611.3 1815956
2611.8 1816260
2612.3 1816656
2612.8 1816884
2613.3 1817300
2613.8 1816716
2614.3 1816720
2614.8 1817292
2615.3 1817288
2615.8 1817288
2616.3 1817416
2616.9 1817416
2617.4 1817512
2617.9 1817416
2618.4 1817552
2618.9 1817456
2619.4 1817424
2619.9 1817324
2620.4 1816824
2620.9 1817016
2621.4 1816936
2621.9 1817032
2622.4 1817000
2622.9 1817000
2623.4 1816880
2623.9 1817064
2624.4 1816904
2624.9 1816720
2625.4 1816544
2625.9 1816552
2626.4 1817324
2626.9 1816564
2627.4 1816820
2627.9 1817328
2628.4 1817344
2628.9 1817092
2629.4 1816908
2629.9 1817000
2630.4 1816932
2630.9 1816932
2631.4 1816804
2631.9 1816900
2632.4 1816940
2632.9 1816940
2633.4 1816968
2633.9 1817160
2634.4 1817512
2634.9 1816820
2635.4 1816596
2635.9 1816884
2636.4 1816956
2636.9 1816956
2637.4 1817148
2637.9 1817052
2638.4 1817164
2638.9 1817260
2639.4 1817348
2639.9 1817152
2640.4 1817184
2640.9 1817264
2641.4 1817392
2641.9 1817104
2642.4 1816920
2642.9 1816920
2643.4 1816960
2643.9 1816944
2644.4 1816880
2644.9 1816584
2645.4 1816624
2645.9 1816500
2646.4 1816852
2646.9 1816948
2647.4 1816692
2647.9 1816868
2648.4 1817244
2648.9 1817348
2649.4 1817300
2649.9 1817492
2650.4 1816944
2650.9 1816940
2651.4 1817180
2651.9 1817380
2652.4 1817048
2652.9 1816900
2653.4 1816932
2653.9 1817472
2654.4 1817412
2654.9 1817548
2655.4 1816952
2655.9 1817040
2656.4 1816536
2656.9 1816728
2657.4 1816712
2657.9 1816816
2658.4 1817104
2658.9 1816904
2659.4 1816576
2659.9 1817068
2660.4 1816656
2660.9 1817040
2661.4 1816932
2661.9 1816940
2662.4 1817188
2662.9 1817460
2663.4 1817604
2663.9 1817064
2664.4 1816920
2664.9 1817112
2665.4 1816852
2665.9 1816728
2666.4 1816860
2666.9 1817048
2667.4 1817016
2667.9 1816716
2668.4 1816952
2668.9 1816708
2669.4 1816756
2669.9 1816852
2670.4 1817016
2670.9 1816820
2671.4 1816704
2671.9 1817184
2672.4 1817232
2672.9 1816960
2673.4 1816904
2673.9 1816752
2674.4 1816660
2674.9 1816564
2675.4 1816408
2675.9 1816512
2676.4 1816416
2676.9 1816700
2677.4 1816636
2677.9 1816652
2678.4 1816820
2678.9 1816692
2679.4 1816628
2679.9 1816724
2680.4 1816564
2680.9 1816364
2681.4 1816288
2681.9 1816096
2682.4 1816284
2682.9 1816292
2683.4 1816604
2683.9 1816324
2684.4 1816204
2684.9 1816312
2685.4 1816296
2685.9 1816392
2686.4 1816444
2686.9 1816632
2687.4 1816728
2687.9 1816780
2688.4 1816620
2688.9 1816716
2689.4 1816388
2689.9 1816772
2690.4 1817036
2690.9 1816924
2691.4 1816684
2691.9 1816588
2692.4 1816640
2692.9 1816944
2693.4 1816824
2693.9 1816808
2694.4 1816936
2694.9 1816524
2695.4 1816484
2695.9 1816540
2696.4 1816948
2696.9 1816640
2697.4 1816764
2697.9 1816596
2698.4 1816892
2698.9 1816812
2699.4 1816864
2699.9 1816516
2700.4 1816820
2700.9 1816804
2701.4 1816588
2701.9 1816980
2702.4 1817028
2702.9 1816940
2703.4 1816700
2703.9 1816460
2704.4 1816028
2704.9 1816512
2705.4 1816932
2705.9 1817028
2706.4 1817188
2706.9 1816680
2707.4 1816936
2707.9 1816552
2708.4 1816520
2708.9 1816424
2709.4 1816852
2709.9 1816820
2710.4 1817004
2710.9 1816964
2711.4 1817012
2711.9 1816428
2712.4 1816376
2712.9 1816276
2713.4 1816412
2713.9 1816592
2714.4 1816652
2714.9 1816544
2715.4 1816828
2715.9 1816892
2716.4 1817092
2716.9 1817172
2717.4 1816976
2717.9 1816628
2718.4 1816544
2718.9 1816712
2719.4 1816896
2719.9 1816236
2720.4 1816512
2720.9 1816224
2721.4 1816360
2721.9 1816472
2722.4 1816540
2722.9 1816364
2723.4 1816704
2723.9 1816748
2724.4 1816492
2724.9 1816196
2725.4 1816552
2725.9 1816760
2726.4 1816576
2726.9 1816480
2727.4 1816728
2727.9 1816664
2728.4 1817072
2728.9 1817104
2729.4 1816896
2729.9 1816992
2730.4 1817552
2730.9 1817272
2731.4 1816752
2731.9 1817212
2732.4 1817380
2732.9 1817608
2733.4 1817412
2733.9 1817444
2734.4 1817096
2734.9 1816748
2735.4 1816636
2735.9 1816740
2736.4 1816804
2736.9 1816804
2737.4 1816804
2737.9 1816492
2738.4 1816492
2738.9 1816428
2739.4 1816332
2739.9 1816356
2740.4 1816452
2740.9 1816452
2741.4 1816596
2741.9 1816724
2742.4 1816700
2742.9 1816436
2743.4 1816384
2743.9 1816336
2744.4 1816432
2744.9 1816240
2745.4 1816488
2745.9 1816580
2746.4 1816492
2746.9 1816532
2747.4 1816452
2747.9 1816072
2748.4 1816124
2748.9 1816228
2749.4 1816532
2749.9 1816512
2750.4 1816256
2750.9 1816416
2751.4 1816784
2751.9 1816704
2752.4 1815972
2752.9 1814920
2753.4 1814628
2753.9 1812720
2754.4 1811396
2754.9 1810464
2755.4 1809928
2755.9 1809676
2756.4 1809676
2756.9 1809676
2757.4 1809676
2757.9 1809644
2758.4 1809644
2759.0 1809636
2759.5 1809636
2760.0 1809636
2760.5 1809636
2761.0 1809636
2761.5 1809636
2762.0 1809668
2762.5 1809636
2763.0 1809636
2763.5 1809636
2764.0 1809636
2764.5 1809636
2765.0 1809636
2765.5 1809636
2766.0 1809636
2766.5 1809636
2767.0 1809636
2767.5 1809636
2768.0 1809604
2768.5 1809668
2769.0 1809668
2769.5 1809668
2770.0 1809668
2770.5 1809668
2771.1 1809668
2771.6 1809668
2772.1 1809636
2772.6 1809636
2773.1 1809636
2773.6 1809636
2774.1 1809636
2774.6 1809636
2775.1 1809636
2775.6 1809636
2776.1 1809700
2776.6 1809668
2777.6 1809668
2778.1 1809668
2779.7 1809668
2780.2 1809668
2780.8 1809668
2781.3 1809668
2781.8 1809668
2782.3 1809668
2782.8 1809636
2783.8 1809636
2784.3 1809636
2785.5 1809636
2786.7 1809416
2787.4 1809416
2788.8 1809416
2789.3 1809416
2789.8 1809416
2790.3 1809384
2790.8 1808880
2791.3 1808880
2791.8 1808880
2792.3 1808880
2792.8 1808376
2793.3 1808376
2793.8 1808376
2794.3 1808376
2794.8 1808408
2795.3 1808408
2795.8 1808408
2796.3 1808408
2796.9 1808408
2797.4 1808408
2797.9 1808408
2798.4 1808408
2798.9 1808156
2799.4 1808156
2799.9 1808156
2800.4 1808124
2800.9 1808124
2801.4 1808124
2801.9 1808124
2802.4 1808156
2802.9 1808156
2803.4 1808156
2803.9 1808156
2804.4 1808124
2804.9 1808124
2805.4 1808124
2805.9 1808124
2806.4 1808124
2806.9 1808124
2807.4 1808124
2807.9 1808124
2808.4 1808124
2808.9 1808124
2809.4 1807904
2811.5 1807904
2812.0 1807904
2812.5 1807904
2813.0 1807904
2813.5 1807904
2815.0 1807904
2815.5 1807904
2816.8 1807872
2817.3 1807872
2817.8 1807872
2818.3 1807872
2819.6 1807872
2820.7 1807872
2821.2 1807904
2821.7 1807904
2822.2 1807904
2824.5 1807872
2825.0 1807872
2825.5 1807872
2826.0 1807872
2828.0 1807872
2828.6 1807872
2830.4 1807872
2830.9 1807872
2831.4 1807872
2831.9 1807872
2835.6 1807904
2837.5 1807904
2841.1 1807904
2842.1 1807904
2843.1 1807904
2843.7 1807904
2844.2 1807872
2846.0 1807872
2846.5 1807872
2847.0 1807872
2847.5 1807872
2849.7 1807872
2850.2 1807872
2853.8 1807936
2855.6 1807904
2856.1 1807904
2857.1 1807904
2857.6 1807904
2858.6 1807904
2859.1 1807904
2859.6 1807904
2860.1 1807904
2862.0 1807872
2863.8 1807872
2864.3 1807872
2864.8 1807872
2865.3 1807904
2865.8 1807904
2866.3 1807904
2866.8 1807904
2868.1 1807872
2870.0 1807872
2870.5 1807872
2871.0 1807872
2871.5 1807872
2872.0 1807872
2872.5 1807872
2873.0 1807872
2873.5 1807872
2875.3 1807904
2877.0 1807904
2877.5 1807904
2878.6 1807904
2879.1 1807904
2880.3 1807904
2880.8 1807904
2881.3 1807904
2882.5 1807904
2883.8 1807872
2884.4 1807872
2884.9 1807872
2885.4 1807872
2885.9 1807872
2886.4 1807904
2887.3 1807904
2888.3 1807904
2888.8 1807904
2890.4 1807904
2890.9 1807872
2893.4 1807872
2893.9 1807872
2894.4 1807872
2894.9 1807872
2895.4 1807872
2896.1 1807872
2896.6 1807840
2897.1 1807904
2897.6 1807904
2899.9 1807904
2901.8 1807904
2905.5 1807904
2909.3 1807904
2911.2 1807872
2911.7 1807872
2912.2 1807872
2914.0 1807872
2914.5 1807872
2916.4 1807872
2919.5 1807904
2921.4 1807904
2923.7 1807872
2924.2 1807872
2925.0 1807872
2926.9 1807872
2930.5 1807872
2931.0 1807872
2931.5 1807872
2932.0 1807872
2932.5 1807840
2933.0 1807840
2933.5 1807904
2935.5 1807904
2936.0 1807904
2936.5 1807904
2937.2 1807904
2937.7 1807904
2938.2 1807904
2938.7 1807872
2939.9 1807872
2941.7 1807872
2942.2 1807872
2942.7 1807872
2944.7 1807872
2946.7 1807872
2948.7 1807936
2950.7 1807904
2952.5 1807904
2953.0 1807904
2953.5 1807904
2954.0 1807904
2954.5 1807904
2956.5 1807904
2957.0 1807904
2958.9 1807872
2960.7 1807872
2962.7 1807872
2966.3 1807904
2968.2 1807904
2971.1 1807904
2971.6 1807904
2972.4 1807904
2972.9 1807872
2973.4 1807872
2975.3 1807872
2975.9 1807872
2977.2 1807872
2977.7 1807872
2979.5 1807872
2981.3 1807904
2981.8 1807904
2983.5 1807904
2984.0 1807904
2984.6 1807904
2985.1 1807904
2985.7 1807904
2986.2 1807904
2986.8 1807904
2987.3 1807872
2992.0 1807872
2992.5 1807872
2993.0 1807872
2993.5 1807904
2994.0 1807904
2994.5 1807904
2996.3 1807904
2996.8 1807872
2997.4 1807872
2997.9 1807872
2999.1 1807872
2999.6 1807872
3000.1 1807872
